slope, srtm, tpi, twi, coarse, stream, hdist
0.16,0.46,0.7,0.2,0.73,0.72,0.4999166
0.16,0.46,0.7,0.2,0.72,0.72,0.5000419
0.16,0.47,0.7,0.2,0.72,0.72,0.5000968
0.17,0.46,0.7,0.2,0.72,0.72,0.5001306
0.16,0.47,0.71,0.2,0.72,0.72,0.5001352
0.16,0.47,0.71,0.21,0.72,0.72,0.500144
0.16,0.45,0.7,0.2,0.74,0.72,0.5001573
0.16,0.46,0.7,0.21,0.73,0.72,0.5001875
0.16,0.45,0.7,0.2,0.73,0.72,0.5001906
0.17,0.46,0.7,0.2,0.73,0.72,0.5002099
0.16,0.46,0.7,0.21,0.74,0.72,0.5002315
0.16,0.46,0.71,0.2,0.72,0.72,0.5002457
0.17,0.47,0.7,0.2,0.72,0.72,0.5002538
0.16,0.45,0.7,0.21,0.75,0.72,0.5002547
0.17,0.46,0.7,0.21,0.73,0.72,0.500275
0.16,0.45,0.7,0.2,0.75,0.72,0.5003112
0.16,0.46,0.7,0.21,0.72,0.71,0.5003203
0.16,0.46,0.7,0.2,0.74,0.72,0.5003206
0.17,0.45,0.7,0.2,0.73,0.72,0.5003206
0.16,0.45,0.7,0.21,0.74,0.72,0.5003351
0.16,0.44,0.7,0.2,0.74,0.72,0.5003394
0.16,0.46,0.71,0.21,0.73,0.72,0.5003423
0.18,0.47,0.7,0.21,0.72,0.72,0.5003647
0.18,0.46,0.7,0.2,0.72,0.72,0.500373
0.16,0.46,0.7,0.2,0.72,0.71,0.5003774
0.17,0.47,0.71,0.21,0.72,0.72,0.5003941
0.16,0.46,0.71,0.2,0.73,0.72,0.5003989
0.16,0.45,0.7,0.22,0.76,0.72,0.5003993
0.17,0.47,0.7,0.21,0.72,0.72,0.500402
0.16,0.46,0.7,0.21,0.72,0.72,0.5004191
0.17,0.46,0.7,0.21,0.74,0.72,0.5004214
0.16,0.44,0.7,0.2,0.75,0.72,0.500422
0.17,0.45,0.7,0.21,0.74,0.72,0.5004221
0.16,0.45,0.7,0.2,0.72,0.72,0.5004238
0.16,0.47,0.71,0.21,0.73,0.72,0.500429
0.16,0.46,0.71,0.22,0.74,0.72,0.500438
0.16,0.47,0.7,0.21,0.72,0.72,0.50044
0.18,0.47,0.7,0.2,0.72,0.72,0.5004445
0.17,0.47,0.71,0.2,0.72,0.72,0.5004507
0.16,0.47,0.71,0.22,0.73,0.72,0.5004511
0.16,0.47,0.7,0.21,0.73,0.72,0.5004571
0.16,0.47,0.7,0.2,0.73,0.72,0.5004652
0.18,0.46,0.7,0.21,0.73,0.72,0.5004683
0.17,0.45,0.7,0.2,0.74,0.72,0.5004737
0.16,0.45,0.7,0.22,0.75,0.72,0.5004779
0.16,0.44,0.7,0.21,0.75,0.72,0.5004826
0.16,0.45,0.7,0.21,0.76,0.72,0.500488
0.16,0.45,0.7,0.2,0.72,0.71,0.5004895
0.16,0.46,0.71,0.21,0.74,0.72,0.5004942
0.17,0.46,0.7,0.22,0.74,0.72,0.5004998
0.17,0.46,0.7,0.21,0.72,0.72,0.5005061
0.16,0.45,0.71,0.2,0.73,0.72,0.5005102
0.17,0.46,0.7,0.2,0.74,0.72,0.5005107
0.17,0.45,0.7,0.2,0.72,0.72,0.5005115
0.16,0.47,0.71,0.22,0.72,0.72,0.5005172
0.16,0.44,0.7,0.21,0.76,0.72,0.5005174
0.16,0.47,0.71,0.2,0.73,0.72,0.5005182
0.16,0.46,0.71,0.21,0.72,0.72,0.5005221
0.18,0.46,0.7,0.2,0.73,0.72,0.5005252
0.16,0.45,0.71,0.2,0.72,0.72,0.5005276
0.17,0.47,0.71,0.22,0.73,0.72,0.5005287
0.16,0.43,0.7,0.2,0.75,0.72,0.5005336
0.16,0.48,0.72,0.22,0.72,0.72,0.5005366
0.16,0.46,0.7,0.22,0.74,0.72,0.5005376
0.16,0.46,0.7,0.22,0.72,0.71,0.5005492
0.16,0.46,0.71,0.2,0.74,0.72,0.5005512
0.16,0.45,0.7,0.21,0.72,0.71,0.5005544
0.16,0.46,0.7,0.22,0.75,0.72,0.5005547
0.16,0.46,0.7,0.22,0.73,0.72,0.5005616
0.17,0.46,0.71,0.2,0.72,0.72,0.5005616
0.18,0.46,0.7,0.22,0.74,0.72,0.5005628
0.17,0.45,0.7,0.22,0.75,0.72,0.5005639
0.17,0.47,0.7,0.21,0.73,0.72,0.5005649
0.16,0.45,0.7,0.21,0.73,0.72,0.5005669
0.17,0.45,0.7,0.21,0.75,0.72,0.5005684
0.16,0.46,0.7,0.22,0.73,0.71,0.5005727
0.16,0.44,0.7,0.2,0.73,0.72,0.5005728
0.16,0.48,0.71,0.21,0.72,0.72,0.5005729
0.16,0.46,0.71,0.23,0.75,0.72,0.5005746
0.16,0.44,0.7,0.2,0.76,0.72,0.5005748
0.16,0.45,0.7,0.2,0.76,0.72,0.5005775
0.16,0.47,0.72,0.21,0.72,0.72,0.5005818
0.17,0.44,0.7,0.2,0.74,0.72,0.5005851
0.16,0.45,0.7,0.21,0.73,0.71,0.5005855
0.18,0.46,0.7,0.21,0.72,0.72,0.5005928
0.16,0.46,0.71,0.22,0.75,0.72,0.5005945
0.18,0.45,0.7,0.2,0.72,0.72,0.5005989
0.16,0.44,0.7,0.2,0.72,0.71,0.5006027
0.17,0.47,0.71,0.22,0.72,0.72,0.500603
0.16,0.45,0.71,0.21,0.74,0.72,0.5006049
0.17,0.46,0.71,0.21,0.72,0.72,0.5006085
0.16,0.48,0.7,0.2,0.72,0.72,0.5006101
0.17,0.47,0.71,0.21,0.73,0.72,0.5006174
0.16,0.47,0.72,0.22,0.72,0.72,0.5006188
0.18,0.46,0.7,0.21,0.74,0.72,0.5006194
0.16,0.44,0.7,0.22,0.76,0.72,0.5006244
0.16,0.48,0.72,0.21,0.72,0.72,0.5006253
0.17,0.45,0.7,0.2,0.75,0.72,0.5006258
0.16,0.43,0.7,0.21,0.76,0.72,0.5006302
0.16,0.46,0.7,0.21,0.75,0.72,0.5006314
0.16,0.45,0.7,0.23,0.76,0.72,0.5006347
0.17,0.46,0.7,0.22,0.72,0.71,0.5006358
0.18,0.45,0.7,0.2,0.73,0.72,0.5006364
0.17,0.46,0.7,0.21,0.72,0.71,0.500637
0.16,0.47,0.72,0.2,0.72,0.72,0.5006388
0.16,0.45,0.7,0.2,0.73,0.71,0.5006434
0.17,0.46,0.7,0.22,0.73,0.72,0.5006474
0.17,0.45,0.7,0.21,0.73,0.72,0.5006534
0.17,0.47,0.7,0.2,0.73,0.72,0.5006548
0.17,0.46,0.71,0.21,0.73,0.72,0.5006557
0.17,0.44,0.7,0.2,0.73,0.72,0.50066
0.16,0.45,0.71,0.2,0.74,0.72,0.5006623
0.17,0.45,0.7,0.22,0.76,0.72,0.5006624
0.16,0.46,0.7,0.21,0.73,0.71,0.5006626
0.16,0.48,0.71,0.2,0.72,0.72,0.5006626
0.16,0.46,0.71,0.22,0.73,0.72,0.5006633
0.16,0.45,0.71,0.21,0.73,0.72,0.5006694
0.17,0.48,0.71,0.22,0.72,0.72,0.5006715
0.17,0.45,0.71,0.2,0.72,0.72,0.5006734
0.16,0.47,0.72,0.22,0.73,0.72,0.5006753
0.16,0.44,0.71,0.2,0.73,0.72,0.500676
0.17,0.44,0.7,0.21,0.75,0.72,0.5006793
0.16,0.45,0.7,0.22,0.74,0.71,0.5006805
0.16,0.46,0.71,0.21,0.75,0.72,0.5006835
0.16,0.43,0.7,0.2,0.76,0.72,0.5006863
0.18,0.47,0.71,0.22,0.72,0.72,0.5006884
0.16,0.46,0.72,0.21,0.72,0.72,0.5006927
0.17,0.46,0.7,0.2,0.72,0.71,0.5006949
0.16,0.45,0.7,0.22,0.73,0.71,0.500697
0.17,0.48,0.72,0.23,0.72,0.72,0.5006982
0.16,0.45,0.71,0.22,0.75,0.72,0.5006987
0.18,0.46,0.7,0.2,0.74,0.72,0.5006998
0.16,0.48,0.72,0.23,0.72,0.72,0.5007018
0.18,0.47,0.7,0.22,0.72,0.72,0.5007031
0.16,0.44,0.7,0.21,0.73,0.71,0.5007033
0.17,0.45,0.7,0.23,0.76,0.72,0.5007038
0.18,0.47,0.71,0.21,0.72,0.72,0.5007064
0.17,0.47,0.71,0.2,0.73,0.72,0.500707
0.16,0.45,0.7,0.22,0.74,0.72,0.5007083
0.17,0.48,0.7,0.21,0.72,0.72,0.5007088
0.16,0.48,0.71,0.22,0.72,0.72,0.5007093
0.17,0.46,0.71,0.2,0.73,0.72,0.500713
0.16,0.44,0.7,0.21,0.74,0.72,0.5007147
0.16,0.48,0.72,0.2,0.72,0.72,0.5007148
0.16,0.48,0.7,0.21,0.72,0.72,0.5007172
0.18,0.47,0.7,0.22,0.73,0.72,0.5007193
0.17,0.45,0.7,0.21,0.76,0.72,0.5007194
0.16,0.46,0.7,0.2,0.75,0.72,0.5007213
0.16,0.43,0.7,0.2,0.74,0.72,0.5007217
0.17,0.48,0.72,0.22,0.72,0.72,0.5007257
0.16,0.47,0.71,0.23,0.72,0.71,0.5007259
0.17,0.46,0.7,0.22,0.75,0.72,0.5007294
0.18,0.45,0.7,0.21,0.74,0.72,0.5007299
0.16,0.47,0.72,0.21,0.73,0.72,0.500732
0.18,0.46,0.7,0.22,0.73,0.72,0.500733
0.16,0.47,0.7,0.22,0.72,0.71,0.5007334
0.16,0.47,0.71,0.22,0.74,0.72,0.5007368
0.17,0.44,0.7,0.2,0.75,0.72,0.500737
0.16,0.45,0.7,0.21,0.74,0.71,0.5007381
0.18,0.45,0.7,0.21,0.73,0.72,0.5007396
0.17,0.47,0.7,0.22,0.72,0.72,0.5007415
0.18,0.44,0.7,0.2,0.73,0.72,0.5007485
0.17,0.46,0.71,0.22,0.73,0.72,0.5007486
0.17,0.46,0.71,0.22,0.74,0.72,0.5007487
0.17,0.45,0.7,0.21,0.72,0.71,0.5007491
0.17,0.47,0.71,0.23,0.73,0.72,0.5007497
0.16,0.46,0.72,0.2,0.72,0.72,0.5007502
0.18,0.47,0.7,0.21,0.73,0.72,0.500753
0.16,0.46,0.7,0.2,0.73,0.71,0.5007535
0.16,0.45,0.71,0.21,0.75,0.72,0.5007557
0.16,0.44,0.7,0.2,0.73,0.71,0.5007564
0.17,0.47,0.7,0.22,0.73,0.72,0.5007575
0.16,0.47,0.72,0.23,0.73,0.72,0.5007581
0.17,0.48,0.71,0.21,0.72,0.72,0.5007607
0.17,0.46,0.7,0.22,0.73,0.71,0.5007617
0.18,0.47,0.71,0.2,0.72,0.72,0.5007638
0.17,0.45,0.71,0.21,0.73,0.72,0.5007669
0.16,0.47,0.72,0.23,0.74,0.72,0.500768
0.16,0.46,0.71,0.22,0.72,0.71,0.5007684
0.16,0.47,0.71,0.22,0.72,0.71,0.5007693
0.17,0.44,0.7,0.22,0.76,0.72,0.5007725
0.16,0.46,0.71,0.2,0.75,0.72,0.5007732
0.16,0.44,0.71,0.2,0.74,0.72,0.5007742
0.16,0.45,0.7,0.23,0.75,0.71,0.5007745
0.16,0.47,0.7,0.21,0.74,0.72,0.5007746
0.17,0.46,0.7,0.23,0.73,0.71,0.5007767
0.17,0.45,0.7,0.2,0.76,0.72,0.500777
0.16,0.47,0.7,0.22,0.72,0.72,0.5007804
0.16,0.46,0.72,0.22,0.73,0.72,0.5007857
0.18,0.45,0.7,0.2,0.74,0.72,0.5007877
0.16,0.47,0.71,0.23,0.73,0.72,0.5007882
0.16,0.47,0.72,0.2,0.73,0.72,0.5007894
0.16,0.45,0.71,0.23,0.76,0.72,0.5007915
0.16,0.46,0.7,0.22,0.72,0.72,0.5007934
0.17,0.45,0.7,0.22,0.74,0.72,0.5007937
0.16,0.47,0.7,0.22,0.73,0.72,0.5007962
0.16,0.45,0.7,0.2,0.74,0.71,0.5007965
0.16,0.42,0.7,0.2,0.76,0.72,0.5007986
0.18,0.47,0.71,0.22,0.73,0.72,0.5007988
0.17,0.48,0.7,0.2,0.72,0.72,0.5007991
0.16,0.45,0.7,0.21,0.72,0.72,0.5008002
0.17,0.44,0.7,0.21,0.74,0.72,0.5008007
0.16,0.46,0.71,0.23,0.74,0.72,0.500803
0.16,0.47,0.71,0.23,0.74,0.72,0.5008041
0.17,0.46,0.71,0.21,0.74,0.72,0.5008058
0.16,0.47,0.7,0.21,0.72,0.71,0.5008075
0.17,0.45,0.7,0.2,0.72,0.71,0.5008075
0.16,0.44,0.7,0.2,0.72,0.72,0.5008076
0.17,0.43,0.7,0.2,0.74,0.72,0.5008083
0.16,0.45,0.71,0.22,0.74,0.72,0.5008095
0.16,0.47,0.7,0.22,0.74,0.72,0.5008122
0.17,0.48,0.72,0.21,0.72,0.72,0.5008123
0.16,0.45,0.71,0.2,0.75,0.72,0.5008135
0.16,0.46,0.7,0.23,0.73,0.71,0.5008135
0.16,0.44,0.71,0.21,0.74,0.72,0.5008166
0.18,0.46,0.71,0.21,0.72,0.72,0.5008173
0.17,0.46,0.7,0.21,0.75,0.72,0.500819
0.18,0.45,0.7,0.22,0.75,0.72,0.5008225
0.16,0.47,0.72,0.22,0.74,0.72,0.5008245
0.17,0.45,0.71,0.2,0.73,0.72,0.5008248
0.16,0.46,0.71,0.21,0.72,0.71,0.5008261
0.16,0.47,0.71,0.21,0.74,0.72,0.5008262
0.18,0.46,0.7,0.23,0.75,0.72,0.5008266
0.18,0.47,0.71,0.23,0.73,0.72,0.5008267
0.17,0.44,0.7,0.21,0.76,0.72,0.5008299
0.16,0.45,0.7,0.22,0.75,0.71,0.5008319
0.17,0.47,0.71,0.23,0.74,0.72,0.5008339
0.17,0.47,0.72,0.22,0.72,0.72,0.5008357
0.17,0.46,0.7,0.23,0.74,0.72,0.5008366
0.16,0.45,0.7,0.23,0.74,0.71,0.500838
0.17,0.46,0.71,0.23,0.75,0.72,0.5008409
0.16,0.48,0.72,0.23,0.73,0.72,0.5008416
0.17,0.45,0.7,0.22,0.73,0.71,0.5008428
0.16,0.46,0.72,0.21,0.73,0.72,0.5008429
0.18,0.47,0.7,0.2,0.73,0.72,0.5008432
0.16,0.44,0.7,0.22,0.74,0.71,0.5008447
0.16,0.45,0.7,0.23,0.75,0.72,0.5008482
0.16,0.45,0.71,0.22,0.76,0.72,0.5008483
0.17,0.43,0.7,0.2,0.75,0.72,0.5008491
0.16,0.44,0.7,0.21,0.74,0.71,0.5008504
0.17,0.48,0.71,0.2,0.72,0.72,0.5008507
0.17,0.46,0.7,0.21,0.73,0.71,0.500852
0.17,0.46,0.7,0.23,0.75,0.72,0.5008524
0.16,0.48,0.73,0.23,0.72,0.72,0.5008543
0.16,0.44,0.7,0.22,0.75,0.72,0.5008551
0.18,0.47,0.71,0.21,0.73,0.72,0.5008559
0.18,0.48,0.71,0.22,0.72,0.72,0.5008579
0.16,0.47,0.71,0.21,0.72,0.71,0.5008595
0.16,0.46,0.71,0.23,0.73,0.71,0.5008616
0.16,0.43,0.7,0.21,0.75,0.72,0.5008625
0.16,0.45,0.72,0.2,0.72,0.72,0.5008625
0.17,0.46,0.71,0.2,0.74,0.72,0.5008636
0.16,0.47,0.7,0.2,0.74,0.72,0.5008651
0.16,0.44,0.71,0.21,0.75,0.72,0.500867
0.16,0.43,0.7,0.2,0.73,0.71,0.5008702
0.16,0.42,0.7,0.2,0.75,0.72,0.5008703
0.18,0.46,0.7,0.23,0.74,0.72,0.5008716
0.17,0.47,0.7,0.22,0.74,0.72,0.5008717
0.18,0.46,0.71,0.2,0.72,0.72,0.5008752
0.16,0.46,0.7,0.23,0.74,0.72,0.5008755
0.17,0.46,0.7,0.22,0.72,0.72,0.5008785
0.18,0.45,0.7,0.22,0.74,0.72,0.5008788
0.16,0.48,0.71,0.22,0.73,0.72,0.5008794
0.18,0.45,0.7,0.21,0.75,0.72,0.50088
0.16,0.47,0.72,0.21,0.74,0.72,0.5008816
0.16,0.46,0.7,0.23,0.74,0.71,0.5008817
0.16,0.46,0.71,0.2,0.72,0.71,0.5008844
0.17,0.45,0.7,0.21,0.72,0.72,0.5008861
0.18,0.44,0.7,0.21,0.74,0.72,0.5008864
0.16,0.43,0.71,0.2,0.74,0.72,0.500887
0.17,0.46,0.71,0.23,0.74,0.72,0.5008871
0.16,0.47,0.71,0.23,0.72,0.72,0.5008874
0.17,0.44,0.7,0.2,0.76,0.72,0.500888
0.16,0.46,0.7,0.23,0.75,0.72,0.5008912
0.17,0.47,0.72,0.21,0.72,0.72,0.5008929
0.18,0.46,0.7,0.22,0.72,0.71,0.5008932
0.17,0.44,0.7,0.2,0.72,0.72,0.5008941
0.17,0.45,0.71,0.22,0.74,0.72,0.5008943
0.16,0.46,0.71,0.22,0.72,0.72,0.5008946
0.16,0.47,0.72,0.24,0.74,0.72,0.5008959
0.18,0.48,0.7,0.21,0.72,0.72,0.5008963
0.17,0.46,0.71,0.22,0.75,0.72,0.5008977
0.16,0.46,0.71,0.24,0.76,0.72,0.5008984
0.16,0.47,0.7,0.2,0.72,0.71,0.5008988
0.16,0.46,0.71,0.23,0.76,0.72,0.5008992
0.18,0.44,0.7,0.2,0.74,0.72,0.5008995
0.16,0.46,0.72,0.2,0.73,0.72,0.5009007
0.17,0.45,0.7,0.21,0.73,0.71,0.5009009
0.16,0.45,0.71,0.21,0.72,0.72,0.5009021
0.17,0.48,0.72,0.2,0.72,0.72,0.5009021
0.16,0.46,0.72,0.23,0.74,0.72,0.5009028
0.17,0.47,0.7,0.22,0.72,0.71,0.5009056
0.16,0.45,0.71,0.21,0.76,0.72,0.5009058
0.16,0.46,0.7,0.23,0.76,0.72,0.5009069
0.16,0.44,0.7,0.2,0.74,0.71,0.5009091
0.18,0.46,0.71,0.22,0.73,0.72,0.5009091
0.17,0.46,0.7,0.2,0.75,0.72,0.5009092
0.16,0.44,0.71,0.2,0.72,0.72,0.5009102
0.16,0.48,0.73,0.22,0.72,0.72,0.5009111
0.17,0.47,0.71,0.23,0.72,0.71,0.5009114
0.18,0.47,0.71,0.2,0.73,0.72,0.5009138
0.18,0.45,0.7,0.23,0.76,0.72,0.5009142
0.18,0.46,0.7,0.22,0.75,0.72,0.5009156
0.16,0.46,0.7,0.23,0.72,0.7,0.5009159
0.16,0.47,0.71,0.2,0.74,0.72,0.5009163
0.17,0.45,0.71,0.21,0.74,0.72,0.5009169
0.16,0.48,0.7,0.21,0.73,0.72,0.5009184
0.16,0.45,0.7,0.21,0.75,0.71,0.5009188
0.16,0.46,0.71,0.22,0.73,0.71,0.5009191
0.17,0.44,0.7,0.2,0.72,0.71,0.5009211
0.17,0.47,0.71,0.22,0.74,0.72,0.5009226
0.16,0.46,0.7,0.23,0.72,0.71,0.5009231
0.16,0.44,0.71,0.2,0.75,0.72,0.5009253
0.17,0.47,0.72,0.23,0.73,0.72,0.500927
0.16,0.48,0.72,0.22,0.73,0.72,0.5009303
0.16,0.45,0.7,0.22,0.72,0.71,0.5009304
0.17,0.45,0.7,0.23,0.75,0.72,0.5009324
0.16,0.46,0.7,0.23,0.73,0.72,0.5009329
0.16,0.46,0.72,0.22,0.74,0.72,0.5009347
0.17,0.45,0.7,0.23,0.74,0.71,0.5009355
0.17,0.44,0.71,0.2,0.73,0.72,0.5009372
0.16,0.46,0.7,0.22,0.76,0.72,0.5009377
0.18,0.45,0.7,0.2,0.75,0.72,0.5009382
0.16,0.44,0.7,0.21,0.72,0.71,0.5009383
0.16,0.45,0.71,0.21,0.72,0.71,0.5009388
0.17,0.44,0.7,0.22,0.75,0.72,0.5009399
0.16,0.45,0.7,0.22,0.73,0.72,0.5009403
0.16,0.46,0.71,0.24,0.75,0.72,0.500941
0.17,0.43,0.7,0.21,0.76,0.72,0.5009414
0.17,0.46,0.7,0.2,0.73,0.71,0.5009432
0.16,0.44,0.7,0.22,0.75,0.71,0.5009435
0.16,0.48,0.73,0.24,0.73,0.72,0.5009452
0.16,0.43,0.7,0.2,0.72,0.71,0.5009468
0.18,0.48,0.71,0.21,0.72,0.72,0.5009473
0.17,0.43,0.7,0.21,0.75,0.72,0.5009479
0.16,0.45,0.71,0.23,0.75,0.72,0.5009481
0.16,0.44,0.7,0.21,0.73,0.72,0.5009483
0.16,0.47,0.71,0.2,0.72,0.71,0.5009507
0.17,0.47,0.72,0.2,0.72,0.72,0.5009507
0.18,0.46,0.7,0.21,0.72,0.71,0.5009513
0.16,0.46,0.71,0.24,0.74,0.71,0.5009538
0.16,0.45,0.72,0.21,0.73,0.72,0.5009546
0.17,0.46,0.71,0.21,0.75,0.72,0.5009552
0.16,0.44,0.71,0.22,0.75,0.72,0.5009557
0.16,0.43,0.7,0.2,0.73,0.72,0.5009567
0.16,0.44,0.71,0.22,0.76,0.72,0.5009589
0.17,0.45,0.7,0.2,0.73,0.71,0.5009596
0.17,0.47,0.7,0.21,0.74,0.72,0.5009617
0.17,0.42,0.7,0.2,0.75,0.72,0.5009621
0.16,0.43,0.7,0.21,0.74,0.71,0.5009635
0.18,0.46,0.7,0.22,0.72,0.72,0.5009635
0.16,0.45,0.71,0.2,0.76,0.72,0.5009638
0.16,0.49,0.73,0.24,0.72,0.72,0.5009644
0.18,0.46,0.71,0.21,0.73,0.72,0.5009666
0.18,0.48,0.71,0.23,0.72,0.72,0.500967
0.16,0.47,0.72,0.2,0.74,0.72,0.5009675
0.16,0.48,0.73,0.21,0.72,0.72,0.5009684
0.17,0.47,0.71,0.22,0.72,0.71,0.500969
0.16,0.48,0.71,0.21,0.73,0.72,0.5009693
0.18,0.45,0.7,0.22,0.76,0.72,0.5009713
0.17,0.47,0.71,0.23,0.72,0.72,0.5009715
0.18,0.45,0.7,0.21,0.72,0.72,0.5009717
0.16,0.46,0.7,0.22,0.74,0.71,0.5009718
0.17,0.45,0.71,0.2,0.74,0.72,0.5009751
0.18,0.48,0.72,0.23,0.72,0.72,0.5009763
0.18,0.48,0.7,0.22,0.72,0.72,0.5009764
0.16,0.45,0.7,0.24,0.75,0.71,0.5009771
0.16,0.46,0.71,0.21,0.73,0.71,0.5009771
0.16,0.43,0.71,0.21,0.75,0.72,0.5009792
0.17,0.46,0.71,0.22,0.72,0.72,0.5009792
0.18,0.44,0.7,0.2,0.72,0.72,0.5009805
0.16,0.49,0.72,0.23,0.72,0.72,0.5009835
0.17,0.47,0.72,0.22,0.73,0.72,0.5009839
0.16,0.44,0.7,0.23,0.75,0.71,0.5009845
0.18,0.46,0.7,0.23,0.73,0.71,0.5009852
0.16,0.45,0.7,0.24,0.76,0.72,0.5009864
0.18,0.48,0.7,0.2,0.72,0.72,0.5009869
0.16,0.47,0.72,0.23,0.72,0.72,0.5009871
0.17,0.45,0.71,0.21,0.72,0.72,0.5009874
0.18,0.45,0.71,0.2,0.72,0.72,0.5009875
0.16,0.46,0.71,0.22,0.76,0.72,0.5009883
0.18,0.44,0.7,0.21,0.75,0.72,0.5009911
0.16,0.46,0.72,0.21,0.74,0.72,0.5009922
0.17,0.45,0.7,0.22,0.74,0.71,0.5009933
0.16,0.44,0.7,0.23,0.76,0.72,0.5009938
0.17,0.46,0.71,0.24,0.76,0.72,0.5009946
0.16,0.46,0.72,0.22,0.72,0.72,0.5009951
0.17,0.44,0.71,0.2,0.72,0.72,0.5009961
0.17,0.47,0.7,0.21,0.72,0.71,0.5009963
0.16,0.45,0.71,0.2,0.72,0.71,0.5009976
0.18,0.46,0.71,0.23,0.74,0.72,0.5009999
0.17,0.43,0.7,0.2,0.76,0.72,0.501
0.16,0.48,0.73,0.23,0.73,0.72,0.5010016
0.16,0.43,0.7,0.22,0.76,0.72,0.5010018
0.16,0.44,0.7,0.21,0.75,0.71,0.5010018
0.16,0.47,0.72,0.24,0.75,0.72,0.501002
0.18,0.47,0.7,0.23,0.72,0.71,0.5010027
0.16,0.45,0.72,0.21,0.72,0.72,0.5010034
0.17,0.46,0.72,0.21,0.72,0.72,0.5010042
0.18,0.46,0.7,0.21,0.75,0.72,0.5010054
0.17,0.48,0.71,0.23,0.72,0.72,0.5010059
0.16,0.46,0.7,0.22,0.72,0.7,0.5010069
0.17,0.46,0.7,0.23,0.72,0.71,0.5010079
0.17,0.45,0.71,0.22,0.75,0.72,0.5010081
0.16,0.48,0.7,0.2,0.73,0.72,0.5010092
0.16,0.45,0.7,0.2,0.75,0.71,0.5010101
0.18,0.46,0.7,0.2,0.72,0.71,0.5010101
0.16,0.42,0.7,0.21,0.76,0.72,0.5010102
0.16,0.46,0.71,0.23,0.74,0.71,0.5010109
0.17,0.48,0.72,0.24,0.73,0.72,0.5010116
0.16,0.44,0.72,0.2,0.72,0.72,0.5010121
0.17,0.47,0.71,0.21,0.74,0.72,0.5010123
0.18,0.43,0.7,0.2,0.74,0.72,0.5010124
0.16,0.45,0.72,0.2,0.73,0.72,0.5010129
0.17,0.46,0.71,0.2,0.75,0.72,0.5010133
0.17,0.44,0.7,0.21,0.73,0.71,0.5010137
0.17,0.48,0.7,0.22,0.72,0.72,0.5010154
0.17,0.45,0.7,0.22,0.72,0.71,0.5010159
0.16,0.45,0.7,0.22,0.72,0.7,0.5010162
0.18,0.45,0.7,0.23,0.75,0.72,0.5010163
0.16,0.44,0.71,0.21,0.76,0.72,0.5010168
0.17,0.46,0.7,0.23,0.73,0.72,0.501017
0.17,0.47,0.72,0.24,0.74,0.72,0.5010174
0.18,0.47,0.71,0.23,0.74,0.72,0.5010183
0.16,0.41,0.7,0.2,0.76,0.72,0.5010191
0.16,0.48,0.72,0.21,0.73,0.72,0.5010199
0.17,0.48,0.71,0.23,0.73,0.72,0.5010208
0.16,0.47,0.73,0.22,0.72,0.72,0.5010216
0.16,0.49,0.71,0.22,0.72,0.72,0.5010222
0.16,0.43,0.7,0.2,0.74,0.71,0.5010227
0.16,0.46,0.71,0.23,0.72,0.71,0.5010238
0.17,0.46,0.71,0.24,0.75,0.72,0.501024
0.17,0.44,0.7,0.21,0.72,0.71,0.5010244
0.18,0.44,0.7,0.22,0.75,0.72,0.5010244
0.18,0.46,0.71,0.2,0.73,0.72,0.5010249
0.17,0.45,0.7,0.22,0.73,0.72,0.501025
0.16,0.46,0.72,0.23,0.75,0.72,0.5010255
0.17,0.48,0.72,0.23,0.73,0.72,0.5010257
0.16,0.48,0.73,0.2,0.72,0.72,0.5010264
0.16,0.46,0.7,0.21,0.76,0.72,0.5010278
0.17,0.44,0.71,0.21,0.74,0.72,0.5010287
0.18,0.45,0.7,0.21,0.76,0.72,0.5010292
0.17,0.48,0.7,0.22,0.73,0.72,0.5010306
0.16,0.45,0.71,0.22,0.73,0.71,0.5010312
0.17,0.45,0.71,0.23,0.75,0.72,0.5010317
0.16,0.45,0.71,0.22,0.72,0.71,0.5010319
0.16,0.46,0.71,0.23,0.73,0.72,0.5010327
0.17,0.47,0.7,0.23,0.72,0.71,0.5010329
0.17,0.46,0.7,0.23,0.76,0.72,0.5010331
0.18,0.48,0.72,0.22,0.72,0.72,0.5010335
0.17,0.44,0.7,0.21,0.73,0.72,0.5010336
0.16,0.49,0.73,0.23,0.72,0.72,0.5010338
0.17,0.43,0.7,0.2,0.72,0.71,0.5010354
0.16,0.44,0.7,0.23,0.76,0.71,0.5010355
0.16,0.48,0.72,0.24,0.72,0.72,0.5010357
0.16,0.46,0.71,0.2,0.73,0.71,0.5010358
0.16,0.43,0.71,0.2,0.75,0.72,0.5010378
0.18,0.48,0.71,0.2,0.72,0.72,0.5010378
0.18,0.47,0.7,0.23,0.72,0.72,0.501039
0.16,0.46,0.72,0.24,0.75,0.72,0.5010395
0.16,0.47,0.71,0.23,0.75,0.72,0.5010404
0.16,0.45,0.71,0.22,0.73,0.72,0.5010409
0.17,0.47,0.72,0.21,0.73,0.72,0.5010415
0.17,0.43,0.7,0.2,0.73,0.72,0.5010428
0.18,0.46,0.7,0.22,0.73,0.71,0.501043
0.16,0.45,0.7,0.24,0.76,0.71,0.5010443
0.16,0.48,0.71,0.23,0.72,0.72,0.5010451
0.16,0.45,0.72,0.22,0.74,0.72,0.5010458
0.17,0.47,0.71,0.21,0.72,0.71,0.5010476
0.16,0.44,0.71,0.21,0.73,0.72,0.5010496
0.18,0.44,0.7,0.2,0.75,0.72,0.5010497
0.16,0.46,0.72,0.2,0.74,0.72,0.5010504
0.16,0.48,0.72,0.24,0.73,0.72,0.5010505
0.17,0.45,0.7,0.21,0.74,0.71,0.5010516
0.16,0.44,0.71,0.21,0.72,0.71,0.5010523
0.17,0.47,0.7,0.2,0.74,0.72,0.5010524
0.18,0.47,0.7,0.23,0.73,0.72,0.5010539
0.16,0.48,0.7,0.22,0.72,0.72,0.5010549
0.18,0.47,0.71,0.23,0.72,0.72,0.5010552
0.16,0.43,0.7,0.22,0.75,0.71,0.5010561
0.18,0.46,0.71,0.22,0.74,0.72,0.5010572
0.18,0.47,0.7,0.22,0.74,0.72,0.5010573
0.16,0.48,0.73,0.22,0.73,0.72,0.5010586
0.16,0.43,0.71,0.2,0.73,0.72,0.5010587
0.18,0.47,0.71,0.24,0.74,0.72,0.5010593
0.16,0.48,0.71,0.2,0.73,0.72,0.5010599
0.16,0.48,0.71,0.23,0.73,0.72,0.50106
0.17,0.45,0.7,0.24,0.75,0.71,0.5010608
0.16,0.44,0.7,0.2,0.75,0.71,0.501061
0.16,0.45,0.7,0.23,0.72,0.7,0.5010612
0.16,0.49,0.7,0.21,0.72,0.72,0.5010623
0.17,0.46,0.72,0.2,0.72,0.72,0.5010625
0.16,0.46,0.7,0.21,0.74,0.71,0.5010627
0.17,0.48,0.72,0.24,0.72,0.72,0.5010628
0.16,0.47,0.71,0.24,0.72,0.71,0.501063
0.18,0.46,0.71,0.22,0.72,0.72,0.5010635
0.18,0.45,0.7,0.21,0.72,0.71,0.5010639
0.17,0.48,0.71,0.22,0.73,0.72,0.5010647
0.17,0.45,0.71,0.21,0.75,0.72,0.501066
0.17,0.46,0.7,0.23,0.74,0.71,0.5010682
0.16,0.46,0.71,0.22,0.74,0.71,0.5010688
0.18,0.47,0.7,0.23,0.74,0.72,0.501069
0.17,0.45,0.7,0.24,0.76,0.72,0.5010694
0.16,0.48,0.7,0.22,0.73,0.72,0.5010699
0.16,0.45,0.7,0.23,0.73,0.71,0.50107
0.17,0.47,0.72,0.23,0.72,0.72,0.5010707
0.18,0.45,0.71,0.21,0.72,0.72,0.5010724
0.16,0.47,0.7,0.23,0.72,0.71,0.5010726
0.16,0.49,0.72,0.22,0.72,0.72,0.5010726
0.17,0.44,0.7,0.2,0.73,0.71,0.5010729
0.17,0.47,0.72,0.23,0.74,0.72,0.5010741
0.16,0.45,0.7,0.21,0.72,0.7,0.5010753
0.16,0.44,0.71,0.2,0.76,0.72,0.5010754
0.16,0.47,0.71,0.23,0.73,0.71,0.5010756
0.17,0.44,0.7,0.23,0.76,0.72,0.5010775
0.16,0.47,0.71,0.24,0.73,0.71,0.501078
0.16,0.46,0.71,0.21,0.76,0.72,0.5010782
0.18,0.45,0.71,0.21,0.73,0.72,0.5010783
0.16,0.44,0.7,0.22,0.73,0.71,0.5010784
0.16,0.48,0.73,0.24,0.72,0.72,0.5010784
0.17,0.47,0.7,0.23,0.72,0.72,0.5010784
0.16,0.45,0.7,0.23,0.74,0.72,0.5010788
0.16,0.47,0.73,0.21,0.72,0.72,0.5010792
0.17,0.46,0.72,0.22,0.72,0.72,0.5010792
0.16,0.47,0.7,0.22,0.75,0.72,0.5010798
0.17,0.46,0.71,0.22,0.72,0.71,0.5010807
0.18,0.44,0.7,0.22,0.76,0.72,0.5010819
0.16,0.46,0.72,0.22,0.75,0.72,0.5010827
0.17,0.46,0.71,0.23,0.76,0.72,0.5010831
0.17,0.45,0.7,0.23,0.75,0.71,0.5010847
0.16,0.45,0.71,0.24,0.76,0.72,0.501085
0.17,0.43,0.7,0.22,0.76,0.72,0.501086
0.16,0.47,0.73,0.23,0.72,0.72,0.5010864
0.16,0.43,0.7,0.21,0.73,0.71,0.5010873
0.16,0.44,0.7,0.22,0.74,0.72,0.5010873
0.17,0.44,0.71,0.2,0.74,0.72,0.5010874
0.16,0.47,0.7,0.23,0.73,0.71,0.5010876
0.18,0.45,0.7,0.2,0.76,0.72,0.5010876
0.17,0.47,0.7,0.2,0.72,0.71,0.501088
0.16,0.45,0.71,0.21,0.73,0.71,0.5010896
0.16,0.47,0.72,0.23,0.75,0.72,0.5010904
0.16,0.46,0.7,0.24,0.72,0.7,0.5010911
0.18,0.48,0.72,0.21,0.72,0.72,0.5010911
0.18,0.46,0.7,0.23,0.72,0.71,0.5010924
0.18,0.47,0.7,0.22,0.72,0.71,0.501093
0.16,0.44,0.71,0.23,0.76,0.72,0.5010931
0.17,0.47,0.7,0.23,0.73,0.72,0.5010931
0.16,0.44,0.7,0.22,0.76,0.71,0.5010937
0.17,0.46,0.72,0.22,0.73,0.72,0.5010948
0.17,0.42,0.7,0.21,0.76,0.72,0.5010951
0.18,0.46,0.7,0.2,0.75,0.72,0.501096
0.16,0.43,0.7,0.21,0.74,0.72,0.5010962
0.16,0.42,0.7,0.2,0.73,0.71,0.5010968
0.16,0.47,0.72,0.23,0.72,0.71,0.5010979
0.17,0.47,0.71,0.24,0.74,0.72,0.5010982
0.17,0.45,0.71,0.23,0.76,0.72,0.5010984
0.16,0.46,0.7,0.21,0.72,0.7,0.5010986
0.17,0.47,0.71,0.24,0.72,0.71,0.5010997
0.17,0.47,0.72,0.2,0.73,0.72,0.5010998
0.18,0.44,0.71,0.2,0.72,0.72,0.5011007
0.18,0.46,0.7,0.23,0.73,0.72,0.5011008
0.18,0.45,0.7,0.22,0.72,0.71,0.501101
0.18,0.46,0.7,0.21,0.73,0.71,0.5011014
0.16,0.43,0.71,0.22,0.76,0.72,0.5011018
0.17,0.47,0.71,0.2,0.74,0.72,0.5011029
0.18,0.43,0.7,0.21,0.75,0.72,0.5011033
0.16,0.45,0.72,0.21,0.74,0.72,0.5011037
0.16,0.48,0.73,0.25,0.74,0.72,0.5011039
0.17,0.48,0.7,0.21,0.73,0.72,0.5011048
0.17,0.44,0.7,0.22,0.74,0.71,0.5011055
0.16,0.42,0.7,0.2,0.74,0.72,0.5011058
0.18,0.46,0.71,0.24,0.75,0.72,0.5011066
0.18,0.47,0.71,0.22,0.74,0.72,0.5011074
0.17,0.47,0.7,0.23,0.74,0.72,0.501108
0.17,0.47,0.71,0.24,0.73,0.72,0.501108
0.17,0.46,0.71,0.23,0.72,0.71,0.5011081
0.16,0.45,0.7,0.23,0.73,0.7,0.5011087
0.18,0.45,0.7,0.22,0.73,0.72,0.5011094
0.16,0.48,0.72,0.2,0.73,0.72,0.5011103
0.17,0.45,0.7,0.2,0.74,0.71,0.5011108
0.16,0.44,0.71,0.2,0.72,0.71,0.5011116
0.16,0.47,0.73,0.23,0.73,0.72,0.5011116
0.16,0.49,0.71,0.21,0.72,0.72,0.5011126
0.17,0.42,0.7,0.2,0.76,0.72,0.5011129
0.17,0.47,0.72,0.25,0.75,0.72,0.5011139
0.16,0.43,0.7,0.21,0.75,0.71,0.5011148
0.17,0.48,0.72,0.22,0.73,0.72,0.5011148
0.18,0.46,0.71,0.21,0.74,0.72,0.5011151
0.16,0.46,0.72,0.24,0.76,0.72,0.5011153
0.16,0.47,0.7,0.22,0.73,0.71,0.5011154
0.16,0.47,0.72,0.24,0.72,0.71,0.5011155
0.16,0.48,0.73,0.21,0.73,0.72,0.5011162
0.17,0.46,0.71,0.23,0.73,0.72,0.5011163
0.17,0.45,0.72,0.21,0.72,0.72,0.5011165
0.16,0.47,0.7,0.23,0.72,0.72,0.5011182
0.16,0.46,0.7,0.2,0.76,0.72,0.5011187
0.18,0.44,0.7,0.21,0.73,0.72,0.5011187
0.17,0.44,0.71,0.22,0.75,0.72,0.5011194
0.18,0.48,0.72,0.24,0.73,0.72,0.5011201
0.16,0.45,0.71,0.23,0.74,0.71,0.5011224
0.16,0.44,0.7,0.24,0.76,0.71,0.5011226
0.16,0.49,0.73,0.22,0.72,0.72,0.5011227
0.17,0.46,0.7,0.22,0.76,0.72,0.5011227
0.16,0.47,0.71,0.24,0.73,0.72,0.5011228
0.18,0.45,0.7,0.2,0.72,0.71,0.501123
0.16,0.47,0.72,0.24,0.73,0.72,0.5011236
0.17,0.45,0.71,0.2,0.75,0.72,0.5011245
0.17,0.45,0.71,0.22,0.73,0.72,0.5011251
0.16,0.44,0.72,0.2,0.73,0.72,0.5011259
0.17,0.46,0.7,0.24,0.74,0.71,0.5011263
0.16,0.46,0.71,0.21,0.74,0.71,0.5011272
0.17,0.49,0.73,0.24,0.72,0.72,0.5011281
0.18,0.43,0.7,0.2,0.73,0.72,0.5011286
0.16,0.43,0.71,0.21,0.76,0.72,0.5011288
0.16,0.47,0.71,0.22,0.75,0.72,0.5011298
0.16,0.44,0.7,0.22,0.72,0.7,0.5011303
0.17,0.47,0.72,0.22,0.74,0.72,0.5011314
0.16,0.46,0.72,0.23,0.73,0.72,0.501132
0.16,0.47,0.7,0.23,0.73,0.72,0.5011328
0.16,0.46,0.73,0.22,0.72,0.72,0.501133
0.16,0.45,0.7,0.23,0.76,0.71,0.501134
0.17,0.44,0.71,0.21,0.73,0.72,0.5011344
0.17,0.47,0.71,0.24,0.75,0.72,0.5011348
0.16,0.45,0.7,0.2,0.72,0.7,0.501135
0.16,0.45,0.72,0.23,0.75,0.72,0.501136
0.18,0.45,0.71,0.2,0.73,0.72,0.5011369
0.16,0.42,0.7,0.2,0.74,0.71,0.5011372
0.16,0.47,0.71,0.24,0.74,0.72,0.5011375
0.16,0.47,0.73,0.2,0.72,0.72,0.5011375
0.17,0.46,0.7,0.24,0.72,0.7,0.5011376
0.17,0.47,0.71,0.2,0.72,0.71,0.5011391
0.17,0.46,0.71,0.21,0.72,0.71,0.5011393
0.18,0.44,0.7,0.21,0.76,0.72,0.5011401
0.16,0.46,0.72,0.21,0.75,0.72,0.5011407
0.16,0.45,0.72,0.22,0.73,0.72,0.5011409
0.16,0.47,0.72,0.25,0.75,0.72,0.5011423
0.16,0.48,0.72,0.24,0.74,0.72,0.5011424
0.17,0.45,0.7,0.22,0.75,0.71,0.5011428
0.18,0.47,0.72,0.22,0.72,0.72,0.5011438
0.17,0.43,0.71,0.2,0.73,0.72,0.5011442
0.18,0.48,0.72,0.24,0.72,0.72,0.5011454
0.17,0.46,0.7,0.24,0.73,0.71,0.5011457
0.18,0.46,0.7,0.24,0.75,0.72,0.5011462
0.18,0.46,0.71,0.23,0.75,0.72,0.5011469
0.16,0.43,0.7,0.23,0.76,0.71,0.5011475
0.16,0.47,0.7,0.23,0.74,0.72,0.5011475
0.18,0.47,0.7,0.21,0.74,0.72,0.5011475
0.16,0.45,0.71,0.2,0.73,0.71,0.5011487
0.18,0.48,0.72,0.2,0.72,0.72,0.5011496
0.16,0.44,0.72,0.21,0.73,0.72,0.5011502
0.16,0.42,0.71,0.2,0.75,0.72,0.5011513
0.16,0.46,0.7,0.24,0.73,0.71,0.5011513
0.16,0.47,0.71,0.24,0.75,0.72,0.501152
0.18,0.45,0.7,0.24,0.76,0.72,0.5011521
0.16,0.44,0.7,0.21,0.76,0.71,0.5011525
0.17,0.46,0.72,0.21,0.73,0.72,0.5011527
0.16,0.49,0.7,0.2,0.72,0.72,0.5011536
0.18,0.47,0.72,0.23,0.72,0.72,0.5011539
0.17,0.45,0.7,0.23,0.73,0.71,0.5011544
0.16,0.46,0.7,0.2,0.74,0.71,0.5011545
0.17,0.48,0.71,0.21,0.73,0.72,0.5011548
0.18,0.45,0.7,0.22,0.73,0.71,0.501155
0.16,0.47,0.72,0.22,0.72,0.71,0.5011558
0.17,0.45,0.71,0.22,0.76,0.72,0.501156
0.17,0.46,0.7,0.23,0.72,0.7,0.5011582
0.17,0.46,0.7,0.22,0.74,0.71,0.5011585
0.18,0.48,0.71,0.23,0.73,0.72,0.5011593
0.17,0.48,0.73,0.23,0.72,0.72,0.5011602
0.18,0.46,0.7,0.2,0.73,0.71,0.5011608
0.17,0.48,0.73,0.24,0.72,0.72,0.5011609
0.18,0.44,0.7,0.23,0.76,0.72,0.5011609
0.18,0.46,0.7,0.24,0.76,0.72,0.5011609
0.16,0.46,0.71,0.24,0.73,0.71,0.5011614
0.16,0.45,0.72,0.2,0.74,0.72,0.5011623
0.16,0.47,0.7,0.23,0.75,0.72,0.5011623
0.18,0.43,0.7,0.2,0.75,0.72,0.5011623
0.17,0.45,0.7,0.23,0.74,0.72,0.5011624
0.16,0.49,0.72,0.21,0.72,0.72,0.5011626
0.17,0.44,0.7,0.22,0.73,0.71,0.5011633
0.18,0.46,0.7,0.24,0.74,0.71,0.5011635
0.17,0.44,0.7,0.21,0.74,0.71,0.5011643
0.16,0.46,0.7,0.23,0.72,0.72,0.5011646
0.16,0.46,0.7,0.24,0.74,0.71,0.501166
0.16,0.47,0.71,0.22,0.73,0.71,0.501166
0.17,0.49,0.72,0.23,0.72,0.72,0.501167
0.16,0.45,0.7,0.22,0.73,0.7,0.5011675
0.17,0.45,0.71,0.24,0.76,0.72,0.5011675
0.16,0.49,0.74,0.25,0.72,0.72,0.5011682
0.18,0.45,0.71,0.22,0.74,0.72,0.5011682
0.16,0.46,0.71,0.2,0.76,0.72,0.5011688
0.16,0.47,0.73,0.22,0.73,0.72,0.501169
0.16,0.46,0.71,0.24,0.74,0.72,0.5011694
0.16,0.45,0.71,0.23,0.73,0.71,0.5011701
0.16,0.47,0.7,0.21,0.75,0.72,0.5011703
0.16,0.46,0.71,0.25,0.75,0.71,0.5011707
0.17,0.46,0.7,0.24,0.74,0.72,0.5011709
0.17,0.47,0.71,0.24,0.73,0.71,0.5011709
0.17,0.46,0.71,0.23,0.73,0.71,0.5011713
0.17,0.44,0.7,0.22,0.74,0.72,0.5011714
0.16,0.46,0.72,0.23,0.76,0.72,0.5011722
0.17,0.46,0.71,0.22,0.76,0.72,0.5011724
0.17,0.43,0.7,0.21,0.73,0.71,0.5011729
0.16,0.45,0.7,0.22,0.72,0.72,0.5011737
0.18,0.46,0.71,0.2,0.74,0.72,0.5011738
0.17,0.47,0.7,0.23,0.75,0.72,0.5011743
0.16,0.43,0.7,0.2,0.75,0.71,0.5011744
0.16,0.46,0.72,0.25,0.76,0.72,0.5011746
0.16,0.48,0.73,0.2,0.73,0.72,0.5011746
0.17,0.45,0.72,0.2,0.72,0.72,0.5011752
0.16,0.49,0.74,0.24,0.72,0.72,0.501177
0.18,0.44,0.7,0.21,0.72,0.71,0.5011774
0.17,0.44,0.71,0.21,0.75,0.72,0.5011776
0.16,0.45,0.71,0.23,0.74,0.72,0.5011781
0.16,0.48,0.72,0.24,0.72,0.71,0.5011788
0.16,0.44,0.71,0.22,0.73,0.71,0.5011793
0.16,0.47,0.72,0.22,0.75,0.72,0.5011797
0.16,0.45,0.71,0.22,0.74,0.71,0.5011806
0.17,0.43,0.7,0.21,0.74,0.72,0.5011811
0.16,0.48,0.71,0.23,0.74,0.72,0.5011818
0.18,0.47,0.71,0.24,0.72,0.71,0.501183
0.16,0.44,0.7,0.21,0.72,0.72,0.5011831
0.18,0.47,0.7,0.21,0.72,0.71,0.5011839
0.17,0.47,0.72,0.24,0.75,0.72,0.5011842
0.17,0.46,0.72,0.23,0.74,0.72,0.5011844
0.17,0.46,0.7,0.24,0.75,0.72,0.5011855
0.16,0.46,0.7,0.24,0.75,0.71,0.5011863
0.17,0.43,0.7,0.2,0.73,0.71,0.5011872
0.16,0.44,0.71,0.22,0.74,0.72,0.5011873
0.16,0.43,0.71,0.2,0.76,0.72,0.5011878
0.16,0.47,0.72,0.24,0.73,0.71,0.501188
0.17,0.47,0.72,0.21,0.74,0.72,0.5011893
0.16,0.44,0.7,0.21,0.72,0.7,0.5011897
0.17,0.46,0.71,0.25,0.76,0.72,0.5011898
0.18,0.47,0.71,0.24,0.73,0.72,0.5011906
0.16,0.46,0.73,0.21,0.72,0.72,0.5011911
0.17,0.42,0.7,0.2,0.74,0.72,0.5011913
0.16,0.46,0.7,0.2,0.72,0.7,0.5011914
0.16,0.48,0.73,0.24,0.74,0.72,0.5011918
0.16,0.43,0.7,0.2,0.72,0.72,0.5011931
0.17,0.45,0.71,0.22,0.72,0.71,0.5011934
0.18,0.43,0.7,0.22,0.76,0.72,0.5011934
0.16,0.45,0.72,0.22,0.75,0.72,0.5011937
0.17,0.48,0.7,0.2,0.73,0.72,0.5011958
0.17,0.44,0.7,0.23,0.75,0.71,0.5011963
0.16,0.43,0.71,0.21,0.74,0.72,0.5011969
0.18,0.47,0.71,0.21,0.74,0.72,0.5011974
0.17,0.46,0.71,0.2,0.72,0.71,0.5011984
0.16,0.46,0.72,0.2,0.75,0.72,0.5011992
0.18,0.44,0.7,0.2,0.76,0.72,0.5011992
0.18,0.48,0.7,0.22,0.73,0.72,0.5011993
0.18,0.46,0.71,0.23,0.73,0.72,0.5011996
0.16,0.45,0.7,0.24,0.73,0.7,0.5012
0.17,0.46,0.7,0.24,0.76,0.72,0.5012
0.16,0.45,0.7,0.24,0.74,0.7,0.5012001
0.16,0.47,0.73,0.24,0.74,0.72,0.5012006
0.17,0.43,0.71,0.2,0.74,0.72,0.5012007
0.17,0.45,0.7,0.21,0.75,0.71,0.5012016
0.18,0.47,0.72,0.21,0.72,0.72,0.5012018
0.16,0.44,0.71,0.21,0.73,0.71,0.5012029
0.16,0.49,0.71,0.2,0.72,0.72,0.5012037
0.18,0.46,0.71,0.22,0.75,0.72,0.5012045
0.17,0.48,0.72,0.21,0.73,0.72,0.5012047
0.16,0.46,0.71,0.2,0.74,0.71,0.5012053
0.16,0.43,0.7,0.22,0.76,0.71,0.501206
0.17,0.47,0.72,0.24,0.73,0.72,0.501206
0.16,0.47,0.7,0.21,0.73,0.71,0.5012068
0.17,0.49,0.71,0.22,0.72,0.72,0.5012069
0.16,0.42,0.71,0.2,0.74,0.72,0.5012072
0.16,0.45,0.7,0.24,0.74,0.71,0.5012078
0.18,0.45,0.71,0.22,0.73,0.72,0.5012088
0.18,0.48,0.72,0.23,0.73,0.72,0.5012089
0.17,0.44,0.71,0.23,0.76,0.72,0.5012091
0.16,0.46,0.72,0.23,0.72,0.71,0.5012097
0.16,0.46,0.7,0.24,0.74,0.72,0.5012107
0.17,0.47,0.7,0.23,0.73,0.71,0.5012108
0.17,0.46,0.72,0.2,0.73,0.72,0.5012113
0.16,0.44,0.7,0.2,0.76,0.71,0.5012119
0.16,0.49,0.73,0.21,0.72,0.72,0.5012124
0.16,0.45,0.71,0.24,0.75,0.71,0.5012128
0.16,0.48,0.73,0.25,0.73,0.72,0.5012129
0.17,0.46,0.7,0.21,0.76,0.72,0.5012131
0.18,0.45,0.7,0.21,0.73,0.71,0.5012138
0.17,0.45,0.71,0.21,0.76,0.72,0.5012142
0.16,0.47,0.72,0.21,0.72,0.71,0.5012144
0.17,0.46,0.72,0.23,0.73,0.72,0.5012151
0.16,0.45,0.7,0.24,0.75,0.72,0.5012156
0.16,0.44,0.72,0.21,0.74,0.72,0.5012161
0.17,0.49,0.73,0.23,0.72,0.72,0.5012166
0.18,0.46,0.7,0.23,0.76,0.72,0.5012167
0.16,0.44,0.7,0.23,0.74,0.71,0.5012169
0.17,0.46,0.7,0.22,0.72,0.7,0.5012171
0.17,0.48,0.73,0.22,0.72,0.72,0.5012176
0.16,0.48,0.71,0.23,0.72,0.71,0.5012187
0.17,0.45,0.7,0.25,0.76,0.71,0.5012187
0.18,0.44,0.71,0.21,0.73,0.72,0.5012189
0.16,0.47,0.71,0.21,0.75,0.72,0.5012201
0.18,0.47,0.71,0.23,0.72,0.71,0.5012203
0.16,0.47,0.73,0.24,0.73,0.72,0.5012216
0.16,0.44,0.7,0.23,0.73,0.7,0.5012221
0.16,0.48,0.7,0.22,0.74,0.72,0.5012222
0.16,0.46,0.7,0.24,0.73,0.7,0.5012232
0.17,0.47,0.71,0.23,0.75,0.72,0.5012238
0.17,0.44,0.7,0.2,0.74,0.71,0.5012239
0.17,0.45,0.72,0.22,0.73,0.72,0.5012244
0.16,0.44,0.7,0.23,0.75,0.72,0.5012246
0.16,0.45,0.7,0.22,0.76,0.71,0.5012246
0.16,0.46,0.7,0.24,0.75,0.72,0.5012251
0.16,0.45,0.72,0.24,0.76,0.72,0.5012253
0.16,0.43,0.7,0.22,0.74,0.71,0.5012263
0.16,0.43,0.71,0.2,0.72,0.71,0.5012264
0.18,0.45,0.71,0.21,0.74,0.72,0.5012265
0.17,0.41,0.7,0.2,0.76,0.72,0.5012266
0.16,0.45,0.7,0.21,0.73,0.7,0.5012269
0.16,0.47,0.73,0.21,0.73,0.72,0.501227
0.17,0.45,0.7,0.24,0.76,0.71,0.5012286
0.16,0.42,0.7,0.21,0.75,0.71,0.5012287
0.18,0.46,0.7,0.24,0.73,0.71,0.501229
0.16,0.46,0.71,0.25,0.76,0.72,0.5012291
0.17,0.46,0.71,0.22,0.73,0.71,0.5012296
0.16,0.46,0.72,0.22,0.76,0.72,0.5012298
0.16,0.46,0.73,0.23,0.73,0.72,0.5012307
0.16,0.48,0.72,0.23,0.74,0.72,0.5012312
0.18,0.47,0.72,0.23,0.73,0.72,0.5012325
0.16,0.49,0.74,0.23,0.72,0.72,0.501234
0.16,0.43,0.7,0.22,0.75,0.72,0.5012341
0.18,0.46,0.71,0.24,0.76,0.72,0.5012355
0.16,0.46,0.71,0.24,0.75,0.71,0.5012361
0.16,0.42,0.7,0.21,0.74,0.71,0.5012362
0.18,0.46,0.7,0.24,0.74,0.72,0.5012364
0.17,0.44,0.71,0.2,0.75,0.72,0.5012367
0.18,0.44,0.7,0.2,0.72,0.71,0.5012371
0.18,0.45,0.7,0.23,0.73,0.71,0.5012383
0.18,0.47,0.7,0.2,0.74,0.72,0.5012386
0.16,0.45,0.71,0.21,0.74,0.71,0.5012395
0.16,0.46,0.7,0.24,0.76,0.72,0.5012395
0.16,0.43,0.72,0.2,0.73,0.72,0.5012397
0.18,0.49,0.73,0.25,0.72,0.72,0.5012399
0.18,0.46,0.71,0.25,0.76,0.72,0.5012407
0.16,0.42,0.71,0.21,0.76,0.72,0.5012417
0.17,0.46,0.72,0.22,0.74,0.72,0.501242
0.16,0.42,0.7,0.21,0.75,0.72,0.5012441
0.17,0.46,0.71,0.24,0.73,0.71,0.5012445
0.18,0.45,0.7,0.23,0.74,0.71,0.5012451
0.16,0.47,0.72,0.23,0.73,0.71,0.5012457
0.18,0.45,0.7,0.23,0.74,0.72,0.5012457
0.17,0.48,0.71,0.2,0.73,0.72,0.5012458
0.17,0.47,0.72,0.2,0.74,0.72,0.501248
0.17,0.49,0.7,0.21,0.72,0.72,0.501248
0.17,0.46,0.7,0.23,0.72,0.72,0.5012482
0.17,0.48,0.73,0.24,0.73,0.72,0.5012485
0.18,0.48,0.71,0.22,0.73,0.72,0.5012489
0.16,0.44,0.7,0.2,0.72,0.7,0.5012497
0.16,0.46,0.73,0.2,0.72,0.72,0.5012498
0.17,0.46,0.7,0.21,0.74,0.71,0.5012498
0.18,0.44,0.71,0.2,0.73,0.72,0.50125
0.16,0.47,0.72,0.25,0.73,0.71,0.5012512
0.16,0.45,0.72,0.21,0.75,0.72,0.5012519
0.17,0.46,0.71,0.24,0.74,0.72,0.5012519
0.18,0.43,0.7,0.21,0.76,0.72,0.5012521
0.17,0.45,0.71,0.21,0.72,0.71,0.5012523
0.16,0.41,0.7,0.2,0.74,0.71,0.5012527
0.18,0.46,0.7,0.23,0.74,0.71,0.5012535
0.16,0.49,0.72,0.2,0.72,0.72,0.5012536
0.16,0.41,0.7,0.2,0.75,0.72,0.5012547
0.16,0.47,0.71,0.24,0.72,0.72,0.5012547
0.17,0.49,0.73,0.25,0.72,0.72,0.5012547
0.17,0.44,0.7,0.22,0.75,0.71,0.5012549
0.18,0.46,0.72,0.22,0.72,0.72,0.501255
0.18,0.44,0.7,0.22,0.74,0.72,0.5012554
0.17,0.49,0.72,0.22,0.72,0.72,0.5012565
0.16,0.47,0.71,0.21,0.73,0.71,0.5012571
0.18,0.45,0.71,0.23,0.75,0.72,0.5012573
0.16,0.47,0.73,0.23,0.74,0.72,0.5012577
0.17,0.45,0.7,0.22,0.72,0.72,0.5012577
0.16,0.47,0.72,0.25,0.74,0.72,0.5012584
0.16,0.45,0.7,0.25,0.76,0.71,0.5012585
0.16,0.45,0.7,0.23,0.74,0.7,0.5012586
0.16,0.48,0.7,0.22,0.72,0.71,0.5012594
0.18,0.49,0.72,0.24,0.72,0.72,0.5012605
0.18,0.47,0.72,0.2,0.72,0.72,0.5012606
0.17,0.47,0.71,0.23,0.73,0.71,0.5012608
0.17,0.46,0.71,0.24,0.74,0.71,0.5012609
0.17,0.45,0.7,0.2,0.75,0.71,0.5012611
0.17,0.45,0.71,0.23,0.74,0.72,0.5012612
0.16,0.47,0.7,0.2,0.75,0.72,0.5012615
0.16,0.44,0.71,0.2,0.73,0.71,0.5012625
0.17,0.46,0.71,0.21,0.76,0.72,0.5012627
0.18,0.46,0.71,0.21,0.75,0.72,0.5012628
0.16,0.46,0.71,0.23,0.72,0.72,0.5012639
0.17,0.47,0.7,0.22,0.75,0.72,0.5012643
0.17,0.45,0.72,0.21,0.73,0.72,0.5012647
0.17,0.49,0.72,0.24,0.72,0.72,0.501265
0.16,0.43,0.7,0.21,0.76,0.71,0.5012652
0.18,0.43,0.7,0.21,0.74,0.72,0.5012657
0.17,0.44,0.71,0.22,0.76,0.72,0.5012671
0.16,0.46,0.72,0.24,0.74,0.72,0.5012674
0.17,0.44,0.7,0.21,0.72,0.72,0.5012678
0.18,0.44,0.7,0.22,0.73,0.71,0.5012678
0.16,0.46,0.72,0.22,0.72,0.71,0.5012681
0.16,0.48,0.72,0.23,0.72,0.71,0.5012687
0.16,0.47,0.72,0.21,0.75,0.72,0.5012698
0.16,0.45,0.71,0.23,0.75,0.71,0.5012706
0.17,0.47,0.73,0.23,0.72,0.72,0.5012706
0.17,0.44,0.71,0.22,0.74,0.72,0.5012708
0.17,0.45,0.7,0.23,0.72,0.7,0.5012713
0.16,0.48,0.71,0.22,0.74,0.72,0.5012716
0.17,0.46,0.72,0.24,0.75,0.72,0.5012729
0.17,0.47,0.72,0.23,0.75,0.72,0.501273
0.17,0.45,0.71,0.2,0.76,0.72,0.5012732
0.18,0.45,0.7,0.2,0.73,0.71,0.5012735
0.16,0.45,0.71,0.22,0.72,0.72,0.5012737
0.16,0.47,0.72,0.2,0.72,0.71,0.5012738
0.16,0.44,0.72,0.2,0.74,0.72,0.5012751
0.17,0.48,0.73,0.21,0.72,0.72,0.5012757
0.18,0.42,0.7,0.2,0.75,0.72,0.5012757
0.17,0.49,0.71,0.23,0.72,0.72,0.501276
0.18,0.47,0.7,0.2,0.72,0.71,0.5012761
0.16,0.46,0.7,0.23,0.75,0.71,0.5012764
0.18,0.42,0.7,0.2,0.74,0.72,0.5012766
0.16,0.45,0.72,0.23,0.74,0.72,0.5012768
0.17,0.43,0.7,0.21,0.74,0.71,0.5012779
0.17,0.43,0.7,0.2,0.72,0.72,0.5012787
0.18,0.47,0.71,0.22,0.72,0.71,0.5012787
0.16,0.46,0.73,0.22,0.73,0.72,0.5012803
0.16,0.48,0.73,0.23,0.74,0.72,0.5012805
0.16,0.44,0.7,0.22,0.73,0.7,0.5012812
0.17,0.43,0.71,0.21,0.74,0.72,0.5012813
0.16,0.45,0.72,0.23,0.76,0.72,0.5012826
0.17,0.45,0.71,0.23,0.73,0.71,0.5012835
0.17,0.48,0.72,0.25,0.72,0.71,0.5012837
0.16,0.44,0.71,0.21,0.72,0.72,0.5012838
0.18,0.45,0.71,0.2,0.74,0.72,0.5012856
0.16,0.47,0.73,0.2,0.73,0.72,0.5012857
0.17,0.44,0.7,0.24,0.76,0.71,0.501286
0.16,0.48,0.74,0.24,0.72,0.72,0.5012866
0.16,0.44,0.72,0.22,0.74,0.72,0.5012867
0.16,0.45,0.7,0.2,0.73,0.7,0.501287
0.16,0.46,0.71,0.24,0.72,0.7,0.5012874
0.17,0.46,0.7,0.21,0.72,0.7,0.5012876
0.17,0.49,0.7,0.22,0.72,0.72,0.5012876
0.16,0.46,0.72,0.21,0.76,0.72,0.5012881
0.18,0.47,0.72,0.24,0.73,0.72,0.5012881
0.17,0.46,0.71,0.21,0.73,0.71,0.5012884
0.18,0.47,0.71,0.2,0.74,0.72,0.5012884
0.16,0.42,0.7,0.2,0.75,0.71,0.5012886
0.16,0.47,0.73,0.25,0.75,0.72,0.5012887
0.17,0.44,0.72,0.2,0.72,0.72,0.5012889
0.18,0.48,0.7,0.21,0.73,0.72,0.5012899
0.17,0.43,0.71,0.21,0.75,0.72,0.5012903
0.18,0.47,0.72,0.22,0.73,0.72,0.5012904
0.17,0.45,0.7,0.24,0.74,0.71,0.501291
0.16,0.49,0.74,0.22,0.72,0.72,0.5012914
0.16,0.49,0.74,0.25,0.73,0.72,0.5012923
0.18,0.46,0.71,0.23,0.76,0.72,0.5012929
0.16,0.44,0.71,0.22,0.74,0.71,0.5012935
0.16,0.46,0.7,0.24,0.72,0.71,0.5012939
0.16,0.49,0.73,0.25,0.72,0.72,0.5012939
0.17,0.48,0.73,0.25,0.73,0.72,0.5012942
0.16,0.43,0.71,0.2,0.72,0.72,0.5012946
0.17,0.48,0.72,0.2,0.73,0.72,0.5012956
0.16,0.46,0.71,0.25,0.74,0.71,0.5012973
0.17,0.49,0.71,0.21,0.72,0.72,0.5012975
0.17,0.45,0.7,0.24,0.75,0.72,0.5012981
0.18,0.48,0.72,0.22,0.73,0.72,0.5012982
0.18,0.48,0.71,0.24,0.72,0.72,0.5012985
0.16,0.47,0.7,0.2,0.73,0.71,0.501299
0.16,0.45,0.71,0.2,0.74,0.71,0.5012991
0.16,0.46,0.72,0.24,0.73,0.71,0.5012993
0.16,0.47,0.72,0.25,0.76,0.72,0.5012998
0.17,0.46,0.72,0.21,0.74,0.72,0.5013003
0.18,0.49,0.71,0.23,0.72,0.72,0.5013006
0.17,0.44,0.7,0.23,0.74,0.71,0.5013007
0.16,0.49,0.74,0.26,0.73,0.72,0.5013009
0.16,0.42,0.71,0.2,0.76,0.72,0.501301
0.16,0.46,0.7,0.24,0.73,0.72,0.5013011
0.17,0.47,0.7,0.22,0.73,0.71,0.5013016
0.18,0.48,0.72,0.25,0.73,0.72,0.5013016
0.16,0.45,0.71,0.25,0.76,0.71,0.5013021
0.17,0.42,0.7,0.2,0.73,0.71,0.5013024
0.16,0.49,0.73,0.2,0.72,0.72,0.5013033
0.16,0.45,0.7,0.23,0.72,0.71,0.5013034
0.18,0.45,0.7,0.22,0.74,0.71,0.5013037
0.16,0.45,0.73,0.21,0.72,0.72,0.5013038
0.16,0.47,0.72,0.22,0.73,0.71,0.5013041
0.17,0.46,0.7,0.2,0.76,0.72,0.5013043
0.16,0.46,0.71,0.25,0.75,0.72,0.5013044
0.16,0.49,0.72,0.24,0.72,0.72,0.5013046
0.16,0.43,0.7,0.21,0.72,0.7,0.5013049
0.16,0.44,0.72,0.22,0.75,0.72,0.5013055
0.17,0.48,0.73,0.23,0.73,0.72,0.5013057
0.17,0.49,0.73,0.22,0.72,0.72,0.5013059
0.16,0.45,0.71,0.24,0.74,0.71,0.5013066
0.18,0.46,0.7,0.22,0.76,0.72,0.5013066
0.16,0.49,0.73,0.25,0.73,0.72,0.5013075
0.17,0.44,0.7,0.23,0.75,0.72,0.5013077
0.16,0.48,0.71,0.22,0.72,0.71,0.5013093
0.18,0.49,0.73,0.24,0.72,0.72,0.5013095
0.18,0.48,0.7,0.23,0.72,0.72,0.5013098
0.17,0.43,0.7,0.22,0.74,0.71,0.5013106
0.16,0.45,0.7,0.23,0.73,0.72,0.5013107
0.16,0.45,0.72,0.2,0.75,0.72,0.5013109
0.16,0.47,0.71,0.2,0.75,0.72,0.5013113
0.18,0.43,0.7,0.2,0.76,0.72,0.5013116
0.17,0.45,0.71,0.2,0.72,0.71,0.5013118
0.18,0.48,0.71,0.24,0.73,0.72,0.5013124
0.17,0.48,0.71,0.24,0.72,0.71,0.5013129
0.16,0.48,0.7,0.21,0.74,0.72,0.5013132
0.16,0.44,0.7,0.22,0.72,0.71,0.5013134
0.18,0.46,0.72,0.21,0.72,0.72,0.5013134
0.17,0.47,0.71,0.22,0.75,0.72,0.5013135
0.16,0.45,0.71,0.24,0.75,0.72,0.5013137
0.17,0.44,0.7,0.21,0.75,0.71,0.5013141
0.16,0.46,0.7,0.23,0.73,0.7,0.5013144
0.17,0.42,0.71,0.2,0.74,0.72,0.5013148
0.18,0.45,0.71,0.22,0.75,0.72,0.5013153
0.16,0.47,0.73,0.22,0.74,0.72,0.5013155
0.16,0.49,0.71,0.23,0.72,0.72,0.5013158
0.16,0.45,0.7,0.21,0.76,0.71,0.5013161
0.16,0.44,0.71,0.23,0.74,0.71,0.5013164
0.18,0.47,0.71,0.24,0.75,0.72,0.5013168
0.16,0.43,0.71,0.21,0.73,0.71,0.5013172
0.16,0.45,0.7,0.22,0.74,0.7,0.5013177
0.17,0.43,0.7,0.22,0.75,0.72,0.5013178
0.16,0.49,0.72,0.24,0.73,0.72,0.5013185
0.17,0.45,0.7,0.23,0.76,0.71,0.5013187
0.17,0.46,0.71,0.23,0.74,0.71,0.501319
0.16,0.42,0.7,0.22,0.76,0.71,0.5013193
0.18,0.47,0.72,0.24,0.74,0.72,0.5013204
0.16,0.44,0.7,0.22,0.73,0.72,0.5013207
0.16,0.48,0.72,0.22,0.74,0.72,0.5013208
0.18,0.46,0.71,0.2,0.75,0.72,0.5013219
0.16,0.44,0.71,0.23,0.75,0.72,0.5013234
0.16,0.48,0.72,0.25,0.72,0.71,0.5013234
0.17,0.45,0.72,0.2,0.73,0.72,0.5013238
0.18,0.48,0.7,0.23,0.73,0.72,0.5013239
0.16,0.43,0.7,0.21,0.72,0.71,0.501324
0.17,0.48,0.72,0.24,0.74,0.72,0.5013241
0.16,0.43,0.7,0.2,0.76,0.71,0.501325
0.17,0.44,0.71,0.21,0.76,0.72,0.5013257
0.16,0.46,0.71,0.23,0.75,0.71,0.501326
0.16,0.46,0.72,0.21,0.72,0.71,0.5013271
0.18,0.44,0.7,0.21,0.73,0.71,0.5013271
0.16,0.49,0.7,0.22,0.72,0.72,0.5013277
0.18,0.47,0.7,0.24,0.72,0.71,0.5013283
0.17,0.47,0.73,0.22,0.72,0.72,0.5013285
0.17,0.42,0.7,0.21,0.75,0.72,0.5013286
0.16,0.45,0.71,0.22,0.75,0.71,0.5013292
0.16,0.43,0.72,0.21,0.74,0.72,0.5013293
0.16,0.49,0.71,0.23,0.73,0.72,0.5013299
0.17,0.46,0.72,0.23,0.75,0.72,0.5013303
0.17,0.45,0.7,0.22,0.72,0.7,0.5013305
0.16,0.43,0.7,0.21,0.73,0.72,0.5013313
0.18,0.46,0.7,0.23,0.72,0.72,0.5013314
0.18,0.47,0.71,0.25,0.73,0.71,0.5013314
0.16,0.49,0.73,0.24,0.73,0.72,0.5013319
0.18,0.46,0.71,0.23,0.72,0.71,0.5013319
0.16,0.43,0.71,0.22,0.75,0.72,0.5013335
0.18,0.46,0.71,0.24,0.74,0.72,0.501334
0.18,0.45,0.7,0.24,0.75,0.71,0.5013342
0.16,0.48,0.71,0.24,0.72,0.71,0.5013344
0.17,0.48,0.73,0.2,0.72,0.72,0.5013347
0.16,0.42,0.7,0.2,0.72,0.71,0.5013351
0.17,0.48,0.73,0.25,0.74,0.72,0.5013358
0.16,0.45,0.7,0.25,0.74,0.7,0.5013371
0.17,0.47,0.71,0.24,0.72,0.72,0.5013371
0.16,0.47,0.72,0.25,0.74,0.71,0.5013372
0.18,0.47,0.71,0.21,0.72,0.71,0.5013376
0.17,0.43,0.7,0.2,0.74,0.71,0.5013379
0.17,0.48,0.71,0.24,0.72,0.72,0.5013382
0.16,0.46,0.73,0.21,0.73,0.72,0.5013386
0.18,0.44,0.71,0.21,0.74,0.72,0.5013389
0.18,0.48,0.71,0.21,0.73,0.72,0.5013393
0.17,0.49,0.7,0.2,0.72,0.72,0.5013396
0.16,0.47,0.71,0.24,0.76,0.72,0.5013397
0.17,0.41,0.7,0.2,0.75,0.72,0.5013397
0.17,0.47,0.72,0.25,0.74,0.72,0.5013397
0.16,0.45,0.72,0.22,0.76,0.72,0.5013406
0.17,0.48,0.72,0.25,0.73,0.72,0.5013409
0.16,0.44,0.7,0.21,0.73,0.7,0.5013411
0.18,0.45,0.7,0.22,0.72,0.72,0.5013416
0.18,0.49,0.7,0.22,0.72,0.72,0.5013416
0.17,0.46,0.7,0.2,0.74,0.71,0.501342
0.17,0.45,0.71,0.22,0.73,0.71,0.5013421
0.16,0.42,0.7,0.2,0.73,0.72,0.5013425
0.18,0.47,0.7,0.24,0.73,0.71,0.5013425
0.18,0.46,0.72,0.23,0.73,0.72,0.5013433
0.16,0.45,0.7,0.25,0.75,0.71,0.5013439
0.18,0.45,0.71,0.23,0.74,0.72,0.5013439
0.16,0.48,0.74,0.23,0.72,0.72,0.501344
0.18,0.46,0.7,0.22,0.74,0.71,0.5013441
0.16,0.42,0.71,0.21,0.75,0.72,0.5013443
0.17,0.44,0.7,0.23,0.76,0.71,0.5013443
0.18,0.45,0.71,0.24,0.76,0.72,0.5013454
0.16,0.47,0.73,0.24,0.75,0.72,0.5013456
0.16,0.48,0.7,0.23,0.72,0.71,0.5013459
0.16,0.46,0.71,0.23,0.72,0.7,0.5013462
0.16,0.44,0.7,0.24,0.74,0.7,0.5013467
0.17,0.49,0.72,0.21,0.72,0.72,0.5013467
0.17,0.46,0.71,0.23,0.72,0.72,0.5013468
0.16,0.46,0.72,0.2,0.76,0.72,0.5013472
0.17,0.47,0.72,0.24,0.72,0.71,0.5013474
0.17,0.46,0.71,0.2,0.73,0.71,0.5013482
0.18,0.47,0.72,0.21,0.73,0.72,0.5013487
0.16,0.47,0.71,0.2,0.73,0.71,0.5013492
0.17,0.46,0.72,0.24,0.74,0.72,0.5013494
0.16,0.49,0.74,0.21,0.72,0.72,0.5013495
0.17,0.46,0.71,0.25,0.75,0.71,0.5013495
0.18,0.49,0.72,0.23,0.72,0.72,0.5013495
0.17,0.43,0.71,0.2,0.75,0.72,0.5013497
0.17,0.48,0.7,0.23,0.72,0.72,0.5013498
0.16,0.45,0.7,0.25,0.76,0.72,0.5013507
0.16,0.48,0.7,0.21,0.72,0.71,0.5013513
0.17,0.47,0.71,0.22,0.73,0.71,0.5013514
0.17,0.48,0.71,0.24,0.73,0.72,0.501352
0.18,0.43,0.7,0.2,0.72,0.71,0.501352
0.18,0.44,0.7,0.21,0.72,0.72,0.5013525
0.16,0.44,0.71,0.21,0.74,0.71,0.5013526
0.16,0.47,0.72,0.24,0.72,0.72,0.5013526
0.16,0.47,0.71,0.25,0.72,0.7,0.5013535
0.17,0.45,0.72,0.22,0.74,0.72,0.5013535
0.16,0.44,0.7,0.24,0.75,0.71,0.5013536
0.17,0.46,0.71,0.2,0.76,0.72,0.5013537
0.17,0.48,0.7,0.23,0.72,0.71,0.5013538
0.18,0.44,0.71,0.22,0.74,0.72,0.5013541
0.17,0.48,0.72,0.25,0.74,0.72,0.5013545
0.18,0.47,0.71,0.24,0.73,0.71,0.5013546
0.17,0.47,0.7,0.21,0.75,0.72,0.501355
0.16,0.47,0.73,0.25,0.74,0.72,0.5013551
0.16,0.41,0.71,0.2,0.75,0.72,0.5013555
0.18,0.46,0.71,0.22,0.76,0.72,0.5013556
0.17,0.45,0.71,0.22,0.72,0.72,0.5013572
0.18,0.47,0.7,0.23,0.75,0.72,0.5013572
0.16,0.46,0.72,0.23,0.73,0.71,0.5013574
0.17,0.47,0.73,0.24,0.73,0.72,0.5013584
0.16,0.48,0.72,0.22,0.72,0.71,0.5013592
0.17,0.45,0.72,0.23,0.74,0.72,0.5013593
0.17,0.46,0.72,0.2,0.74,0.72,0.5013594
0.16,0.45,0.71,0.24,0.76,0.71,0.5013597
0.16,0.44,0.7,0.24,0.76,0.72,0.5013604
0.17,0.46,0.72,0.25,0.76,0.72,0.5013604
0.16,0.47,0.72,0.2,0.75,0.72,0.5013608
0.17,0.45,0.7,0.24,0.73,0.7,0.5013614
0.17,0.48,0.72,0.24,0.72,0.71,0.5013622
0.16,0.48,0.71,0.21,0.74,0.72,0.5013624
0.16,0.46,0.72,0.23,0.72,0.72,0.5013625
0.17,0.47,0.72,0.22,0.75,0.72,0.5013625
0.16,0.47,0.72,0.21,0.73,0.71,0.5013629
0.16,0.45,0.73,0.2,0.72,0.72,0.501363
0.18,0.45,0.7,0.21,0.74,0.71,0.501363
0.16,0.48,0.73,0.25,0.72,0.71,0.5013631
0.17,0.48,0.73,0.22,0.73,0.72,0.5013635
0.16,0.43,0.7,0.23,0.75,0.71,0.5013636
0.17,0.48,0.7,0.23,0.73,0.72,0.5013636
0.18,0.43,0.7,0.2,0.72,0.72,0.5013639
0.18,0.43,0.71,0.2,0.73,0.72,0.5013639
0.16,0.44,0.72,0.21,0.75,0.72,0.5013641
0.17,0.48,0.71,0.23,0.74,0.72,0.5013646
0.16,0.46,0.73,0.24,0.74,0.72,0.5013648
0.16,0.49,0.7,0.22,0.73,0.72,0.5013649
0.18,0.42,0.7,0.21,0.76,0.72,0.5013649
0.16,0.43,0.7,0.2,0.72,0.7,0.5013655
0.17,0.48,0.71,0.24,0.74,0.72,0.5013659
0.17,0.44,0.71,0.21,0.72,0.71,0.5013662
0.16,0.47,0.7,0.24,0.72,0.7,0.5013668
0.16,0.48,0.72,0.25,0.72,0.72,0.501367
0.16,0.46,0.7,0.22,0.75,0.71,0.5013674
0.17,0.43,0.7,0.22,0.75,0.71,0.5013679
0.17,0.44,0.71,0.21,0.72,0.72,0.501368
0.17,0.47,0.7,0.24,0.72,0.71,0.5013685
0.16,0.46,0.73,0.23,0.74,0.72,0.5013686
0.16,0.48,0.73,0.22,0.74,0.72,0.5013699
0.17,0.46,0.7,0.24,0.75,0.71,0.5013701
0.16,0.43,0.7,0.23,0.76,0.72,0.5013704
0.17,0.47,0.71,0.25,0.73,0.71,0.501371
0.16,0.44,0.7,0.23,0.74,0.7,0.5013717
0.16,0.49,0.72,0.23,0.73,0.72,0.5013723
0.18,0.47,0.7,0.24,0.72,0.72,0.5013725
0.18,0.46,0.72,0.2,0.72,0.72,0.5013726
0.16,0.45,0.72,0.22,0.72,0.72,0.501373
0.16,0.48,0.74,0.25,0.73,0.72,0.5013738
0.16,0.47,0.73,0.21,0.74,0.72,0.5013739
0.18,0.45,0.7,0.24,0.74,0.71,0.5013739
0.16,0.42,0.7,0.22,0.75,0.71,0.501374
0.17,0.44,0.7,0.2,0.75,0.71,0.501374
0.18,0.45,0.71,0.21,0.75,0.72,0.501374
0.16,0.47,0.73,0.26,0.76,0.72,0.5013759
0.17,0.46,0.7,0.24,0.72,0.71,0.5013769
0.16,0.46,0.71,0.25,0.73,0.7,0.501377
0.16,0.43,0.71,0.2,0.73,0.71,0.5013772
0.16,0.45,0.7,0.21,0.74,0.7,0.5013774
0.16,0.47,0.71,0.24,0.74,0.71,0.5013776
0.17,0.46,0.71,0.22,0.74,0.71,0.5013776
0.17,0.48,0.7,0.23,0.74,0.72,0.5013777
0.17,0.44,0.72,0.21,0.73,0.72,0.5013778
0.18,0.47,0.72,0.23,0.74,0.72,0.501378
0.16,0.48,0.71,0.24,0.72,0.72,0.5013783
0.16,0.42,0.7,0.21,0.76,0.71,0.5013787
0.17,0.43,0.71,0.22,0.76,0.72,0.501379
0.17,0.46,0.71,0.25,0.74,0.71,0.5013793
0.17,0.43,0.71,0.2,0.72,0.72,0.5013795
0.18,0.45,0.7,0.24,0.75,0.72,0.5013803
0.16,0.47,0.7,0.23,0.76,0.72,0.5013805
0.16,0.48,0.72,0.25,0.73,0.72,0.5013806
0.16,0.49,0.74,0.24,0.73,0.72,0.5013806
0.17,0.46,0.7,0.2,0.72,0.7,0.5013807
0.16,0.42,0.7,0.22,0.76,0.72,0.5013809
0.16,0.45,0.72,0.22,0.72,0.71,0.5013813
0.18,0.48,0.7,0.2,0.73,0.72,0.5013814
0.17,0.47,0.7,0.24,0.73,0.71,0.5013824
0.16,0.44,0.71,0.23,0.75,0.71,0.5013829
0.16,0.48,0.73,0.26,0.74,0.72,0.5013831
0.17,0.46,0.7,0.24,0.73,0.72,0.5013835
0.16,0.44,0.72,0.21,0.72,0.72,0.5013839
0.16,0.45,0.7,0.25,0.75,0.7,0.501384
0.18,0.44,0.7,0.23,0.74,0.71,0.5013841
0.16,0.41,0.7,0.21,0.75,0.71,0.5013851
0.17,0.44,0.71,0.2,0.76,0.72,0.5013851
0.17,0.46,0.71,0.25,0.75,0.72,0.5013857
0.18,0.47,0.7,0.24,0.73,0.72,0.5013859
0.16,0.46,0.72,0.2,0.72,0.71,0.5013867
0.17,0.47,0.73,0.21,0.72,0.72,0.501387
0.17,0.45,0.7,0.23,0.72,0.71,0.5013872
0.18,0.44,0.7,0.2,0.73,0.71,0.5013872
0.18,0.47,0.71,0.25,0.74,0.72,0.5013882
0.16,0.47,0.72,0.24,0.76,0.72,0.5013883
0.17,0.46,0.72,0.22,0.75,0.72,0.5013883
0.16,0.45,0.71,0.21,0.75,0.71,0.5013884
0.18,0.48,0.72,0.21,0.73,0.72,0.5013885
0.16,0.43,0.72,0.2,0.74,0.72,0.5013888
0.17,0.49,0.71,0.2,0.72,0.72,0.501389
0.17,0.45,0.71,0.24,0.74,0.71,0.5013893
0.16,0.48,0.7,0.23,0.72,0.72,0.5013901
0.17,0.45,0.7,0.21,0.72,0.7,0.5013904
0.18,0.49,0.71,0.22,0.72,0.72,0.5013904
0.18,0.44,0.7,0.23,0.75,0.72,0.5013906
0.18,0.46,0.71,0.22,0.72,0.71,0.5013907
0.16,0.41,0.7,0.21,0.76,0.72,0.501392
0.16,0.48,0.71,0.24,0.73,0.72,0.501392
0.16,0.45,0.73,0.22,0.73,0.72,0.5013924
0.17,0.42,0.7,0.21,0.74,0.71,0.5013925
0.18,0.45,0.7,0.23,0.75,0.71,0.5013925
0.16,0.46,0.71,0.24,0.72,0.71,0.5013927
0.17,0.48,0.73,0.24,0.74,0.72,0.5013928
0.17,0.47,0.7,0.21,0.73,0.71,0.5013933
0.17,0.45,0.7,0.23,0.73,0.72,0.5013937
0.16,0.44,0.72,0.23,0.76,0.72,0.5013939
0.16,0.48,0.72,0.25,0.74,0.72,0.5013941
0.16,0.46,0.72,0.25,0.74,0.71,0.5013949
0.16,0.43,0.72,0.2,0.72,0.72,0.5013953
0.18,0.47,0.7,0.23,0.73,0.71,0.5013956
0.17,0.45,0.71,0.24,0.75,0.72,0.5013957
0.16,0.43,0.7,0.22,0.73,0.7,0.5013959
0.17,0.49,0.73,0.21,0.72,0.72,0.5013959
0.18,0.46,0.7,0.21,0.76,0.72,0.5013972
0.16,0.47,0.71,0.25,0.72,0.71,0.5013975
0.18,0.47,0.71,0.2,0.72,0.71,0.5013975
0.16,0.46,0.73,0.2,0.73,0.72,0.5013977
0.17,0.44,0.7,0.22,0.72,0.71,0.5013977
0.18,0.44,0.71,0.2,0.74,0.72,0.5013984
0.18,0.49,0.73,0.23,0.72,0.72,0.5013984
0.16,0.48,0.73,0.26,0.75,0.72,0.501399
0.16,0.46,0.71,0.24,0.73,0.72,0.5013992
0.16,0.45,0.72,0.21,0.76,0.72,0.5013993
0.18,0.47,0.7,0.24,0.74,0.72,0.5013997
0.16,0.48,0.71,0.21,0.72,0.71,0.5014009
0.16,0.46,0.72,0.25,0.75,0.72,0.5014011
0.17,0.45,0.71,0.21,0.73,0.71,0.5014013
0.18,0.43,0.7,0.22,0.75,0.72,0.5014013
0.18,0.46,0.72,0.22,0.73,0.72,0.5014015
0.16,0.44,0.7,0.2,0.73,0.7,0.5014016
0.16,0.48,0.74,0.22,0.72,0.72,0.5014018
0.17,0.46,0.7,0.25,0.73,0.7,0.5014019
0.18,0.47,0.71,0.25,0.75,0.72,0.5014019
0.16,0.45,0.71,0.23,0.72,0.71,0.5014029
0.16,0.47,0.73,0.23,0.75,0.72,0.5014031
0.18,0.45,0.71,0.23,0.76,0.72,0.5014031
0.17,0.44,0.7,0.22,0.76,0.71,0.5014032
0.17,0.48,0.71,0.23,0.72,0.71,0.5014032
0.16,0.4,0.7,0.2,0.76,0.72,0.5014037
0.16,0.48,0.7,0.23,0.73,0.72,0.5014039
0.16,0.41,0.7,0.2,0.75,0.71,0.501404
0.17,0.47,0.71,0.21,0.75,0.72,0.5014041
0.17,0.44,0.7,0.22,0.73,0.72,0.5014043
0.16,0.48,0.7,0.2,0.74,0.72,0.5014048
0.16,0.46,0.71,0.22,0.72,0.7,0.5014055
0.16,0.48,0.71,0.24,0.74,0.72,0.5014056
0.17,0.47,0.72,0.23,0.72,0.71,0.5014056
0.17,0.44,0.71,0.23,0.75,0.72,0.5014059
0.18,0.47,0.71,0.23,0.75,0.72,0.501406
0.17,0.48,0.7,0.22,0.74,0.72,0.5014061
0.18,0.48,0.73,0.24,0.72,0.72,0.5014061
0.16,0.46,0.7,0.22,0.73,0.7,0.5014062
0.16,0.43,0.71,0.22,0.74,0.71,0.5014071
0.18,0.47,0.72,0.25,0.75,0.72,0.5014074
0.18,0.47,0.72,0.2,0.73,0.72,0.501408
0.16,0.45,0.7,0.2,0.76,0.71,0.5014084
0.16,0.49,0.74,0.2,0.72,0.72,0.5014085
0.17,0.46,0.7,0.24,0.73,0.7,0.5014089
0.16,0.47,0.7,0.24,0.72,0.71,0.501409
0.17,0.43,0.7,0.21,0.72,0.71,0.501409
0.16,0.45,0.71,0.23,0.73,0.72,0.5014094
0.17,0.45,0.7,0.22,0.76,0.71,0.5014097
0.18,0.46,0.7,0.24,0.72,0.7,0.5014099
0.16,0.47,0.71,0.25,0.73,0.71,0.5014111
0.16,0.45,0.72,0.24,0.75,0.72,0.5014112
0.16,0.48,0.72,0.21,0.74,0.72,0.5014114
0.17,0.45,0.72,0.21,0.74,0.72,0.5014121
0.16,0.44,0.71,0.2,0.74,0.71,0.5014126
0.17,0.47,0.7,0.24,0.72,0.72,0.5014126
0.18,0.42,0.7,0.21,0.75,0.72,0.5014126
0.17,0.48,0.72,0.23,0.74,0.72,0.5014133
0.16,0.44,0.71,0.22,0.72,0.71,0.5014136
0.16,0.47,0.72,0.26,0.74,0.71,0.5014136
0.18,0.47,0.7,0.24,0.75,0.72,0.5014136
0.16,0.49,0.71,0.22,0.73,0.72,0.5014137
0.16,0.41,0.71,0.2,0.76,0.72,0.5014153
0.17,0.43,0.7,0.21,0.73,0.72,0.5014156
0.18,0.48,0.72,0.25,0.74,0.72,0.501416
0.16,0.46,0.72,0.22,0.73,0.71,0.5014161
0.17,0.47,0.73,0.23,0.73,0.72,0.5014161
0.18,0.44,0.7,0.22,0.74,0.71,0.5014164
0.16,0.47,0.71,0.24,0.72,0.7,0.5014166
0.17,0.43,0.71,0.22,0.75,0.72,0.5014166
0.16,0.46,0.71,0.22,0.75,0.71,0.5014168
0.17,0.46,0.72,0.24,0.76,0.72,0.5014176
0.16,0.48,0.7,0.23,0.74,0.72,0.5014177
0.16,0.45,0.71,0.23,0.76,0.71,0.5014179
0.16,0.47,0.7,0.23,0.74,0.71,0.5014189
0.18,0.46,0.7,0.25,0.74,0.71,0.501419
0.17,0.46,0.71,0.24,0.75,0.71,0.5014192
0.18,0.47,0.71,0.24,0.72,0.72,0.5014192
0.16,0.44,0.71,0.22,0.73,0.72,0.5014201
0.18,0.46,0.71,0.24,0.73,0.71,0.5014203
0.17,0.45,0.7,0.23,0.73,0.7,0.5014204
0.16,0.48,0.73,0.24,0.72,0.71,0.5014208
0.17,0.42,0.7,0.2,0.72,0.71,0.5014208
0.18,0.47,0.72,0.25,0.74,0.72,0.5014208
0.16,0.49,0.73,0.23,0.73,0.72,0.501421
0.17,0.49,0.74,0.25,0.72,0.72,0.5014212
0.16,0.44,0.72,0.23,0.75,0.72,0.5014215
0.17,0.48,0.73,0.21,0.73,0.72,0.5014219
0.18,0.45,0.7,0.25,0.76,0.71,0.5014222
0.16,0.47,0.7,0.24,0.73,0.71,0.5014227
0.16,0.47,0.72,0.2,0.73,0.71,0.5014228
0.18,0.45,0.7,0.2,0.74,0.71,0.501423
0.16,0.44,0.72,0.2,0.75,0.72,0.5014235
0.17,0.49,0.73,0.25,0.73,0.72,0.5014236
0.18,0.41,0.7,0.2,0.75,0.72,0.5014243
0.17,0.48,0.72,0.25,0.72,0.72,0.5014247
0.16,0.47,0.71,0.25,0.74,0.71,0.5014248
0.18,0.42,0.7,0.2,0.76,0.72,0.5014248
0.16,0.43,0.71,0.21,0.72,0.71,0.5014249
0.17,0.45,0.7,0.25,0.75,0.71,0.5014259
0.17,0.47,0.7,0.24,0.73,0.72,0.5014261
0.17,0.48,0.73,0.26,0.74,0.72,0.5014262
0.18,0.45,0.72,0.21,0.72,0.72,0.5014262
0.17,0.44,0.71,0.2,0.72,0.71,0.5014263
0.16,0.47,0.72,0.24,0.74,0.71,0.5014266
0.16,0.46,0.73,0.22,0.74,0.72,0.5014267
0.18,0.44,0.71,0.22,0.75,0.72,0.501427
0.17,0.43,0.7,0.21,0.75,0.71,0.5014274
0.17,0.42,0.7,0.2,0.73,0.72,0.5014275
0.17,0.47,0.71,0.25,0.74,0.72,0.5014279
0.17,0.42,0.71,0.21,0.75,0.72,0.5014281
0.16,0.46,0.7,0.25,0.72,0.7,0.5014287
0.16,0.47,0.71,0.23,0.76,0.72,0.5014291
0.18,0.46,0.71,0.23,0.72,0.72,0.5014295
0.18,0.48,0.71,0.2,0.73,0.72,0.5014307
0.17,0.45,0.71,0.23,0.74,0.71,0.5014309
0.18,0.46,0.72,0.24,0.74,0.72,0.5014309
0.16,0.48,0.74,0.24,0.73,0.72,0.501431
0.16,0.44,0.7,0.22,0.74,0.7,0.5014313
0.16,0.43,0.71,0.21,0.73,0.72,0.5014314
0.16,0.5,0.74,0.25,0.72,0.72,0.5014317
0.17,0.45,0.7,0.25,0.76,0.72,0.5014321
0.16,0.43,0.72,0.22,0.75,0.72,0.5014323
0.16,0.47,0.73,0.25,0.76,0.72,0.5014325
0.18,0.49,0.7,0.21,0.72,0.72,0.5014326
0.16,0.47,0.73,0.2,0.74,0.72,0.5014332
0.18,0.45,0.71,0.2,0.75,0.72,0.5014335
0.16,0.45,0.7,0.24,0.72,0.7,0.5014336
0.17,0.47,0.72,0.24,0.72,0.72,0.5014345
0.17,0.47,0.72,0.25,0.73,0.71,0.5014352
0.16,0.46,0.71,0.24,0.73,0.7,0.5014354
0.18,0.46,0.7,0.21,0.74,0.71,0.5014358
0.18,0.47,0.72,0.22,0.74,0.72,0.5014361
0.17,0.44,0.7,0.24,0.75,0.71,0.5014362
0.16,0.5,0.75,0.26,0.72,0.72,0.5014363
0.16,0.42,0.71,0.2,0.72,0.71,0.5014367
0.16,0.47,0.7,0.24,0.74,0.71,0.5014367
0.17,0.46,0.71,0.21,0.74,0.71,0.5014368
0.17,0.44,0.72,0.2,0.73,0.72,0.5014373
0.17,0.43,0.71,0.21,0.76,0.72,0.501438
0.17,0.49,0.72,0.2,0.72,0.72,0.5014382
0.16,0.48,0.72,0.25,0.75,0.72,0.501439
0.16,0.42,0.7,0.2,0.76,0.71,0.5014392
0.18,0.49,0.72,0.22,0.72,0.72,0.5014392
0.17,0.47,0.7,0.24,0.74,0.72,0.5014396
0.16,0.45,0.7,0.24,0.73,0.71,0.5014399
0.16,0.48,0.73,0.25,0.72,0.72,0.50144
0.17,0.46,0.73,0.22,0.72,0.72,0.5014402
0.18,0.45,0.71,0.22,0.72,0.72,0.5014405
0.16,0.45,0.72,0.21,0.72,0.71,0.5014406
0.17,0.45,0.72,0.23,0.75,0.72,0.5014413
0.17,0.47,0.71,0.25,0.75,0.72,0.5014413
0.18,0.43,0.7,0.21,0.73,0.71,0.5014414
0.16,0.45,0.71,0.25,0.75,0.71,0.5014415
0.16,0.44,0.71,0.22,0.75,0.71,0.5014418
0.17,0.44,0.7,0.24,0.76,0.72,0.5014423
0.16,0.46,0.7,0.25,0.73,0.7,0.5014425
0.17,0.47,0.71,0.21,0.73,0.71,0.5014428
0.16,0.42,0.71,0.2,0.73,0.72,0.5014433
0.17,0.47,0.72,0.26,0.76,0.72,0.5014434
0.16,0.48,0.7,0.2,0.72,0.71,0.5014439
0.16,0.44,0.7,0.23,0.72,0.7,0.5014443
0.18,0.47,0.71,0.23,0.73,0.71,0.5014448
0.17,0.44,0.7,0.22,0.72,0.7,0.5014449
0.17,0.46,0.72,0.23,0.72,0.72,0.501445
0.17,0.48,0.7,0.22,0.72,0.71,0.501445
0.17,0.47,0.73,0.25,0.74,0.72,0.5014453
0.16,0.46,0.72,0.24,0.74,0.71,0.5014456
0.16,0.45,0.7,0.24,0.74,0.72,0.5014461
0.18,0.46,0.71,0.21,0.76,0.72,0.5014461
0.17,0.47,0.73,0.2,0.72,0.72,0.5014462
0.17,0.47,0.7,0.2,0.75,0.72,0.5014466
0.17,0.43,0.7,0.23,0.75,0.71,0.5014469
0.17,0.46,0.72,0.21,0.75,0.72,0.501447
0.18,0.47,0.7,0.22,0.75,0.72,0.5014475
0.16,0.45,0.7,0.2,0.74,0.7,0.5014476
0.16,0.45,0.71,0.25,0.76,0.72,0.5014476
0.16,0.45,0.71,0.2,0.75,0.71,0.5014485
0.16,0.47,0.73,0.24,0.72,0.72,0.50145
0.18,0.46,0.71,0.21,0.72,0.71,0.5014501
0.16,0.48,0.72,0.21,0.72,0.71,0.5014504
0.16,0.48,0.73,0.26,0.73,0.71,0.5014504
0.17,0.45,0.7,0.25,0.74,0.7,0.5014504
0.16,0.44,0.7,0.23,0.73,0.71,0.5014505
0.17,0.45,0.7,0.2,0.72,0.7,0.5014511
0.16,0.45,0.73,0.21,0.73,0.72,0.5014512
0.18,0.45,0.7,0.22,0.75,0.71,0.5014515
0.16,0.44,0.71,0.24,0.75,0.71,0.5014519
0.18,0.44,0.71,0.21,0.72,0.72,0.501452
0.16,0.44,0.72,0.22,0.76,0.72,0.5014522
0.18,0.43,0.71,0.21,0.74,0.72,0.5014522
0.17,0.48,0.72,0.23,0.72,0.71,0.5014524
0.17,0.42,0.7,0.2,0.74,0.71,0.5014529
0.17,0.43,0.7,0.23,0.76,0.72,0.501453
0.17,0.47,0.72,0.21,0.75,0.72,0.501453
0.16,0.47,0.7,0.24,0.72,0.72,0.5014532
0.17,0.47,0.7,0.24,0.75,0.72,0.5014534
0.16,0.48,0.71,0.2,0.74,0.72,0.5014539
0.16,0.47,0.71,0.25,0.73,0.72,0.5014547
0.17,0.48,0.71,0.22,0.74,0.72,0.5014547
0.16,0.47,0.74,0.23,0.72,0.72,0.5014548
0.17,0.47,0.71,0.25,0.76,0.72,0.501455
0.16,0.43,0.7,0.22,0.72,0.7,0.5014553
0.17,0.44,0.71,0.22,0.73,0.71,0.5014554
0.16,0.46,0.73,0.24,0.75,0.72,0.5014558
0.17,0.45,0.72,0.22,0.72,0.72,0.501456
0.16,0.43,0.7,0.21,0.73,0.7,0.5014562
0.16,0.49,0.7,0.21,0.73,0.72,0.5014563
0.18,0.48,0.71,0.24,0.74,0.72,0.5014566
0.16,0.44,0.7,0.23,0.74,0.72,0.5014567
0.17,0.43,0.7,0.23,0.76,0.71,0.5014568
0.16,0.44,0.71,0.24,0.76,0.72,0.501458
0.16,0.47,0.7,0.23,0.72,0.7,0.5014585
0.16,0.45,0.72,0.2,0.76,0.72,0.5014587
0.17,0.46,0.7,0.25,0.74,0.71,0.5014591
0.16,0.46,0.7,0.21,0.75,0.71,0.5014593
0.16,0.45,0.71,0.23,0.72,0.7,0.5014597
0.18,0.46,0.7,0.24,0.72,0.71,0.5014597
0.16,0.48,0.74,0.26,0.74,0.72,0.5014602
0.18,0.46,0.72,0.21,0.73,0.72,0.5014602
0.16,0.48,0.73,0.21,0.74,0.72,0.5014603
0.16,0.48,0.74,0.21,0.72,0.72,0.5014603
0.16,0.46,0.73,0.23,0.72,0.72,0.5014606
0.17,0.46,0.7,0.23,0.75,0.71,0.5014606
0.16,0.47,0.73,0.22,0.75,0.72,0.5014611
0.16,0.44,0.7,0.24,0.75,0.7,0.5014613
0.17,0.45,0.71,0.2,0.73,0.71,0.5014614
0.16,0.43,0.7,0.22,0.73,0.71,0.5014615
0.18,0.45,0.71,0.22,0.76,0.72,0.5014615
0.17,0.48,0.73,0.23,0.74,0.72,0.5014618
0.16,0.49,0.72,0.22,0.73,0.72,0.5014623
0.17,0.44,0.7,0.21,0.76,0.71,0.5014629
0.18,0.46,0.7,0.25,0.75,0.71,0.5014629
0.17,0.42,0.71,0.2,0.75,0.72,0.5014637
0.18,0.48,0.73,0.23,0.72,0.72,0.5014638
0.17,0.42,0.7,0.22,0.76,0.72,0.5014641
0.18,0.43,0.71,0.2,0.72,0.72,0.5014641
0.17,0.49,0.72,0.24,0.73,0.72,0.5014643
0.17,0.47,0.72,0.22,0.72,0.71,0.5014644
0.18,0.47,0.72,0.24,0.75,0.72,0.5014647
0.17,0.47,0.71,0.25,0.72,0.71,0.501465
0.16,0.46,0.71,0.21,0.72,0.7,0.5014653
0.18,0.46,0.7,0.24,0.73,0.72,0.5014657
0.17,0.44,0.72,0.22,0.74,0.72,0.5014658
0.16,0.47,0.7,0.24,0.73,0.72,0.5014666
0.16,0.43,0.71,0.21,0.74,0.71,0.5014667
0.18,0.46,0.71,0.25,0.75,0.72,0.5014667
0.16,0.42,0.7,0.21,0.72,0.7,0.5014668
0.17,0.44,0.72,0.21,0.72,0.72,0.5014675
0.16,0.43,0.7,0.22,0.74,0.72,0.5014678
0.16,0.47,0.71,0.23,0.74,0.71,0.501468
0.16,0.47,0.71,0.25,0.74,0.72,0.501468
0.16,0.43,0.71,0.23,0.76,0.72,0.5014686
0.18,0.46,0.7,0.23,0.72,0.7,0.501469
0.16,0.49,0.74,0.23,0.73,0.72,0.5014695
0.16,0.47,0.72,0.26,0.75,0.72,0.5014699
0.16,0.45,0.72,0.23,0.73,0.71,0.50147
0.17,0.47,0.71,0.25,0.74,0.71,0.5014702
0.18,0.45,0.7,0.23,0.72,0.71,0.5014706
0.17,0.47,0.71,0.25,0.73,0.72,0.5014707
0.16,0.47,0.7,0.22,0.76,0.72,0.5014711
0.16,0.44,0.71,0.24,0.76,0.71,0.5014714
0.16,0.45,0.73,0.22,0.72,0.72,0.5014716
0.17,0.45,0.72,0.2,0.74,0.72,0.5014716
0.17,0.47,0.72,0.26,0.75,0.72,0.5014717
0.16,0.5,0.73,0.24,0.72,0.72,0.5014722
0.17,0.47,0.7,0.24,0.76,0.72,0.5014724
0.17,0.46,0.7,0.25,0.75,0.71,0.5014727
0.16,0.42,0.7,0.21,0.73,0.71,0.5014731
0.17,0.47,0.73,0.22,0.73,0.72,0.5014742
0.16,0.45,0.7,0.24,0.75,0.7,0.5014746
0.17,0.46,0.71,0.24,0.72,0.71,0.5014752
0.17,0.46,0.72,0.23,0.76,0.72,0.5014753
0.16,0.46,0.72,0.21,0.73,0.71,0.5014754
0.18,0.46,0.7,0.25,0.75,0.72,0.5014757
0.17,0.41,0.7,0.21,0.76,0.72,0.5014759
0.18,0.44,0.7,0.21,0.74,0.71,0.501476
0.18,0.45,0.7,0.23,0.73,0.72,0.5014765
0.16,0.45,0.71,0.22,0.76,0.71,0.5014767
0.16,0.44,0.73,0.2,0.72,0.72,0.5014771
0.16,0.43,0.72,0.21,0.75,0.72,0.5014772
0.18,0.45,0.71,0.24,0.75,0.72,0.5014773
0.16,0.47,0.72,0.23,0.76,0.72,0.5014775
0.16,0.48,0.72,0.25,0.73,0.71,0.5014779
0.17,0.49,0.74,0.24,0.72,0.72,0.5014784
0.18,0.46,0.71,0.23,0.73,0.71,0.5014788
0.16,0.48,0.73,0.23,0.72,0.71,0.5014791
0.16,0.42,0.7,0.21,0.74,0.72,0.5014794
0.17,0.47,0.72,0.25,0.76,0.72,0.5014795
0.17,0.43,0.72,0.2,0.72,0.72,0.5014796
0.16,0.42,0.71,0.22,0.76,0.72,0.5014797
0.18,0.48,0.72,0.2,0.73,0.72,0.5014798
0.16,0.48,0.71,0.24,0.75,0.72,0.5014799
0.16,0.47,0.7,0.24,0.74,0.72,0.50148
0.17,0.45,0.7,0.22,0.73,0.7,0.50148
0.16,0.45,0.73,0.23,0.74,0.72,0.5014801
0.18,0.45,0.7,0.24,0.76,0.71,0.5014802
0.16,0.47,0.72,0.25,0.72,0.71,0.5014804
0.17,0.46,0.71,0.24,0.73,0.72,0.5014811
0.17,0.48,0.73,0.2,0.73,0.72,0.5014813
0.18,0.49,0.71,0.21,0.72,0.72,0.5014813
0.16,0.47,0.71,0.25,0.75,0.72,0.5014814
0.17,0.42,0.7,0.22,0.75,0.71,0.5014817
0.18,0.44,0.7,0.22,0.72,0.71,0.5014818
0.17,0.46,0.72,0.25,0.75,0.72,0.501482
0.16,0.42,0.7,0.2,0.72,0.7,0.5014822
0.16,0.44,0.7,0.25,0.75,0.7,0.5014828
0.18,0.48,0.72,0.25,0.72,0.71,0.5014828
0.16,0.44,0.73,0.21,0.72,0.72,0.5014832
0.16,0.47,0.72,0.26,0.76,0.72,0.5014832
0.16,0.46,0.71,0.26,0.74,0.7,0.5014849
0.16,0.41,0.7,0.2,0.73,0.71,0.5014854
0.16,0.46,0.73,0.21,0.74,0.72,0.5014854
0.18,0.45,0.72,0.2,0.72,0.72,0.5014858
0.16,0.43,0.7,0.23,0.74,0.7,0.5014859
0.17,0.47,0.7,0.2,0.73,0.71,0.5014859
0.16,0.47,0.72,0.25,0.73,0.72,0.501486
0.17,0.45,0.71,0.23,0.72,0.71,0.5014861
0.18,0.44,0.71,0.21,0.75,0.72,0.5014861
0.16,0.46,0.7,0.25,0.73,0.71,0.5014863
0.18,0.47,0.7,0.22,0.73,0.71,0.5014867
0.16,0.48,0.73,0.25,0.75,0.72,0.501487
0.16,0.47,0.73,0.26,0.75,0.72,0.5014872
0.17,0.49,0.73,0.2,0.72,0.72,0.5014872
0.18,0.44,0.7,0.22,0.73,0.72,0.5014876
0.17,0.43,0.7,0.2,0.75,0.71,0.5014879
0.18,0.49,0.73,0.22,0.72,0.72,0.501488
0.17,0.4,0.7,0.2,0.76,0.72,0.5014881
0.18,0.44,0.71,0.23,0.75,0.72,0.5014881
0.16,0.48,0.74,0.23,0.73,0.72,0.5014886
0.18,0.46,0.72,0.23,0.74,0.72,0.5014886
0.16,0.44,0.7,0.25,0.76,0.71,0.5014887
0.18,0.46,0.7,0.2,0.76,0.72,0.5014887
0.18,0.46,0.7,0.25,0.76,0.72,0.5014891
0.16,0.47,0.73,0.24,0.76,0.72,0.5014897
0.17,0.45,0.71,0.22,0.74,0.71,0.5014899
0.16,0.46,0.72,0.24,0.72,0.71,0.5014909
0.16,0.41,0.71,0.21,0.76,0.72,0.5014915
0.16,0.44,0.7,0.21,0.74,0.7,0.5014915
0.16,0.41,0.7,0.2,0.74,0.72,0.5014917
0.17,0.45,0.71,0.23,0.73,0.72,0.5014919
0.18,0.48,0.73,0.25,0.73,0.72,0.5014922
0.17,0.45,0.72,0.24,0.75,0.72,0.5014926
0.16,0.42,0.71,0.2,0.73,0.71,0.5014929
0.16,0.5,0.75,0.25,0.72,0.72,0.501493
0.17,0.47,0.72,0.24,0.73,0.71,0.5014931
0.16,0.41,0.7,0.21,0.76,0.71,0.5014935
0.16,0.47,0.7,0.24,0.75,0.72,0.5014935
0.16,0.48,0.71,0.2,0.72,0.71,0.5014935
0.18,0.43,0.7,0.21,0.72,0.71,0.5014937
0.17,0.48,0.71,0.22,0.72,0.71,0.5014941
0.16,0.46,0.71,0.23,0.73,0.7,0.5014945
0.16,0.47,0.71,0.25,0.76,0.72,0.5014949
0.18,0.47,0.72,0.21,0.74,0.72,0.5014949
0.17,0.47,0.71,0.2,0.75,0.72,0.5014956
0.16,0.43,0.71,0.23,0.75,0.71,0.501496
0.18,0.48,0.71,0.24,0.72,0.71,0.501496
0.18,0.47,0.71,0.22,0.75,0.72,0.5014961
0.16,0.46,0.72,0.24,0.73,0.72,0.5014966
0.17,0.46,0.71,0.2,0.74,0.71,0.501497
0.17,0.48,0.7,0.21,0.74,0.72,0.5014972
0.16,0.46,0.73,0.25,0.75,0.72,0.5014974
0.17,0.44,0.71,0.22,0.72,0.71,0.5014974
0.17,0.43,0.71,0.2,0.76,0.72,0.501498
0.18,0.48,0.7,0.23,0.74,0.72,0.5014981
0.16,0.46,0.7,0.21,0.73,0.7,0.5014989
0.17,0.46,0.73,0.21,0.72,0.72,0.5014991
0.16,0.43,0.7,0.24,0.76,0.71,0.5014993
0.16,0.46,0.7,0.25,0.74,0.71,0.5014997
0.17,0.45,0.72,0.22,0.75,0.72,0.5014997
0.18,0.43,0.7,0.21,0.73,0.72,0.5014997
0.17,0.46,0.7,0.23,0.73,0.7,0.5015004
0.16,0.45,0.72,0.2,0.72,0.71,0.5015005
0.16,0.46,0.71,0.26,0.75,0.71,0.5015013
0.16,0.44,0.71,0.21,0.75,0.71,0.5015015
0.17,0.45,0.7,0.21,0.76,0.71,0.5015015
0.16,0.45,0.72,0.23,0.72,0.71,0.5015019
0.18,0.43,0.7,0.2,0.73,0.71,0.5015019
0.18,0.46,0.7,0.25,0.73,0.7,0.5015026
0.17,0.47,0.73,0.24,0.74,0.72,0.5015027
0.16,0.48,0.72,0.2,0.74,0.72,0.5015029
0.17,0.44,0.71,0.22,0.73,0.72,0.5015032
0.17,0.48,0.72,0.22,0.74,0.72,0.5015032
0.16,0.42,0.72,0.2,0.74,0.72,0.5015035
0.18,0.45,0.71,0.22,0.72,0.71,0.5015037
0.16,0.46,0.72,0.23,0.74,0.71,0.5015041
0.18,0.44,0.7,0.23,0.75,0.71,0.5015047
0.18,0.48,0.72,0.24,0.74,0.72,0.5015048
0.16,0.49,0.71,0.21,0.73,0.72,0.5015049
0.17,0.44,0.7,0.21,0.72,0.7,0.5015051
0.17,0.49,0.71,0.23,0.73,0.72,0.5015056
0.18,0.48,0.72,0.25,0.72,0.72,0.5015058
0.18,0.42,0.7,0.2,0.72,0.71,0.5015061
0.17,0.46,0.7,0.25,0.72,0.7,0.5015062
0.17,0.46,0.72,0.2,0.75,0.72,0.5015066
0.17,0.49,0.74,0.26,0.73,0.72,0.5015068
0.16,0.47,0.7,0.24,0.76,0.72,0.5015072
0.16,0.45,0.72,0.23,0.73,0.72,0.5015075
0.18,0.45,0.7,0.25,0.75,0.71,0.5015077
0.18,0.46,0.71,0.25,0.74,0.71,0.5015077
0.16,0.47,0.71,0.23,0.72,0.7,0.501508
0.16,0.46,0.71,0.21,0.75,0.71,0.5015085
0.17,0.45,0.7,0.24,0.74,0.7,0.5015091
0.17,0.43,0.71,0.21,0.72,0.71,0.5015093
0.17,0.46,0.71,0.23,0.75,0.71,0.5015095
0.17,0.47,0.71,0.25,0.72,0.7,0.50151
0.16,0.42,0.7,0.23,0.76,0.71,0.5015103
0.16,0.47,0.7,0.22,0.74,0.71,0.5015103
0.18,0.46,0.71,0.2,0.72,0.71,0.5015103
0.16,0.45,0.73,0.2,0.73,0.72,0.5015106
0.16,0.49,0.73,0.22,0.73,0.72,0.5015108
0.16,0.44,0.72,0.21,0.76,0.72,0.5015112
0.18,0.45,0.7,0.21,0.75,0.71,0.5015112
0.17,0.46,0.7,0.25,0.73,0.71,0.5015117
0.17,0.47,0.7,0.24,0.74,0.71,0.5015117
0.18,0.42,0.7,0.2,0.73,0.72,0.5015121
0.18,0.43,0.71,0.2,0.74,0.72,0.5015121
0.17,0.49,0.73,0.24,0.73,0.72,0.5015123
0.17,0.46,0.71,0.26,0.75,0.71,0.5015124
0.16,0.47,0.74,0.22,0.72,0.72,0.5015131
0.18,0.45,0.7,0.25,0.76,0.72,0.5015131
0.16,0.44,0.72,0.22,0.72,0.71,0.5015132
0.16,0.46,0.7,0.25,0.75,0.71,0.5015132
0.16,0.5,0.72,0.23,0.72,0.72,0.5015135
0.18,0.45,0.72,0.22,0.73,0.72,0.5015135
0.16,0.46,0.73,0.23,0.75,0.72,0.5015136
0.18,0.44,0.71,0.23,0.76,0.72,0.5015143
0.16,0.46,0.71,0.26,0.76,0.71,0.5015148
0.17,0.44,0.71,0.21,0.73,0.71,0.5015151
0.17,0.43,0.71,0.21,0.73,0.72,0.5015152
0.17,0.46,0.7,0.25,0.75,0.72,0.5015158
0.17,0.43,0.7,0.22,0.76,0.71,0.501516
0.18,0.47,0.72,0.24,0.72,0.72,0.5015161
0.16,0.47,0.72,0.23,0.74,0.71,0.5015169
0.16,0.43,0.7,0.2,0.73,0.7,0.501517
0.16,0.48,0.74,0.25,0.74,0.72,0.501517
0.17,0.45,0.7,0.24,0.72,0.7,0.501517
0.17,0.46,0.7,0.25,0.74,0.72,0.5015173
0.17,0.46,0.71,0.26,0.76,0.72,0.5015178
0.17,0.46,0.72,0.23,0.72,0.71,0.5015178
0.17,0.45,0.71,0.24,0.75,0.71,0.5015186
0.18,0.44,0.7,0.24,0.75,0.71,0.5015186
0.16,0.44,0.72,0.22,0.73,0.72,0.5015189
0.16,0.45,0.71,0.22,0.72,0.7,0.5015194
0.16,0.48,0.71,0.24,0.73,0.71,0.5015194
0.16,0.47,0.71,0.22,0.76,0.72,0.5015195
0.16,0.48,0.74,0.2,0.72,0.72,0.5015197
0.18,0.46,0.72,0.2,0.73,0.72,0.5015199
0.16,0.47,0.73,0.21,0.75,0.72,0.50152
0.16,0.4,0.7,0.2,0.75,0.71,0.5015201
0.16,0.5,0.74,0.24,0.72,0.72,0.5015203
0.16,0.44,0.7,0.23,0.75,0.7,0.5015205
0.17,0.47,0.71,0.24,0.76,0.72,0.5015205
0.18,0.45,0.71,0.21,0.76,0.72,0.5015206
0.17,0.48,0.73,0.25,0.72,0.72,0.501521
0.16,0.41,0.7,0.22,0.76,0.71,0.5015218
0.16,0.46,0.71,0.25,0.72,0.7,0.5015218
0.16,0.48,0.7,0.23,0.75,0.72,0.5015218
0.18,0.48,0.73,0.22,0.72,0.72,0.501522
0.17,0.47,0.72,0.26,0.74,0.71,0.5015221
0.17,0.5,0.74,0.26,0.72,0.72,0.5015224
0.17,0.45,0.7,0.24,0.73,0.71,0.5015225
0.18,0.47,0.72,0.23,0.75,0.72,0.5015225
0.17,0.45,0.71,0.25,0.75,0.71,0.501523
0.17,0.44,0.7,0.2,0.76,0.71,0.5015232
0.17,0.47,0.72,0.21,0.72,0.71,0.5015237
0.18,0.44,0.7,0.24,0.76,0.72,0.5015241
0.18,0.49,0.7,0.2,0.72,0.72,0.5015245
0.17,0.44,0.72,0.21,0.74,0.72,0.5015249
0.16,0.49,0.74,0.26,0.72,0.72,0.501526
0.16,0.46,0.7,0.25,0.74,0.7,0.5015262
0.16,0.46,0.71,0.2,0.72,0.7,0.5015262
0.16,0.48,0.73,0.25,0.73,0.71,0.5015262
0.16,0.46,0.7,0.25,0.76,0.71,0.5015269
0.16,0.43,0.71,0.2,0.74,0.71,0.5015271
0.18,0.46,0.72,0.23,0.72,0.72,0.5015271
0.16,0.46,0.71,0.25,0.73,0.71,0.5015272
0.17,0.46,0.73,0.23,0.73,0.72,0.5015273
0.17,0.42,0.71,0.2,0.73,0.72,0.5015277
0.16,0.48,0.72,0.24,0.75,0.72,0.5015279
0.16,0.46,0.72,0.26,0.75,0.71,0.501528
0.17,0.45,0.72,0.24,0.76,0.72,0.501528
0.17,0.45,0.7,0.24,0.74,0.72,0.5015281
0.17,0.44,0.7,0.23,0.72,0.7,0.5015282
0.18,0.46,0.7,0.2,0.74,0.71,0.5015283
0.17,0.45,0.71,0.25,0.76,0.72,0.5015284
0.18,0.46,0.7,0.22,0.72,0.7,0.5015287
0.17,0.46,0.7,0.25,0.76,0.72,0.501529
0.16,0.45,0.72,0.22,0.73,0.71,0.5015291
0.18,0.43,0.7,0.22,0.74,0.71,0.5015299
0.18,0.49,0.72,0.21,0.72,0.72,0.5015299
0.16,0.44,0.71,0.23,0.76,0.71,0.50153
0.16,0.4,0.71,0.2,0.76,0.72,0.5015304
0.16,0.43,0.72,0.21,0.73,0.72,0.5015309
0.17,0.47,0.73,0.24,0.72,0.72,0.5015314
0.16,0.47,0.73,0.24,0.72,0.71,0.5015321
0.16,0.45,0.71,0.24,0.72,0.7,0.5015327
0.16,0.46,0.7,0.24,0.72,0.72,0.5015328
0.16,0.46,0.71,0.25,0.74,0.72,0.5015328
0.16,0.46,0.72,0.25,0.75,0.71,0.501533
0.17,0.47,0.73,0.21,0.73,0.72,0.501533
0.16,0.46,0.72,0.26,0.76,0.72,0.5015333
0.16,0.45,0.7,0.26,0.75,0.7,0.5015336
0.17,0.44,0.7,0.23,0.73,0.71,0.5015337
0.17,0.46,0.72,0.22,0.76,0.72,0.5015337
0.17,0.44,0.7,0.23,0.73,0.7,0.5015341
0.16,0.46,0.71,0.25,0.76,0.71,0.501535
0.18,0.43,0.7,0.23,0.76,0.72,0.5015353
0.17,0.47,0.71,0.2,0.73,0.71,0.5015354
0.16,0.46,0.72,0.2,0.73,0.71,0.5015357
0.18,0.47,0.71,0.22,0.73,0.71,0.5015357
0.17,0.49,0.74,0.23,0.72,0.72,0.5015361
0.16,0.48,0.74,0.25,0.72,0.72,0.5015363
0.16,0.45,0.71,0.21,0.76,0.71,0.5015365
0.18,0.44,0.7,0.2,0.74,0.71,0.5015366
0.16,0.43,0.72,0.2,0.75,0.72,0.501537
0.17,0.48,0.7,0.21,0.72,0.71,0.501537
0.18,0.46,0.71,0.2,0.76,0.72,0.5015375
0.16,0.48,0.73,0.22,0.72,0.71,0.5015379
0.18,0.46,0.71,0.22,0.73,0.71,0.5015379
0.18,0.48,0.7,0.23,0.72,0.71,0.5015379
0.16,0.45,0.71,0.24,0.73,0.71,0.5015381
0.18,0.47,0.7,0.21,0.75,0.72,0.5015386
0.16,0.45,0.73,0.22,0.74,0.72,0.5015387
0.18,0.45,0.72,0.22,0.72,0.72,0.5015387
0.18,0.41,0.7,0.2,0.76,0.72,0.5015388
0.18,0.45,0.7,0.23,0.76,0.71,0.5015389
0.17,0.44,0.7,0.23,0.74,0.72,0.5015393
0.17,0.44,0.71,0.24,0.76,0.72,0.5015393
0.18,0.43,0.71,0.22,0.75,0.72,0.5015396
0.17,0.45,0.7,0.21,0.73,0.7,0.5015402
0.16,0.47,0.74,0.24,0.73,0.72,0.5015413
0.17,0.43,0.71,0.2,0.72,0.71,0.5015417
0.17,0.42,0.7,0.21,0.75,0.71,0.5015418
0.16,0.46,0.73,0.25,0.76,0.72,0.5015421
0.17,0.46,0.73,0.23,0.72,0.72,0.5015424
0.16,0.48,0.72,0.2,0.72,0.71,0.5015429
0.16,0.46,0.7,0.25,0.74,0.72,0.5015431
0.17,0.48,0.72,0.22,0.72,0.71,0.5015432
0.16,0.42,0.72,0.2,0.73,0.72,0.5015434
0.16,0.45,0.71,0.24,0.74,0.72,0.5015437
0.17,0.44,0.71,0.23,0.74,0.71,0.5015437
0.16,0.45,0.7,0.23,0.72,0.72,0.5015439
0.16,0.45,0.72,0.25,0.76,0.72,0.5015439
0.17,0.47,0.72,0.2,0.75,0.72,0.5015444
0.18,0.48,0.72,0.24,0.72,0.71,0.5015446
0.16,0.46,0.73,0.2,0.74,0.72,0.501545
0.17,0.43,0.7,0.22,0.73,0.71,0.5015452
0.17,0.48,0.71,0.21,0.74,0.72,0.5015457
0.16,0.43,0.7,0.22,0.74,0.7,0.5015458
0.18,0.44,0.71,0.2,0.75,0.72,0.5015461
0.18,0.48,0.71,0.23,0.74,0.72,0.5015462
0.18,0.47,0.71,0.25,0.72,0.71,0.5015467
0.16,0.48,0.74,0.22,0.73,0.72,0.5015468
0.16,0.47,0.74,0.24,0.72,0.72,0.5015469
0.16,0.5,0.74,0.26,0.72,0.72,0.5015469
0.18,0.46,0.72,0.22,0.74,0.72,0.501547
0.18,0.42,0.7,0.22,0.76,0.72,0.5015471
0.16,0.47,0.73,0.23,0.76,0.72,0.5015474
0.17,0.49,0.7,0.22,0.73,0.72,0.5015481
0.16,0.45,0.71,0.24,0.73,0.7,0.5015484
0.16,0.49,0.7,0.2,0.73,0.72,0.5015484
0.16,0.44,0.71,0.23,0.73,0.71,0.5015494
0.17,0.45,0.71,0.21,0.74,0.71,0.5015495
0.18,0.48,0.73,0.24,0.73,0.72,0.5015497
0.16,0.44,0.7,0.25,0.76,0.7,0.50155
0.17,0.43,0.71,0.23,0.76,0.72,0.5015506
0.16,0.47,0.7,0.22,0.72,0.7,0.5015507
0.17,0.43,0.7,0.22,0.74,0.72,0.5015509
0.18,0.44,0.72,0.21,0.72,0.72,0.5015509
0.17,0.42,0.71,0.21,0.76,0.72,0.5015515
0.17,0.48,0.73,0.22,0.74,0.72,0.5015515
0.16,0.48,0.73,0.2,0.74,0.72,0.5015517
0.17,0.43,0.72,0.2,0.73,0.72,0.5015517
0.17,0.47,0.72,0.23,0.73,0.71,0.5015517
0.18,0.47,0.71,0.25,0.73,0.72,0.5015517
0.18,0.47,0.72,0.26,0.75,0.72,0.5015518
0.17,0.46,0.7,0.22,0.75,0.71,0.5015519
0.17,0.47,0.7,0.24,0.72,0.7,0.501552
0.16,0.46,0.7,0.2,0.75,0.71,0.5015521
0.16,0.44,0.7,0.2,0.74,0.7,0.5015525
0.18,0.46,0.7,0.24,0.75,0.71,0.5015529
0.17,0.44,0.72,0.23,0.75,0.72,0.501553
0.18,0.49,0.72,0.25,0.72,0.72,0.501553
0.16,0.49,0.72,0.21,0.73,0.72,0.5015533
0.17,0.49,0.72,0.23,0.73,0.72,0.5015538
0.18,0.49,0.73,0.26,0.73,0.72,0.5015539
0.17,0.45,0.7,0.26,0.75,0.7,0.501554
0.17,0.45,0.73,0.22,0.72,0.72,0.501554
0.16,0.46,0.71,0.22,0.73,0.7,0.5015541
0.16,0.41,0.7,0.2,0.76,0.71,0.5015543
0.18,0.47,0.72,0.2,0.74,0.72,0.5015545
0.16,0.44,0.71,0.23,0.74,0.72,0.5015549
0.16,0.44,0.72,0.24,0.76,0.72,0.5015549
0.16,0.44,0.72,0.21,0.72,0.71,0.501555
0.16,0.43,0.71,0.22,0.75,0.71,0.5015553
0.16,0.44,0.7,0.22,0.72,0.72,0.5015555
0.16,0.5,0.71,0.22,0.72,0.72,0.5015559
0.16,0.46,0.7,0.25,0.75,0.72,0.5015563
0.16,0.46,0.71,0.26,0.76,0.72,0.5015573
0.18,0.46,0.71,0.24,0.72,0.71,0.5015575
0.16,0.45,0.72,0.24,0.74,0.71,0.5015576
0.17,0.42,0.7,0.21,0.73,0.71,0.5015576
0.17,0.45,0.72,0.21,0.75,0.72,0.5015587
0.17,0.46,0.73,0.2,0.72,0.72,0.5015587
0.16,0.5,0.73,0.25,0.72,0.72,0.501559
0.16,0.49,0.74,0.22,0.73,0.72,0.5015591
0.17,0.45,0.7,0.26,0.76,0.71,0.5015591
0.16,0.47,0.71,0.22,0.74,0.71,0.5015592
0.18,0.41,0.7,0.21,0.76,0.72,0.5015594
0.17,0.43,0.7,0.22,0.72,0.7,0.5015601
0.17,0.47,0.71,0.24,0.74,0.71,0.5015602
0.17,0.47,0.73,0.23,0.74,0.72,0.5015607
0.16,0.43,0.71,0.22,0.73,0.71,0.5015611
0.16,0.48,0.7,0.23,0.73,0.71,0.5015617
0.16,0.5,0.73,0.23,0.72,0.72,0.5015617
0.16,0.44,0.71,0.2,0.75,0.71,0.5015619
0.17,0.47,0.72,0.25,0.72,0.71,0.501562
0.16,0.47,0.7,0.21,0.76,0.72,0.5015624
0.17,0.42,0.71,0.22,0.76,0.72,0.5015624
0.17,0.47,0.7,0.23,0.76,0.72,0.5015625
0.18,0.46,0.71,0.24,0.73,0.72,0.5015626
0.18,0.46,0.72,0.25,0.75,0.72,0.5015626
0.17,0.5,0.73,0.25,0.72,0.72,0.501563
0.16,0.46,0.72,0.22,0.74,0.71,0.5015631
0.17,0.42,0.7,0.21,0.74,0.72,0.5015633
0.18,0.45,0.71,0.21,0.72,0.71,0.5015634
0.17,0.49,0.74,0.25,0.73,0.72,0.5015636
0.18,0.44,0.7,0.22,0.75,0.71,0.501564
0.16,0.44,0.73,0.21,0.73,0.72,0.5015646
0.16,0.43,0.72,0.22,0.76,0.72,0.5015647
0.18,0.49,0.71,0.24,0.72,0.72,0.5015656
0.18,0.46,0.71,0.24,0.74,0.71,0.501566
0.18,0.49,0.72,0.25,0.73,0.72,0.501566
0.16,0.43,0.72,0.23,0.76,0.72,0.5015661
0.16,0.45,0.7,0.23,0.75,0.7,0.5015661
0.17,0.44,0.7,0.2,0.72,0.7,0.5015661
0.16,0.46,0.74,0.23,0.72,0.72,0.5015664
0.16,0.43,0.71,0.22,0.74,0.72,0.5015666
0.16,0.45,0.73,0.24,0.75,0.72,0.5015668
0.17,0.47,0.73,0.26,0.75,0.72,0.5015668
0.16,0.48,0.73,0.26,0.72,0.71,0.5015669
0.17,0.47,0.72,0.25,0.73,0.72,0.501567
0.16,0.43,0.7,0.21,0.72,0.72,0.5015677
0.16,0.47,0.72,0.22,0.76,0.72,0.5015677
0.16,0.48,0.72,0.24,0.73,0.71,0.5015678
0.16,0.5,0.75,0.24,0.72,0.72,0.5015682
0.17,0.47,0.72,0.24,0.76,0.72,0.5015684
0.17,0.45,0.7,0.23,0.74,0.7,0.5015685
0.17,0.41,0.7,0.2,0.74,0.71,0.5015688
0.18,0.45,0.71,0.23,0.72,0.71,0.5015689
0.16,0.45,0.7,0.25,0.73,0.7,0.5015693
0.16,0.46,0.7,0.25,0.76,0.72,0.5015694
0.16,0.48,0.71,0.23,0.75,0.72,0.5015698
0.18,0.47,0.72,0.26,0.76,0.72,0.5015698
0.17,0.44,0.7,0.25,0.76,0.71,0.50157
0.17,0.41,0.7,0.2,0.73,0.71,0.5015704
0.16,0.44,0.72,0.2,0.76,0.72,0.5015711
0.16,0.5,0.72,0.24,0.72,0.72,0.5015716
0.18,0.45,0.7,0.2,0.75,0.71,0.5015716
0.16,0.48,0.73,0.26,0.73,0.72,0.5015717
0.16,0.48,0.74,0.27,0.75,0.72,0.5015717
0.16,0.47,0.74,0.21,0.72,0.72,0.5015719
0.16,0.42,0.7,0.21,0.73,0.7,0.5015721
0.16,0.46,0.73,0.22,0.75,0.72,0.5015721
0.18,0.45,0.72,0.21,0.73,0.72,0.5015727
0.17,0.46,0.72,0.24,0.72,0.71,0.501573
0.18,0.44,0.71,0.22,0.76,0.72,0.501573
0.18,0.49,0.71,0.2,0.72,0.72,0.5015732
0.16,0.42,0.71,0.21,0.73,0.71,0.5015734
0.16,0.44,0.71,0.23,0.72,0.7,0.5015741
0.18,0.45,0.71,0.23,0.73,0.72,0.5015741
0.16,0.48,0.74,0.24,0.74,0.72,0.5015744
0.18,0.47,0.73,0.23,0.72,0.72,0.5015745
0.16,0.45,0.7,0.25,0.74,0.71,0.5015746
0.18,0.46,0.72,0.24,0.75,0.72,0.5015747
0.16,0.45,0.71,0.26,0.76,0.71,0.5015748
0.16,0.43,0.7,0.24,0.75,0.7,0.5015749
0.16,0.46,0.71,0.25,0.74,0.7,0.501575
0.17,0.44,0.71,0.2,0.73,0.71,0.5015755
0.16,0.48,0.73,0.24,0.75,0.72,0.5015758
0.17,0.41,0.7,0.2,0.74,0.72,0.5015761
0.17,0.43,0.7,0.21,0.76,0.71,0.5015761
0.16,0.46,0.7,0.24,0.76,0.71,0.5015768
0.17,0.46,0.72,0.22,0.72,0.71,0.501577
0.17,0.48,0.73,0.26,0.75,0.72,0.5015771
0.17,0.45,0.71,0.23,0.75,0.71,0.5015774
0.18,0.48,0.73,0.26,0.74,0.72,0.5015774
0.16,0.47,0.73,0.25,0.72,0.71,0.5015775
0.17,0.46,0.72,0.24,0.73,0.72,0.501578
0.17,0.41,0.71,0.2,0.75,0.72,0.5015785
0.18,0.49,0.73,0.21,0.72,0.72,0.5015785
0.16,0.49,0.73,0.26,0.72,0.71,0.5015786
0.18,0.47,0.7,0.21,0.73,0.71,0.5015787
0.18,0.49,0.7,0.23,0.72,0.72,0.5015788
0.16,0.42,0.71,0.21,0.74,0.72,0.501579
0.16,0.47,0.73,0.2,0.75,0.72,0.5015796
0.17,0.47,0.72,0.25,0.74,0.71,0.5015797
0.16,0.45,0.71,0.21,0.72,0.7,0.5015798
0.16,0.45,0.7,0.25,0.75,0.72,0.5015799
0.16,0.44,0.7,0.22,0.75,0.7,0.5015803
0.18,0.45,0.71,0.2,0.76,0.72,0.5015804
0.16,0.42,0.7,0.2,0.72,0.72,0.5015805
0.16,0.44,0.7,0.24,0.73,0.7,0.5015806
0.17,0.49,0.73,0.26,0.72,0.72,0.5015808
0.18,0.47,0.72,0.22,0.75,0.72,0.5015809
0.18,0.48,0.73,0.21,0.72,0.72,0.501581
0.17,0.43,0.7,0.24,0.76,0.71,0.5015813
0.16,0.42,0.71,0.21,0.74,0.71,0.5015818
0.16,0.47,0.73,0.25,0.73,0.72,0.5015823
0.18,0.45,0.7,0.23,0.72,0.7,0.5015824
0.17,0.47,0.72,0.2,0.72,0.71,0.5015841
0.16,0.49,0.74,0.26,0.74,0.72,0.5015848
0.16,0.5,0.71,0.23,0.72,0.72,0.5015848
0.17,0.44,0.72,0.2,0.74,0.72,0.5015848
0.18,0.48,0.71,0.25,0.72,0.71,0.5015851
0.16,0.44,0.71,0.25,0.76,0.71,0.5015858
0.17,0.46,0.73,0.22,0.73,0.72,0.5015858
0.16,0.44,0.7,0.24,0.74,0.71,0.5015859
0.18,0.44,0.71,0.22,0.73,0.72,0.5015859
0.17,0.48,0.71,0.21,0.72,0.71,0.501586
0.17,0.45,0.72,0.23,0.76,0.72,0.5015862
0.18,0.48,0.71,0.23,0.72,0.71,0.5015866
0.18,0.47,0.71,0.21,0.75,0.72,0.501587
0.17,0.47,0.73,0.25,0.75,0.72,0.5015882
0.17,0.48,0.74,0.24,0.72,0.72,0.5015884
0.18,0.46,0.7,0.25,0.72,0.7,0.5015886
0.16,0.45,0.72,0.21,0.73,0.71,0.5015888
0.18,0.48,0.7,0.22,0.74,0.72,0.5015888
0.18,0.46,0.7,0.21,0.72,0.7,0.501589
0.16,0.44,0.71,0.22,0.76,0.71,0.5015892
0.17,0.48,0.7,0.2,0.74,0.72,0.5015893
0.17,0.45,0.72,0.23,0.73,0.72,0.5015895
0.16,0.45,0.7,0.26,0.76,0.71,0.5015898
0.18,0.43,0.7,0.21,0.74,0.71,0.5015901
0.16,0.47,0.73,0.23,0.72,0.71,0.5015908
0.18,0.49,0.73,0.26,0.72,0.72,0.5015909
0.16,0.44,0.7,0.24,0.75,0.72,0.5015911
0.16,0.46,0.72,0.24,0.75,0.71,0.5015911
0.16,0.42,0.72,0.21,0.75,0.72,0.5015912
0.18,0.45,0.71,0.23,0.73,0.71,0.5015912
0.16,0.41,0.71,0.2,0.74,0.72,0.5015919
0.18,0.44,0.7,0.24,0.76,0.71,0.5015919
0.16,0.43,0.73,0.2,0.72,0.72,0.501592
0.16,0.43,0.7,0.23,0.73,0.7,0.5015922
0.17,0.46,0.7,0.22,0.73,0.7,0.5015925
0.17,0.47,0.73,0.2,0.73,0.72,0.5015927
0.16,0.46,0.7,0.2,0.73,0.7,0.5015928
0.17,0.46,0.72,0.21,0.76,0.72,0.5015929
0.17,0.42,0.7,0.23,0.76,0.71,0.501593
0.17,0.49,0.72,0.25,0.72,0.72,0.501593
0.16,0.46,0.73,0.24,0.73,0.72,0.5015934
0.17,0.49,0.73,0.26,0.73,0.72,0.5015934
0.18,0.46,0.7,0.25,0.73,0.71,0.5015934
0.18,0.46,0.7,0.24,0.73,0.7,0.5015935
0.17,0.48,0.72,0.21,0.74,0.72,0.5015941
0.18,0.46,0.71,0.26,0.75,0.71,0.5015941
0.17,0.44,0.7,0.22,0.73,0.7,0.5015942
0.17,0.45,0.7,0.2,0.76,0.71,0.5015942
0.18,0.48,0.72,0.23,0.74,0.72,0.5015942
0.17,0.49,0.74,0.22,0.72,0.72,0.5015943
0.17,0.49,0.71,0.22,0.73,0.72,0.5015961
0.17,0.46,0.71,0.24,0.72,0.7,0.5015962
0.17,0.45,0.7,0.25,0.75,0.7,0.5015968
0.18,0.49,0.71,0.24,0.73,0.72,0.5015968
0.16,0.45,0.71,0.2,0.76,0.71,0.5015969
0.16,0.49,0.71,0.2,0.73,0.72,0.5015969
0.16,0.43,0.71,0.24,0.76,0.71,0.5015971
0.16,0.48,0.73,0.21,0.72,0.71,0.5015973
0.16,0.43,0.7,0.23,0.74,0.71,0.5015975
0.18,0.46,0.71,0.21,0.73,0.71,0.5015976
0.16,0.45,0.73,0.21,0.74,0.72,0.5015977
0.18,0.46,0.71,0.26,0.76,0.72,0.5015978
0.18,0.48,0.7,0.24,0.72,0.71,0.501598
0.18,0.45,0.7,0.22,0.76,0.71,0.5015984
0.18,0.46,0.7,0.25,0.74,0.72,0.5015984
0.18,0.43,0.71,0.21,0.73,0.72,0.5015986
0.16,0.5,0.7,0.22,0.72,0.72,0.5015988
0.18,0.43,0.71,0.21,0.75,0.72,0.5015992
0.16,0.47,0.74,0.23,0.73,0.72,0.5015995
0.16,0.5,0.7,0.21,0.72,0.72,0.5015995
0.16,0.46,0.73,0.24,0.76,0.72,0.5015997
0.16,0.41,0.7,0.2,0.72,0.7,0.5015999
0.18,0.44,0.72,0.2,0.72,0.72,0.5015999
0.16,0.47,0.71,0.22,0.72,0.7,0.5016
0.18,0.45,0.7,0.24,0.72,0.7,0.5016
0.18,0.45,0.72,0.23,0.74,0.72,0.5016
0.17,0.46,0.71,0.22,0.75,0.71,0.5016006
0.17,0.47,0.71,0.24,0.72,0.7,0.5016009
0.16,0.46,0.71,0.2,0.75,0.71,0.5016012
0.17,0.44,0.72,0.22,0.73,0.72,0.5016014
0.17,0.45,0.7,0.2,0.73,0.7,0.5016014
0.18,0.48,0.73,0.25,0.72,0.72,0.5016015
0.16,0.49,0.73,0.21,0.73,0.72,0.5016016
0.17,0.49,0.73,0.23,0.73,0.72,0.5016017
0.16,0.48,0.74,0.26,0.75,0.72,0.5016022
0.16,0.49,0.75,0.25,0.72,0.72,0.5016023
0.17,0.47,0.7,0.23,0.74,0.71,0.5016025
0.16,0.47,0.7,0.21,0.74,0.71,0.5016026
0.16,0.43,0.7,0.23,0.75,0.72,0.5016027
0.17,0.42,0.7,0.2,0.75,0.71,0.5016027
0.18,0.49,0.73,0.25,0.73,0.72,0.5016027
0.17,0.44,0.71,0.22,0.74,0.71,0.5016031
0.16,0.5,0.72,0.22,0.72,0.72,0.5016039
0.17,0.46,0.71,0.25,0.72,0.7,0.5016041
0.16,0.42,0.7,0.22,0.73,0.7,0.5016043
0.17,0.5,0.72,0.24,0.72,0.72,0.5016045
0.17,0.46,0.72,0.24,0.73,0.71,0.5016048
0.18,0.45,0.7,0.24,0.73,0.71,0.5016048
0.16,0.45,0.73,0.23,0.73,0.72,0.501605
0.17,0.45,0.71,0.25,0.76,0.71,0.5016053
0.16,0.48,0.74,0.21,0.73,0.72,0.5016057
0.17,0.49,0.72,0.25,0.73,0.72,0.5016058
0.17,0.49,0.71,0.24,0.72,0.72,0.5016059
0.17,0.49,0.74,0.26,0.72,0.72,0.5016059
0.18,0.46,0.72,0.21,0.74,0.72,0.5016062
0.16,0.43,0.7,0.21,0.74,0.7,0.5016064
0.18,0.48,0.73,0.23,0.73,0.72,0.5016077
0.16,0.47,0.72,0.22,0.74,0.71,0.5016078
0.16,0.45,0.71,0.23,0.73,0.7,0.5016079
0.16,0.47,0.72,0.26,0.72,0.7,0.5016086
0.16,0.44,0.7,0.24,0.76,0.7,0.5016087
0.17,0.46,0.71,0.25,0.73,0.71,0.5016088
0.18,0.45,0.71,0.25,0.76,0.72,0.501609
0.16,0.4,0.7,0.21,0.76,0.71,0.5016092
0.16,0.41,0.71,0.2,0.73,0.71,0.5016094
0.16,0.42,0.7,0.22,0.74,0.71,0.5016095
0.16,0.5,0.74,0.23,0.72,0.72,0.5016096
0.18,0.45,0.7,0.24,0.74,0.72,0.5016098
0.17,0.45,0.71,0.2,0.74,0.71,0.5016101
0.16,0.47,0.72,0.25,0.72,0.7,0.5016102
0.16,0.48,0.71,0.23,0.73,0.71,0.5016102
0.17,0.47,0.71,0.23,0.76,0.72,0.5016103
0.16,0.5,0.75,0.27,0.72,0.72,0.5016105
0.17,0.5,0.74,0.25,0.72,0.72,0.5016105
0.16,0.47,0.71,0.21,0.76,0.72,0.5016107
0.17,0.47,0.72,0.22,0.73,0.71,0.5016108
0.18,0.47,0.71,0.25,0.76,0.72,0.501611
0.18,0.42,0.71,0.2,0.73,0.72,0.5016117
0.17,0.42,0.71,0.2,0.76,0.72,0.5016118
0.17,0.44,0.72,0.22,0.75,0.72,0.5016118
0.17,0.45,0.73,0.21,0.72,0.72,0.5016122
0.18,0.47,0.73,0.24,0.72,0.72,0.5016125
0.16,0.48,0.7,0.22,0.75,0.72,0.5016128
0.17,0.46,0.72,0.26,0.76,0.72,0.5016129
0.17,0.48,0.72,0.26,0.72,0.71,0.5016129
0.16,0.47,0.72,0.26,0.73,0.71,0.5016133
0.17,0.46,0.73,0.24,0.74,0.72,0.5016133
0.17,0.46,0.71,0.25,0.74,0.72,0.5016136
0.17,0.43,0.72,0.21,0.73,0.72,0.501614
0.16,0.46,0.71,0.21,0.73,0.7,0.5016144
0.16,0.42,0.7,0.22,0.75,0.72,0.5016147
0.17,0.46,0.7,0.24,0.72,0.72,0.5016148
0.16,0.43,0.71,0.21,0.75,0.71,0.5016153
0.16,0.44,0.72,0.2,0.72,0.71,0.5016155
0.16,0.47,0.73,0.22,0.76,0.72,0.5016157
0.16,0.48,0.73,0.24,0.73,0.71,0.501616
0.16,0.45,0.72,0.23,0.74,0.71,0.5016165
0.18,0.44,0.7,0.23,0.73,0.71,0.5016166
0.17,0.48,0.74,0.25,0.72,0.72,0.5016167
0.16,0.44,0.73,0.22,0.73,0.72,0.501617
0.16,0.44,0.7,0.26,0.76,0.7,0.5016173
0.16,0.46,0.7,0.24,0.74,0.7,0.5016173
0.16,0.47,0.73,0.27,0.76,0.72,0.5016175
0.16,0.48,0.72,0.23,0.75,0.72,0.5016176
0.18,0.42,0.7,0.2,0.73,0.71,0.5016176
0.18,0.44,0.71,0.22,0.72,0.71,0.5016176
0.18,0.43,0.7,0.23,0.75,0.71,0.5016177
0.16,0.47,0.72,0.26,0.74,0.72,0.501618
0.17,0.48,0.72,0.25,0.75,0.72,0.5016182
0.16,0.47,0.73,0.25,0.73,0.71,0.5016186
0.17,0.45,0.72,0.2,0.75,0.72,0.5016186
0.16,0.49,0.72,0.25,0.72,0.71,0.5016188
0.17,0.49,0.71,0.24,0.73,0.72,0.5016189
0.16,0.47,0.71,0.25,0.72,0.72,0.501619
0.17,0.47,0.73,0.22,0.74,0.72,0.5016191
0.16,0.46,0.72,0.26,0.76,0.71,0.5016194
0.17,0.49,0.7,0.23,0.72,0.72,0.5016194
0.17,0.45,0.71,0.24,0.73,0.71,0.5016203
0.18,0.44,0.71,0.24,0.76,0.72,0.5016205
0.16,0.49,0.73,0.26,0.72,0.72,0.5016208
0.17,0.43,0.7,0.21,0.72,0.7,0.5016208
0.16,0.49,0.75,0.26,0.72,0.72,0.5016211
0.17,0.49,0.74,0.24,0.73,0.72,0.5016211
0.18,0.44,0.7,0.23,0.74,0.72,0.5016215
0.18,0.49,0.72,0.2,0.72,0.72,0.5016217
0.16,0.41,0.7,0.21,0.74,0.71,0.5016222
0.17,0.44,0.7,0.24,0.74,0.7,0.5016224
0.16,0.46,0.72,0.21,0.74,0.71,0.5016229
0.16,0.43,0.72,0.21,0.76,0.72,0.5016241
0.17,0.45,0.72,0.25,0.76,0.72,0.5016241
0.18,0.44,0.7,0.21,0.75,0.71,0.5016241
0.18,0.45,0.71,0.2,0.72,0.71,0.5016241
0.16,0.46,0.72,0.25,0.73,0.71,0.5016243
0.16,0.44,0.73,0.2,0.73,0.72,0.5016246
0.18,0.46,0.71,0.23,0.74,0.71,0.5016248
0.16,0.46,0.71,0.24,0.76,0.71,0.501625
0.16,0.45,0.73,0.23,0.75,0.72,0.5016251
0.17,0.45,0.71,0.24,0.74,0.72,0.5016251
0.16,0.46,0.74,0.22,0.72,0.72,0.5016253
0.17,0.48,0.71,0.25,0.72,0.71,0.5016255
0.17,0.48,0.72,0.26,0.73,0.71,0.5016255
0.16,0.49,0.73,0.25,0.74,0.72,0.5016258
0.17,0.46,0.71,0.26,0.76,0.71,0.5016258
0.17,0.45,0.7,0.23,0.72,0.72,0.5016263
0.18,0.42,0.71,0.2,0.74,0.72,0.5016266
0.16,0.47,0.74,0.25,0.74,0.72,0.5016269
0.16,0.41,0.7,0.21,0.75,0.72,0.5016275
0.18,0.47,0.71,0.21,0.73,0.71,0.5016276
0.18,0.48,0.71,0.25,0.72,0.72,0.5016276
0.16,0.46,0.73,0.26,0.76,0.72,0.5016284
0.17,0.45,0.7,0.22,0.74,0.7,0.5016284
0.18,0.43,0.7,0.22,0.73,0.71,0.5016288
0.16,0.46,0.72,0.25,0.74,0.72,0.5016291
0.18,0.48,0.7,0.22,0.72,0.71,0.5016294
0.17,0.42,0.7,0.22,0.76,0.71,0.5016297
0.17,0.43,0.71,0.21,0.73,0.71,0.5016298
0.17,0.48,0.7,0.2,0.72,0.71,0.5016301
0.16,0.46,0.71,0.24,0.72,0.72,0.5016303
0.18,0.47,0.7,0.2,0.75,0.72,0.5016306
0.17,0.45,0.72,0.23,0.72,0.71,0.5016308
0.17,0.44,0.71,0.24,0.75,0.71,0.5016309
0.16,0.46,0.73,0.21,0.75,0.72,0.5016313
0.16,0.47,0.74,0.2,0.72,0.72,0.5016317
0.17,0.44,0.71,0.23,0.73,0.71,0.5016321
0.18,0.48,0.72,0.26,0.72,0.71,0.5016322
0.16,0.48,0.74,0.23,0.74,0.72,0.5016324
0.17,0.49,0.7,0.23,0.73,0.72,0.5016324
0.18,0.43,0.71,0.23,0.76,0.72,0.5016324
0.18,0.44,0.71,0.21,0.76,0.72,0.5016325
0.18,0.45,0.72,0.2,0.73,0.72,0.5016328
0.18,0.46,0.72,0.23,0.75,0.72,0.501633
0.18,0.47,0.73,0.22,0.72,0.72,0.5016332
0.16,0.49,0.72,0.25,0.72,0.72,0.5016333
0.16,0.49,0.73,0.26,0.73,0.72,0.5016333
0.16,0.47,0.72,0.26,0.75,0.71,0.5016334
0.16,0.49,0.74,0.27,0.74,0.72,0.5016335
0.16,0.42,0.7,0.2,0.73,0.7,0.5016336
0.18,0.43,0.7,0.22,0.74,0.72,0.5016337
0.16,0.44,0.71,0.22,0.72,0.7,0.5016343
0.16,0.43,0.7,0.23,0.75,0.7,0.5016344
0.18,0.48,0.73,0.25,0.74,0.72,0.5016345
0.17,0.48,0.72,0.21,0.72,0.71,0.5016349
0.18,0.48,0.72,0.23,0.72,0.71,0.501635
0.16,0.4,0.7,0.2,0.74,0.71,0.5016355
0.16,0.45,0.72,0.24,0.73,0.71,0.5016358
0.16,0.45,0.71,0.25,0.74,0.7,0.5016362
0.18,0.48,0.72,0.26,0.73,0.72,0.5016364
0.17,0.45,0.71,0.22,0.75,0.71,0.5016366
0.17,0.46,0.72,0.21,0.72,0.71,0.5016367
0.18,0.48,0.71,0.22,0.74,0.72,0.5016367
0.17,0.43,0.7,0.2,0.76,0.71,0.5016368
0.17,0.44,0.71,0.23,0.74,0.72,0.5016369
0.17,0.48,0.71,0.2,0.74,0.72,0.5016377
0.17,0.47,0.72,0.24,0.74,0.71,0.501638
0.17,0.48,0.71,0.25,0.73,0.71,0.5016384
0.17,0.44,0.7,0.22,0.72,0.72,0.5016385
0.17,0.43,0.72,0.21,0.74,0.72,0.5016387
0.17,0.48,0.7,0.24,0.72,0.71,0.5016387
0.18,0.49,0.7,0.23,0.73,0.72,0.5016392
0.17,0.44,0.72,0.24,0.76,0.72,0.5016393
0.17,0.49,0.7,0.21,0.73,0.72,0.5016397
0.18,0.45,0.7,0.26,0.76,0.71,0.5016398
0.18,0.48,0.72,0.26,0.74,0.72,0.50164
0.18,0.47,0.72,0.21,0.75,0.72,0.5016401
0.18,0.48,0.71,0.25,0.73,0.72,0.5016402
0.16,0.45,0.72,0.24,0.74,0.72,0.5016405
0.18,0.48,0.7,0.24,0.72,0.72,0.5016406
0.16,0.4,0.7,0.2,0.75,0.72,0.5016408
0.18,0.48,0.73,0.2,0.72,0.72,0.5016408
0.16,0.44,0.7,0.21,0.75,0.7,0.5016409
0.16,0.45,0.71,0.2,0.72,0.7,0.5016409
0.18,0.42,0.7,0.21,0.73,0.71,0.5016418
0.16,0.45,0.71,0.23,0.72,0.72,0.501642
0.17,0.48,0.73,0.21,0.74,0.72,0.5016423
0.18,0.45,0.7,0.22,0.72,0.7,0.5016425
0.16,0.42,0.71,0.2,0.74,0.71,0.5016426
0.16,0.43,0.71,0.23,0.76,0.71,0.5016429
0.16,0.44,0.72,0.22,0.73,0.71,0.5016429
0.18,0.47,0.72,0.25,0.72,0.71,0.5016432
0.18,0.46,0.7,0.23,0.75,0.71,0.5016437
0.17,0.47,0.7,0.23,0.72,0.7,0.5016438
0.16,0.47,0.7,0.21,0.72,0.7,0.5016439
0.17,0.49,0.72,0.22,0.73,0.72,0.501644
0.17,0.46,0.7,0.21,0.75,0.71,0.5016442
0.16,0.46,0.73,0.24,0.72,0.71,0.5016443
0.17,0.43,0.71,0.22,0.73,0.71,0.5016443
0.18,0.49,0.72,0.24,0.73,0.72,0.5016443
0.16,0.45,0.72,0.25,0.75,0.71,0.5016445
0.18,0.47,0.7,0.25,0.72,0.7,0.5016446
0.17,0.45,0.72,0.22,0.76,0.72,0.5016448
0.17,0.46,0.73,0.21,0.73,0.72,0.501645
0.16,0.49,0.72,0.2,0.73,0.72,0.5016453
0.17,0.47,0.71,0.26,0.72,0.7,0.5016457
0.16,0.49,0.73,0.26,0.74,0.72,0.5016458
0.16,0.49,0.72,0.25,0.73,0.72,0.501646
0.17,0.47,0.73,0.24,0.75,0.72,0.501646
0.17,0.48,0.74,0.23,0.72,0.72,0.5016465
0.16,0.49,0.71,0.24,0.72,0.72,0.5016466
0.18,0.42,0.7,0.21,0.74,0.72,0.5016467
0.17,0.5,0.71,0.23,0.72,0.72,0.5016468
0.17,0.48,0.73,0.26,0.72,0.71,0.5016473
0.16,0.5,0.71,0.21,0.72,0.72,0.5016475
0.18,0.47,0.72,0.25,0.73,0.72,0.5016475
0.16,0.44,0.72,0.23,0.73,0.71,0.5016478
0.17,0.43,0.71,0.22,0.74,0.72,0.5016491
0.16,0.44,0.71,0.21,0.76,0.71,0.5016493
0.16,0.45,0.72,0.2,0.73,0.71,0.5016493
0.16,0.46,0.72,0.23,0.75,0.71,0.5016498
0.16,0.49,0.74,0.21,0.73,0.72,0.5016498
0.16,0.47,0.73,0.22,0.72,0.71,0.50165
0.18,0.46,0.7,0.2,0.72,0.7,0.5016502
0.18,0.45,0.71,0.22,0.73,0.71,0.5016507
0.17,0.47,0.71,0.23,0.74,0.71,0.5016509
0.18,0.44,0.7,0.23,0.76,0.71,0.5016509
0.18,0.43,0.7,0.2,0.74,0.71,0.501651
0.16,0.47,0.71,0.21,0.74,0.71,0.5016513
0.18,0.44,0.7,0.25,0.76,0.71,0.5016513
0.16,0.44,0.73,0.22,0.74,0.72,0.5016514
0.17,0.43,0.7,0.21,0.72,0.72,0.5016514
0.16,0.42,0.72,0.2,0.75,0.72,0.5016515
0.17,0.45,0.7,0.25,0.73,0.7,0.5016515
0.17,0.48,0.73,0.26,0.73,0.72,0.5016515
0.18,0.47,0.71,0.25,0.74,0.71,0.5016515
0.16,0.49,0.74,0.27,0.72,0.71,0.5016518
0.16,0.5,0.73,0.22,0.72,0.72,0.5016518
0.17,0.5,0.73,0.24,0.72,0.72,0.5016521
0.18,0.46,0.71,0.25,0.75,0.71,0.5016521
0.18,0.47,0.72,0.24,0.72,0.71,0.5016521
0.16,0.44,0.72,0.23,0.74,0.72,0.5016524
0.16,0.45,0.73,0.25,0.76,0.72,0.5016527
0.17,0.46,0.72,0.2,0.76,0.72,0.5016528
0.18,0.47,0.7,0.24,0.76,0.72,0.5016529
0.18,0.48,0.71,0.25,0.74,0.72,0.5016529
0.17,0.47,0.7,0.22,0.76,0.72,0.5016533
0.17,0.49,0.74,0.21,0.72,0.72,0.5016533
0.16,0.48,0.72,0.26,0.72,0.71,0.5016534
0.16,0.48,0.7,0.22,0.73,0.71,0.5016535
0.17,0.48,0.7,0.24,0.73,0.71,0.5016535
0.18,0.48,0.7,0.24,0.73,0.72,0.5016535
0.18,0.4,0.7,0.2,0.76,0.72,0.5016537
0.16,0.44,0.71,0.22,0.72,0.72,0.5016543
0.16,0.47,0.7,0.2,0.76,0.72,0.5016547
0.17,0.44,0.7,0.21,0.73,0.7,0.5016548
0.17,0.45,0.71,0.26,0.76,0.71,0.5016551
0.16,0.46,0.71,0.26,0.73,0.7,0.5016557
0.17,0.46,0.71,0.23,0.72,0.7,0.5016558
0.16,0.49,0.74,0.27,0.73,0.72,0.5016559
0.17,0.45,0.7,0.25,0.74,0.71,0.5016561
0.17,0.41,0.7,0.21,0.75,0.71,0.5016571
0.16,0.5,0.75,0.23,0.72,0.72,0.5016574
0.16,0.45,0.73,0.2,0.74,0.72,0.5016575
0.16,0.48,0.73,0.2,0.72,0.71,0.5016577
0.16,0.46,0.73,0.23,0.76,0.72,0.5016578
0.17,0.47,0.72,0.23,0.76,0.72,0.5016579
0.16,0.47,0.74,0.22,0.73,0.72,0.501658
0.17,0.42,0.71,0.2,0.72,0.71,0.501658
0.18,0.46,0.71,0.2,0.73,0.71,0.5016583
0.18,0.47,0.72,0.25,0.76,0.72,0.5016583
0.16,0.45,0.7,0.22,0.75,0.7,0.5016585
0.16,0.48,0.72,0.23,0.73,0.71,0.5016585
0.17,0.45,0.7,0.24,0.75,0.7,0.5016585
0.16,0.47,0.72,0.21,0.76,0.72,0.5016587
0.16,0.49,0.72,0.25,0.74,0.72,0.5016587
0.17,0.47,0.7,0.25,0.72,0.7,0.5016587
0.17,0.48,0.72,0.25,0.73,0.71,0.5016588
0.18,0.45,0.72,0.22,0.74,0.72,0.5016589
0.18,0.46,0.72,0.24,0.73,0.72,0.501659
0.16,0.48,0.74,0.25,0.75,0.72,0.5016593
0.16,0.49,0.71,0.24,0.73,0.72,0.5016593
0.16,0.46,0.72,0.27,0.76,0.71,0.5016594
0.18,0.43,0.71,0.2,0.75,0.72,0.5016595
0.18,0.46,0.72,0.25,0.76,0.72,0.5016599
0.18,0.47,0.73,0.24,0.73,0.72,0.5016599
0.16,0.49,0.75,0.24,0.72,0.72,0.50166
0.18,0.41,0.7,0.2,0.74,0.72,0.5016601
0.16,0.46,0.71,0.26,0.74,0.71,0.5016602
0.17,0.48,0.71,0.24,0.75,0.72,0.5016602
0.16,0.49,0.7,0.23,0.72,0.72,0.5016604
0.18,0.47,0.7,0.25,0.72,0.71,0.5016605
0.16,0.48,0.71,0.22,0.75,0.72,0.5016606
0.17,0.45,0.7,0.25,0.75,0.72,0.5016608
0.16,0.42,0.7,0.22,0.74,0.7,0.5016612
0.16,0.49,0.71,0.24,0.72,0.71,0.5016613
0.16,0.46,0.7,0.25,0.72,0.71,0.5016616
0.17,0.42,0.71,0.21,0.74,0.72,0.5016622
0.17,0.47,0.73,0.25,0.73,0.72,0.5016627
0.16,0.43,0.7,0.25,0.76,0.7,0.501663
0.17,0.44,0.71,0.21,0.74,0.71,0.5016631
0.17,0.44,0.7,0.24,0.73,0.7,0.5016635
0.17,0.45,0.71,0.24,0.76,0.71,0.5016637
0.17,0.46,0.72,0.23,0.73,0.71,0.5016638
0.16,0.43,0.72,0.22,0.74,0.72,0.5016648
0.16,0.46,0.71,0.26,0.75,0.72,0.5016648
0.17,0.42,0.7,0.2,0.72,0.72,0.5016649
0.16,0.48,0.73,0.23,0.75,0.72,0.5016652
0.17,0.48,0.73,0.25,0.75,0.72,0.5016654
0.16,0.48,0.74,0.2,0.73,0.72,0.5016655
0.17,0.48,0.73,0.25,0.72,0.71,0.5016655
0.17,0.41,0.71,0.21,0.76,0.72,0.5016657
0.16,0.46,0.71,0.24,0.74,0.7,0.501666
0.16,0.48,0.72,0.26,0.73,0.71,0.501666
0.16,0.48,0.71,0.25,0.72,0.71,0.5016662
0.16,0.46,0.7,0.25,0.73,0.72,0.5016663
0.18,0.46,0.72,0.2,0.74,0.72,0.5016663
0.18,0.48,0.73,0.22,0.73,0.72,0.5016663
0.18,0.48,0.7,0.24,0.74,0.72,0.5016664
0.18,0.48,0.73,0.27,0.75,0.72,0.5016665
0.16,0.48,0.74,0.26,0.73,0.72,0.5016668
0.16,0.49,0.73,0.25,0.72,0.71,0.5016668
0.17,0.42,0.72,0.2,0.73,0.72,0.5016668
0.16,0.43,0.71,0.21,0.72,0.72,0.5016672
0.16,0.45,0.71,0.25,0.73,0.7,0.5016672
0.17,0.48,0.72,0.26,0.73,0.72,0.5016677
0.16,0.46,0.7,0.23,0.76,0.71,0.5016678
0.16,0.49,0.72,0.24,0.74,0.72,0.5016678
0.17,0.46,0.7,0.25,0.76,0.71,0.5016678
0.16,0.43,0.7,0.2,0.74,0.7,0.5016679
0.16,0.45,0.71,0.22,0.73,0.7,0.5016679
0.17,0.44,0.7,0.24,0.74,0.71,0.501668
0.17,0.48,0.71,0.25,0.72,0.72,0.5016681
0.16,0.44,0.7,0.23,0.76,0.7,0.5016682
0.16,0.47,0.72,0.24,0.72,0.7,0.5016691
0.16,0.42,0.71,0.22,0.75,0.71,0.5016696
0.18,0.45,0.7,0.24,0.73,0.7,0.50167
0.18,0.49,0.73,0.2,0.72,0.72,0.5016702
0.16,0.4,0.7,0.2,0.76,0.71,0.5016703
0.16,0.43,0.72,0.21,0.72,0.71,0.5016703
0.17,0.47,0.72,0.21,0.73,0.71,0.5016707
0.18,0.45,0.72,0.23,0.73,0.72,0.5016711
0.17,0.44,0.72,0.21,0.75,0.72,0.5016712
0.16,0.45,0.71,0.25,0.74,0.71,0.5016717
0.17,0.46,0.73,0.23,0.74,0.72,0.5016717
0.18,0.47,0.7,0.2,0.73,0.71,0.5016718
0.16,0.49,0.71,0.24,0.74,0.72,0.5016722
0.17,0.45,0.73,0.2,0.72,0.72,0.5016722
0.17,0.44,0.7,0.24,0.75,0.72,0.5016726
0.17,0.47,0.73,0.26,0.76,0.72,0.5016729
0.18,0.47,0.71,0.26,0.74,0.71,0.5016729
0.16,0.49,0.74,0.25,0.74,0.72,0.5016731
0.17,0.48,0.74,0.25,0.73,0.72,0.5016732
0.18,0.47,0.7,0.25,0.73,0.71,0.5016732
0.16,0.49,0.7,0.23,0.73,0.72,0.5016733
0.16,0.45,0.7,0.24,0.72,0.71,0.5016734
0.17,0.49,0.74,0.27,0.74,0.72,0.5016739
0.17,0.46,0.73,0.24,0.73,0.72,0.5016743
0.18,0.47,0.71,0.26,0.72,0.7,0.5016744
0.16,0.47,0.71,0.25,0.75,0.71,0.5016753
0.17,0.41,0.71,0.2,0.74,0.72,0.5016756
0.16,0.46,0.71,0.2,0.73,0.7,0.5016757
0.17,0.43,0.7,0.23,0.73,0.7,0.5016757
0.16,0.45,0.72,0.22,0.74,0.71,0.501676
0.16,0.43,0.71,0.2,0.75,0.71,0.5016761
0.16,0.45,0.71,0.25,0.75,0.72,0.5016763
0.16,0.47,0.73,0.24,0.73,0.71,0.501677
0.16,0.46,0.72,0.25,0.76,0.71,0.5016772
0.18,0.43,0.7,0.22,0.75,0.71,0.5016774
0.16,0.42,0.72,0.21,0.74,0.72,0.5016778
0.18,0.48,0.71,0.22,0.72,0.71,0.5016778
0.18,0.44,0.71,0.21,0.72,0.71,0.5016779
0.18,0.45,0.71,0.24,0.74,0.71,0.5016779
0.16,0.42,0.72,0.22,0.76,0.72,0.501678
0.16,0.45,0.7,0.24,0.73,0.72,0.501678
0.16,0.47,0.74,0.25,0.73,0.72,0.501678
0.17,0.47,0.73,0.21,0.74,0.72,0.5016784
0.18,0.47,0.71,0.26,0.73,0.71,0.5016784
0.18,0.47,0.71,0.2,0.75,0.72,0.5016788
0.16,0.43,0.73,0.21,0.73,0.72,0.5016789
0.16,0.48,0.71,0.25,0.73,0.71,0.501679
0.17,0.48,0.71,0.2,0.72,0.71,0.501679
0.16,0.44,0.71,0.24,0.73,0.7,0.5016791
0.17,0.49,0.74,0.23,0.73,0.72,0.5016791
0.16,0.49,0.74,0.26,0.72,0.71,0.5016792
0.16,0.48,0.7,0.24,0.72,0.71,0.5016797
0.17,0.48,0.73,0.27,0.75,0.72,0.5016797
0.17,0.48,0.72,0.26,0.74,0.72,0.50168
0.17,0.43,0.7,0.23,0.74,0.71,0.5016802
0.18,0.48,0.7,0.21,0.74,0.72,0.5016803
0.17,0.48,0.71,0.25,0.73,0.72,0.5016805
0.16,0.42,0.71,0.2,0.72,0.72,0.5016807
0.17,0.48,0.7,0.24,0.72,0.72,0.5016813
0.16,0.5,0.75,0.27,0.73,0.72,0.5016819
0.17,0.44,0.7,0.23,0.74,0.7,0.5016821
0.17,0.43,0.7,0.2,0.72,0.7,0.5016824
0.17,0.46,0.71,0.25,0.73,0.7,0.5016832
0.16,0.44,0.71,0.24,0.74,0.71,0.5016836
0.16,0.46,0.72,0.2,0.74,0.71,0.5016836
0.18,0.44,0.72,0.22,0.73,0.72,0.5016836
0.16,0.45,0.7,0.26,0.76,0.7,0.5016838
0.16,0.45,0.73,0.22,0.75,0.72,0.5016839
0.18,0.46,0.71,0.22,0.74,0.71,0.5016842
0.16,0.43,0.72,0.2,0.76,0.72,0.5016844
0.18,0.48,0.72,0.22,0.74,0.72,0.5016845
0.16,0.46,0.74,0.21,0.72,0.72,0.5016846
0.16,0.47,0.74,0.24,0.74,0.72,0.5016847
0.17,0.43,0.7,0.23,0.75,0.72,0.5016847
0.18,0.44,0.7,0.2,0.75,0.71,0.501685
0.18,0.46,0.7,0.23,0.73,0.7,0.5016852
0.16,0.44,0.7,0.23,0.72,0.71,0.5016854
0.18,0.43,0.71,0.22,0.76,0.72,0.5016854
0.18,0.49,0.74,0.26,0.72,0.72,0.5016854
0.17,0.46,0.7,0.21,0.73,0.7,0.5016856
0.18,0.45,0.72,0.24,0.75,0.72,0.5016857
0.18,0.45,0.7,0.21,0.76,0.71,0.5016858
0.17,0.48,0.72,0.2,0.74,0.72,0.5016859
0.18,0.47,0.7,0.25,0.74,0.71,0.5016861
0.18,0.44,0.72,0.21,0.73,0.72,0.5016862
0.18,0.46,0.73,0.23,0.72,0.72,0.5016862
0.16,0.49,0.7,0.23,0.74,0.72,0.5016863
0.17,0.45,0.73,0.23,0.73,0.72,0.5016864
0.16,0.49,0.75,0.26,0.73,0.72,0.5016866
0.16,0.47,0.71,0.26,0.72,0.7,0.5016867
0.18,0.49,0.71,0.23,0.73,0.72,0.5016867
0.17,0.49,0.71,0.21,0.73,0.72,0.5016875
0.16,0.44,0.71,0.24,0.75,0.72,0.5016882
0.17,0.45,0.7,0.21,0.74,0.7,0.5016891
0.16,0.41,0.7,0.21,0.73,0.7,0.5016892
0.17,0.5,0.75,0.27,0.72,0.72,0.5016892
0.16,0.46,0.74,0.24,0.73,0.72,0.5016897
0.17,0.44,0.71,0.23,0.75,0.71,0.50169
0.18,0.46,0.71,0.25,0.73,0.71,0.5016901
0.16,0.44,0.7,0.23,0.73,0.72,0.5016902
0.17,0.42,0.7,0.21,0.76,0.71,0.5016902
0.17,0.45,0.72,0.22,0.72,0.71,0.5016904
0.17,0.5,0.7,0.22,0.72,0.72,0.5016904
0.17,0.43,0.71,0.2,0.73,0.71,0.5016907
0.16,0.48,0.74,0.22,0.74,0.72,0.5016908
0.17,0.46,0.72,0.25,0.74,0.71,0.5016909
0.16,0.41,0.72,0.2,0.74,0.72,0.5016913
0.16,0.46,0.73,0.2,0.75,0.72,0.5016913
0.18,0.49,0.73,0.24,0.73,0.72,0.5016917
0.17,0.49,0.73,0.22,0.73,0.72,0.5016918
0.18,0.46,0.72,0.22,0.75,0.72,0.5016918
0.16,0.5,0.7,0.2,0.72,0.72,0.5016921
0.18,0.48,0.73,0.24,0.74,0.72,0.5016923
0.17,0.48,0.72,0.26,0.75,0.72,0.5016924
0.18,0.46,0.72,0.26,0.76,0.72,0.5016925
0.17,0.46,0.71,0.21,0.75,0.71,0.5016926
0.17,0.47,0.71,0.23,0.72,0.7,0.5016926
0.18,0.47,0.73,0.21,0.72,0.72,0.5016926
0.16,0.48,0.7,0.24,0.73,0.71,0.5016927
0.17,0.42,0.7,0.22,0.74,0.71,0.5016927
0.18,0.44,0.71,0.2,0.76,0.72,0.5016929
0.16,0.47,0.71,0.21,0.72,0.7,0.5016931
0.17,0.48,0.71,0.25,0.74,0.72,0.5016931
0.16,0.49,0.73,0.2,0.73,0.72,0.5016934
0.17,0.47,0.72,0.26,0.73,0.71,0.5016936
0.18,0.47,0.7,0.24,0.74,0.71,0.5016939
0.17,0.48,0.7,0.24,0.73,0.72,0.5016941
0.18,0.46,0.71,0.25,0.74,0.72,0.5016942
0.17,0.47,0.7,0.22,0.74,0.71,0.5016943
0.17,0.5,0.72,0.23,0.72,0.72,0.5016944
0.16,0.43,0.7,0.22,0.75,0.7,0.5016947
0.16,0.44,0.71,0.21,0.72,0.7,0.501695
0.16,0.45,0.71,0.24,0.74,0.7,0.5016952
0.16,0.5,0.72,0.21,0.72,0.72,0.5016953
0.16,0.43,0.71,0.23,0.74,0.71,0.5016958
0.16,0.47,0.7,0.2,0.74,0.71,0.5016958
0.17,0.47,0.73,0.27,0.76,0.72,0.5016961
0.18,0.46,0.7,0.24,0.72,0.72,0.5016965
0.18,0.44,0.7,0.23,0.72,0.7,0.5016967
0.16,0.47,0.72,0.26,0.73,0.7,0.5016968
0.17,0.45,0.71,0.21,0.75,0.71,0.5016968
0.17,0.46,0.72,0.2,0.72,0.71,0.5016973
0.17,0.42,0.7,0.22,0.75,0.72,0.5016975
0.16,0.48,0.73,0.27,0.73,0.71,0.5016977
0.17,0.47,0.72,0.26,0.74,0.72,0.5016977
0.17,0.44,0.72,0.23,0.76,0.72,0.5016978
0.16,0.43,0.7,0.22,0.72,0.71,0.5016981
0.17,0.45,0.73,0.22,0.73,0.72,0.5016983
0.17,0.46,0.73,0.25,0.75,0.72,0.5016984
0.17,0.43,0.72,0.2,0.74,0.72,0.501699
0.17,0.47,0.72,0.23,0.74,0.71,0.501699
0.17,0.47,0.74,0.24,0.72,0.72,0.5016991
0.16,0.47,0.71,0.26,0.73,0.7,0.5016995
0.17,0.5,0.74,0.24,0.72,0.72,0.5016995
0.16,0.5,0.74,0.22,0.72,0.72,0.5016996
0.16,0.47,0.7,0.25,0.72,0.7,0.5016999
0.16,0.47,0.72,0.21,0.74,0.71,0.5016999
0.17,0.47,0.71,0.25,0.72,0.72,0.5016999
0.18,0.5,0.74,0.26,0.72,0.72,0.5016999
0.18,0.47,0.71,0.24,0.76,0.72,0.5017002
0.16,0.43,0.71,0.23,0.75,0.72,0.5017003
0.17,0.47,0.71,0.26,0.73,0.71,0.5017008
0.17,0.47,0.71,0.22,0.76,0.72,0.501701
0.17,0.47,0.7,0.25,0.72,0.71,0.5017015
0.17,0.48,0.71,0.24,0.73,0.71,0.5017015
0.16,0.48,0.71,0.22,0.73,0.71,0.5017018
0.18,0.45,0.71,0.24,0.73,0.71,0.501702
0.16,0.44,0.7,0.2,0.75,0.7,0.5017024
0.16,0.43,0.71,0.22,0.76,0.71,0.5017026
0.16,0.43,0.7,0.22,0.73,0.72,0.5017027
0.16,0.47,0.71,0.2,0.76,0.72,0.5017028
0.16,0.45,0.72,0.24,0.75,0.71,0.5017029
0.16,0.44,0.72,0.21,0.73,0.71,0.501703
0.17,0.48,0.7,0.23,0.75,0.72,0.5017031
0.18,0.45,0.7,0.21,0.72,0.7,0.5017032
0.16,0.45,0.7,0.26,0.74,0.7,0.5017033
0.16,0.46,0.73,0.23,0.72,0.71,0.5017034
0.18,0.47,0.7,0.25,0.72,0.72,0.5017035
0.16,0.48,0.72,0.26,0.72,0.72,0.5017037
0.16,0.47,0.73,0.26,0.74,0.71,0.5017042
0.17,0.47,0.73,0.23,0.75,0.72,0.5017042
0.17,0.45,0.72,0.21,0.76,0.72,0.5017044
0.18,0.43,0.7,0.24,0.76,0.71,0.5017044
0.16,0.48,0.7,0.21,0.75,0.72,0.5017045
0.16,0.49,0.7,0.23,0.72,0.71,0.5017046
0.17,0.46,0.73,0.2,0.73,0.72,0.501705
0.18,0.42,0.7,0.21,0.74,0.71,0.501705
0.17,0.48,0.74,0.22,0.72,0.72,0.5017051
0.17,0.46,0.72,0.25,0.73,0.71,0.5017053
0.17,0.48,0.71,0.25,0.75,0.72,0.5017058
0.17,0.41,0.7,0.21,0.74,0.71,0.5017062
0.18,0.45,0.71,0.24,0.74,0.72,0.5017062
0.16,0.48,0.73,0.23,0.73,0.71,0.5017065
0.16,0.47,0.73,0.21,0.76,0.72,0.5017067
0.17,0.48,0.7,0.24,0.74,0.72,0.5017069
0.17,0.48,0.72,0.24,0.75,0.72,0.5017075
0.16,0.45,0.7,0.26,0.75,0.71,0.5017076
0.16,0.48,0.73,0.27,0.74,0.72,0.5017076
0.18,0.48,0.72,0.26,0.75,0.72,0.5017076
0.16,0.48,0.72,0.22,0.75,0.72,0.5017081
0.16,0.48,0.72,0.26,0.73,0.72,0.5017081
0.16,0.42,0.71,0.22,0.74,0.71,0.5017085
0.18,0.45,0.7,0.23,0.72,0.72,0.5017086
0.16,0.48,0.71,0.25,0.72,0.72,0.5017089
0.16,0.46,0.72,0.22,0.75,0.71,0.5017091
0.16,0.47,0.73,0.26,0.73,0.71,0.5017091
0.16,0.49,0.72,0.24,0.72,0.71,0.5017092
0.17,0.43,0.7,0.22,0.73,0.7,0.5017092
0.17,0.46,0.7,0.25,0.74,0.7,0.5017092
0.16,0.46,0.7,0.23,0.74,0.7,0.5017093
0.17,0.46,0.72,0.25,0.74,0.72,0.5017094
0.17,0.44,0.7,0.25,0.75,0.7,0.5017095
0.16,0.47,0.73,0.21,0.72,0.71,0.5017098
0.17,0.45,0.71,0.24,0.72,0.7,0.5017098
0.16,0.44,0.71,0.2,0.76,0.71,0.5017101
0.16,0.45,0.73,0.24,0.76,0.72,0.5017105
0.18,0.46,0.71,0.24,0.75,0.71,0.5017106
0.16,0.49,0.71,0.23,0.74,0.72,0.5017107
0.18,0.44,0.7,0.22,0.76,0.71,0.5017107
0.17,0.41,0.7,0.21,0.75,0.72,0.5017108
0.18,0.45,0.71,0.21,0.73,0.71,0.5017108
0.16,0.44,0.73,0.21,0.74,0.72,0.5017109
0.16,0.46,0.74,0.23,0.73,0.72,0.501711
0.18,0.47,0.72,0.23,0.72,0.71,0.5017111
0.16,0.42,0.7,0.21,0.72,0.71,0.5017114
0.16,0.47,0.74,0.26,0.75,0.72,0.5017116
0.17,0.46,0.71,0.24,0.72,0.72,0.5017117
0.16,0.45,0.7,0.26,0.76,0.72,0.501712
0.16,0.48,0.75,0.25,0.72,0.72,0.5017124
0.16,0.47,0.7,0.25,0.73,0.7,0.5017128
0.16,0.42,0.71,0.22,0.75,0.72,0.501713
0.16,0.47,0.73,0.26,0.74,0.72,0.5017131
0.18,0.42,0.71,0.21,0.75,0.72,0.5017131
0.17,0.49,0.74,0.2,0.72,0.72,0.5017132
0.17,0.47,0.71,0.26,0.74,0.71,0.5017133
0.17,0.47,0.7,0.25,0.73,0.71,0.501714
0.18,0.44,0.71,0.23,0.73,0.71,0.5017144
0.18,0.47,0.71,0.26,0.74,0.72,0.5017147
0.18,0.43,0.72,0.2,0.72,0.72,0.5017148
0.16,0.49,0.73,0.24,0.74,0.72,0.501715
0.17,0.49,0.73,0.26,0.74,0.72,0.501715
0.16,0.47,0.72,0.25,0.72,0.72,0.5017152
0.16,0.44,0.7,0.25,0.74,0.7,0.5017153
0.17,0.46,0.71,0.25,0.76,0.71,0.5017154
0.18,0.47,0.7,0.25,0.73,0.72,0.5017156
0.16,0.46,0.71,0.23,0.76,0.71,0.5017158
0.17,0.46,0.71,0.22,0.72,0.7,0.5017159
0.16,0.42,0.7,0.21,0.73,0.72,0.501716
0.17,0.44,0.7,0.2,0.73,0.7,0.5017163
0.16,0.46,0.73,0.22,0.76,0.72,0.5017165
0.16,0.47,0.71,0.25,0.73,0.7,0.5017167
0.16,0.48,0.74,0.24,0.75,0.72,0.501717
0.17,0.43,0.71,0.22,0.74,0.71,0.501717
0.17,0.44,0.71,0.25,0.76,0.71,0.5017171
0.16,0.47,0.74,0.21,0.73,0.72,0.5017172
0.17,0.45,0.72,0.24,0.73,0.71,0.5017174
0.18,0.46,0.72,0.24,0.76,0.72,0.5017178
0.16,0.47,0.7,0.24,0.75,0.71,0.5017181
0.16,0.49,0.75,0.23,0.72,0.72,0.5017181
0.17,0.41,0.7,0.2,0.75,0.71,0.5017183
0.18,0.47,0.73,0.23,0.73,0.72,0.5017183
0.18,0.45,0.72,0.21,0.74,0.72,0.5017184
0.18,0.44,0.71,0.23,0.74,0.72,0.5017186
0.16,0.48,0.74,0.28,0.76,0.72,0.5017195
0.16,0.44,0.7,0.25,0.75,0.71,0.5017196
0.17,0.48,0.7,0.24,0.75,0.72,0.5017197
0.18,0.49,0.74,0.25,0.72,0.72,0.5017197
0.16,0.48,0.73,0.27,0.75,0.72,0.5017199
0.17,0.4,0.7,0.2,0.74,0.71,0.5017199
0.18,0.47,0.71,0.2,0.73,0.71,0.5017204
0.16,0.48,0.72,0.26,0.74,0.72,0.5017205
0.16,0.48,0.71,0.25,0.73,0.72,0.5017213
0.18,0.44,0.7,0.22,0.72,0.72,0.5017214
0.17,0.45,0.72,0.24,0.74,0.72,0.5017215
0.18,0.46,0.7,0.26,0.73,0.7,0.5017215
0.18,0.48,0.7,0.21,0.72,0.71,0.5017218
0.16,0.41,0.71,0.21,0.74,0.71,0.5017219
0.16,0.44,0.71,0.23,0.73,0.7,0.5017221
0.16,0.42,0.7,0.21,0.74,0.7,0.5017222
0.16,0.43,0.7,0.24,0.76,0.7,0.5017222
0.16,0.48,0.7,0.24,0.72,0.72,0.5017227
0.17,0.45,0.71,0.23,0.76,0.71,0.5017228
0.16,0.47,0.72,0.25,0.75,0.71,0.5017229
0.16,0.5,0.74,0.26,0.73,0.72,0.5017229
0.16,0.45,0.71,0.26,0.75,0.7,0.501723
0.16,0.46,0.72,0.25,0.72,0.7,0.501723
0.17,0.46,0.72,0.22,0.73,0.71,0.5017233
0.17,0.47,0.72,0.27,0.75,0.71,0.5017233
0.16,0.44,0.7,0.25,0.76,0.72,0.5017239
0.17,0.45,0.71,0.23,0.72,0.72,0.5017239
0.17,0.44,0.71,0.2,0.74,0.71,0.501724
0.17,0.48,0.73,0.24,0.72,0.71,0.501724
0.17,0.4,0.7,0.2,0.75,0.72,0.5017245
0.16,0.46,0.73,0.25,0.74,0.72,0.5017248
0.17,0.43,0.72,0.22,0.75,0.72,0.5017248
0.16,0.41,0.7,0.2,0.72,0.71,0.5017253
0.18,0.48,0.73,0.21,0.73,0.72,0.5017256
0.18,0.48,0.72,0.22,0.72,0.71,0.5017262
0.17,0.44,0.73,0.21,0.72,0.72,0.5017263
0.18,0.47,0.72,0.27,0.76,0.72,0.5017263
0.17,0.41,0.71,0.2,0.76,0.72,0.5017264
0.16,0.41,0.71,0.21,0.75,0.72,0.5017265
0.17,0.47,0.7,0.25,0.74,0.71,0.5017267
0.18,0.47,0.72,0.2,0.75,0.72,0.5017269
0.18,0.47,0.71,0.26,0.75,0.72,0.501727
0.16,0.46,0.72,0.24,0.72,0.72,0.5017271
0.16,0.43,0.7,0.24,0.74,0.7,0.5017275
0.17,0.48,0.72,0.2,0.72,0.71,0.5017278
0.18,0.47,0.7,0.25,0.74,0.72,0.5017279
0.18,0.48,0.71,0.21,0.74,0.72,0.5017281
0.16,0.44,0.7,0.22,0.76,0.7,0.5017284
0.16,0.45,0.71,0.21,0.73,0.7,0.5017286
0.16,0.47,0.72,0.23,0.72,0.7,0.5017288
0.16,0.44,0.72,0.23,0.74,0.71,0.5017297
0.18,0.45,0.7,0.23,0.73,0.7,0.5017299
0.16,0.41,0.7,0.2,0.73,0.72,0.50173
0.16,0.42,0.71,0.21,0.75,0.71,0.5017301
0.18,0.49,0.7,0.22,0.73,0.72,0.5017302
0.17,0.47,0.73,0.25,0.76,0.72,0.5017303
0.16,0.45,0.72,0.26,0.76,0.71,0.5017304
0.16,0.46,0.73,0.25,0.73,0.71,0.5017304
0.18,0.47,0.71,0.25,0.72,0.7,0.5017304
0.17,0.46,0.73,0.22,0.74,0.72,0.5017306
0.16,0.48,0.73,0.27,0.74,0.71,0.5017309
0.17,0.48,0.74,0.24,0.73,0.72,0.501731
0.18,0.48,0.73,0.26,0.73,0.72,0.501731
0.17,0.47,0.72,0.2,0.73,0.71,0.5017313
0.16,0.43,0.72,0.2,0.72,0.71,0.5017314
0.18,0.43,0.71,0.22,0.74,0.72,0.5017314
0.17,0.44,0.72,0.2,0.75,0.72,0.5017317
0.16,0.43,0.7,0.24,0.75,0.71,0.5017319
0.16,0.48,0.73,0.27,0.76,0.72,0.5017323
0.17,0.49,0.7,0.2,0.73,0.72,0.5017323
0.17,0.5,0.75,0.26,0.72,0.72,0.5017326
0.16,0.48,0.72,0.26,0.75,0.72,0.5017329
0.18,0.45,0.7,0.25,0.73,0.7,0.5017335
0.16,0.48,0.71,0.25,0.74,0.72,0.5017337
0.17,0.44,0.72,0.23,0.74,0.72,0.5017339
0.17,0.48,0.73,0.2,0.74,0.72,0.501734
0.18,0.41,0.7,0.2,0.73,0.71,0.501734
0.18,0.49,0.72,0.23,0.73,0.72,0.501734
0.17,0.49,0.74,0.27,0.73,0.72,0.5017346
0.17,0.46,0.7,0.26,0.73,0.7,0.5017347
0.18,0.43,0.7,0.21,0.72,0.72,0.501735
0.16,0.48,0.7,0.24,0.73,0.72,0.5017351
0.17,0.49,0.72,0.21,0.73,0.72,0.5017353
0.18,0.46,0.7,0.22,0.75,0.71,0.5017354
0.16,0.46,0.72,0.24,0.76,0.71,0.5017357
0.16,0.45,0.72,0.21,0.74,0.71,0.501736
0.16,0.47,0.73,0.23,0.73,0.71,0.501736
0.18,0.47,0.7,0.24,0.72,0.7,0.501736
0.16,0.43,0.7,0.24,0.76,0.72,0.5017361
0.17,0.47,0.7,0.22,0.72,0.7,0.5017364
0.16,0.48,0.74,0.27,0.76,0.72,0.5017366
0.17,0.46,0.71,0.26,0.73,0.7,0.5017367
0.16,0.45,0.73,0.24,0.74,0.72,0.5017368
0.17,0.44,0.71,0.22,0.72,0.72,0.5017368
0.18,0.45,0.71,0.23,0.74,0.71,0.501737
0.16,0.49,0.74,0.25,0.72,0.71,0.5017371
0.16,0.44,0.73,0.23,0.75,0.72,0.5017372
0.17,0.46,0.7,0.2,0.75,0.71,0.5017373
0.18,0.45,0.7,0.25,0.74,0.71,0.5017374
0.18,0.47,0.72,0.25,0.73,0.71,0.5017374
0.17,0.42,0.7,0.21,0.72,0.7,0.5017375
0.17,0.5,0.71,0.22,0.72,0.72,0.5017377
0.18,0.43,0.7,0.21,0.75,0.71,0.5017379
0.16,0.42,0.72,0.21,0.76,0.72,0.501738
0.16,0.45,0.74,0.22,0.72,0.72,0.5017382
0.16,0.47,0.7,0.2,0.72,0.7,0.5017382
0.17,0.47,0.73,0.2,0.74,0.72,0.5017385
0.18,0.44,0.71,0.2,0.72,0.71,0.5017389
0.16,0.43,0.73,0.2,0.73,0.72,0.5017394
0.16,0.45,0.72,0.23,0.72,0.72,0.5017395
0.17,0.49,0.74,0.22,0.73,0.72,0.5017395
0.18,0.47,0.71,0.26,0.76,0.72,0.5017395
0.16,0.5,0.71,0.2,0.72,0.72,0.50174
0.16,0.42,0.7,0.23,0.74,0.7,0.5017402
0.16,0.4,0.71,0.2,0.75,0.72,0.5017403
0.17,0.46,0.71,0.26,0.74,0.71,0.5017405
0.18,0.47,0.7,0.25,0.75,0.72,0.5017405
0.16,0.47,0.72,0.27,0.73,0.7,0.5017406
0.16,0.49,0.74,0.2,0.73,0.72,0.5017414
0.18,0.45,0.7,0.25,0.75,0.72,0.5017414
0.18,0.5,0.73,0.25,0.72,0.72,0.5017415
0.18,0.47,0.71,0.24,0.74,0.71,0.5017417
0.16,0.47,0.71,0.26,0.73,0.71,0.5017418
0.17,0.5,0.73,0.23,0.72,0.72,0.5017418
0.17,0.44,0.7,0.22,0.74,0.7,0.5017424
0.17,0.47,0.71,0.22,0.74,0.71,0.5017424
0.17,0.46,0.71,0.24,0.73,0.7,0.5017425
0.18,0.47,0.73,0.25,0.73,0.72,0.5017427
0.16,0.47,0.7,0.25,0.72,0.71,0.5017428
0.16,0.47,0.74,0.23,0.74,0.72,0.5017431
0.16,0.5,0.73,0.21,0.72,0.72,0.5017431
0.17,0.46,0.7,0.25,0.72,0.71,0.5017431
0.18,0.47,0.7,0.23,0.76,0.72,0.5017433
0.16,0.45,0.73,0.21,0.75,0.72,0.5017434
0.16,0.49,0.75,0.25,0.73,0.72,0.5017439
0.16,0.42,0.7,0.23,0.75,0.71,0.5017443
0.17,0.41,0.7,0.22,0.76,0.71,0.5017443
0.18,0.45,0.72,0.23,0.75,0.72,0.5017443
0.16,0.47,0.71,0.2,0.74,0.71,0.5017444
0.16,0.47,0.72,0.27,0.74,0.71,0.5017444
0.17,0.46,0.71,0.26,0.75,0.72,0.5017444
0.17,0.47,0.7,0.25,0.72,0.72,0.5017444
0.18,0.46,0.71,0.21,0.74,0.71,0.5017444
0.18,0.47,0.73,0.25,0.74,0.72,0.5017444
0.16,0.46,0.74,0.2,0.72,0.72,0.5017446
0.17,0.48,0.7,0.23,0.73,0.71,0.5017447
0.17,0.47,0.7,0.21,0.76,0.72,0.501745
0.18,0.42,0.71,0.21,0.74,0.72,0.501745
0.18,0.43,0.71,0.21,0.76,0.72,0.5017453
0.18,0.46,0.73,0.22,0.72,0.72,0.5017453
0.16,0.48,0.72,0.26,0.76,0.72,0.5017454
0.17,0.42,0.71,0.21,0.73,0.71,0.5017454
0.17,0.48,0.74,0.26,0.73,0.72,0.501746
0.16,0.48,0.7,0.21,0.73,0.71,0.5017463
0.16,0.48,0.71,0.25,0.75,0.72,0.5017463
0.18,0.44,0.72,0.2,0.73,0.72,0.5017466
0.16,0.47,0.71,0.26,0.72,0.71,0.5017467
0.17,0.43,0.72,0.22,0.74,0.72,0.5017468
0.17,0.46,0.7,0.25,0.73,0.72,0.5017472
0.16,0.5,0.75,0.22,0.72,0.72,0.5017473
0.17,0.46,0.7,0.26,0.74,0.7,0.5017473
0.18,0.47,0.72,0.24,0.76,0.72,0.5017474
0.16,0.48,0.7,0.24,0.74,0.72,0.5017477
0.17,0.47,0.72,0.22,0.76,0.72,0.5017484
0.18,0.46,0.7,0.26,0.74,0.71,0.5017484
0.16,0.42,0.7,0.23,0.76,0.72,0.5017486
0.17,0.48,0.72,0.24,0.73,0.71,0.5017491
0.18,0.42,0.7,0.2,0.72,0.72,0.5017491
0.18,0.48,0.72,0.26,0.73,0.71,0.5017491
0.16,0.42,0.7,0.23,0.75,0.7,0.5017493
0.16,0.44,0.73,0.23,0.74,0.72,0.5017493
0.17,0.46,0.72,0.24,0.74,0.71,0.5017495
0.17,0.44,0.71,0.22,0.75,0.71,0.5017497
0.18,0.48,0.71,0.25,0.75,0.72,0.5017497
0.16,0.48,0.72,0.22,0.73,0.71,0.5017498
0.16,0.49,0.75,0.27,0.73,0.72,0.5017498
0.18,0.44,0.7,0.24,0.74,0.71,0.5017498
0.16,0.43,0.71,0.22,0.72,0.7,0.50175
0.16,0.48,0.74,0.21,0.74,0.72,0.5017503
0.17,0.48,0.73,0.26,0.73,0.71,0.5017503
0.17,0.43,0.71,0.21,0.72,0.72,0.5017504
0.17,0.45,0.7,0.23,0.75,0.7,0.5017504
0.17,0.48,0.71,0.23,0.75,0.72,0.5017504
0.17,0.45,0.72,0.21,0.72,0.71,0.5017506
0.16,0.47,0.72,0.2,0.76,0.72,0.5017507
0.17,0.45,0.7,0.2,0.74,0.7,0.5017507
0.18,0.48,0.73,0.23,0.74,0.72,0.5017507
0.16,0.41,0.7,0.2,0.73,0.7,0.5017511
0.18,0.46,0.72,0.21,0.75,0.72,0.5017514
0.17,0.42,0.7,0.2,0.76,0.71,0.5017515
0.16,0.45,0.7,0.21,0.75,0.7,0.5017518
0.16,0.48,0.71,0.21,0.75,0.72,0.5017521
0.16,0.44,0.72,0.22,0.72,0.72,0.5017525
0.16,0.49,0.71,0.23,0.72,0.71,0.5017525
0.17,0.45,0.71,0.25,0.74,0.71,0.5017527
0.18,0.47,0.73,0.2,0.72,0.72,0.5017527
0.18,0.47,0.7,0.25,0.76,0.72,0.5017532
0.16,0.47,0.72,0.27,0.75,0.71,0.5017534
0.18,0.44,0.7,0.24,0.75,0.72,0.5017538
0.16,0.47,0.71,0.26,0.74,0.71,0.5017542
0.18,0.48,0.73,0.26,0.75,0.72,0.5017543
0.17,0.48,0.73,0.24,0.75,0.72,0.5017545
0.16,0.49,0.7,0.22,0.74,0.72,0.5017547
0.16,0.45,0.71,0.23,0.74,0.7,0.501755
0.16,0.47,0.7,0.25,0.73,0.71,0.5017552
0.17,0.47,0.71,0.26,0.74,0.72,0.5017552
0.17,0.45,0.7,0.24,0.72,0.71,0.5017554
0.16,0.48,0.73,0.22,0.75,0.72,0.5017556
0.16,0.43,0.7,0.21,0.75,0.7,0.5017557
0.16,0.46,0.72,0.26,0.74,0.71,0.5017561
0.16,0.44,0.71,0.2,0.72,0.7,0.5017564
0.17,0.46,0.73,0.24,0.75,0.72,0.5017565
0.17,0.47,0.7,0.25,0.73,0.72,0.5017565
0.18,0.45,0.7,0.25,0.74,0.7,0.5017565
0.17,0.45,0.71,0.25,0.75,0.72,0.5017566
0.16,0.42,0.71,0.23,0.76,0.71,0.5017568
0.17,0.49,0.73,0.26,0.72,0.71,0.5017568
0.17,0.44,0.72,0.22,0.76,0.72,0.5017569
0.16,0.49,0.73,0.24,0.72,0.71,0.501757
0.17,0.48,0.74,0.26,0.74,0.72,0.501757
0.17,0.49,0.72,0.25,0.74,0.72,0.5017572
0.18,0.44,0.7,0.22,0.72,0.7,0.5017572
0.16,0.41,0.7,0.22,0.75,0.71,0.5017574
0.16,0.43,0.72,0.22,0.73,0.71,0.5017575
0.16,0.46,0.71,0.23,0.74,0.7,0.5017577
0.17,0.47,0.74,0.23,0.72,0.72,0.5017577
0.17,0.45,0.71,0.2,0.75,0.71,0.5017578
0.17,0.45,0.73,0.21,0.73,0.72,0.5017578
0.16,0.49,0.72,0.23,0.74,0.72,0.5017579
0.17,0.46,0.7,0.24,0.76,0.71,0.5017583
0.16,0.46,0.71,0.25,0.72,0.71,0.5017586
0.16,0.41,0.71,0.2,0.74,0.71,0.501759
0.18,0.41,0.71,0.2,0.74,0.72,0.5017591
0.17,0.45,0.7,0.24,0.73,0.72,0.5017594
0.16,0.46,0.7,0.22,0.76,0.71,0.5017597
0.16,0.46,0.72,0.26,0.75,0.72,0.5017599
0.18,0.46,0.71,0.27,0.76,0.71,0.50176
0.16,0.47,0.7,0.24,0.73,0.7,0.5017601
0.16,0.48,0.7,0.24,0.75,0.72,0.5017604
0.17,0.42,0.72,0.21,0.74,0.72,0.5017604
0.18,0.46,0.7,0.26,0.75,0.71,0.501761
0.17,0.49,0.74,0.26,0.74,0.72,0.5017617
0.16,0.41,0.7,0.22,0.76,0.72,0.5017618
0.16,0.45,0.72,0.23,0.75,0.71,0.5017621
0.16,0.49,0.74,0.24,0.74,0.72,0.5017621
0.16,0.47,0.73,0.25,0.74,0.71,0.5017622
0.16,0.46,0.71,0.25,0.73,0.72,0.5017626
0.18,0.43,0.7,0.23,0.74,0.71,0.5017626
0.16,0.43,0.71,0.21,0.76,0.71,0.501763
0.16,0.46,0.73,0.22,0.72,0.71,0.501763
0.17,0.47,0.73,0.22,0.75,0.72,0.5017631
0.18,0.45,0.71,0.25,0.75,0.71,0.5017634
0.16,0.44,0.72,0.2,0.73,0.71,0.5017638
0.18,0.43,0.7,0.23,0.76,0.71,0.5017638
0.18,0.46,0.72,0.24,0.72,0.71,0.5017642
0.18,0.44,0.71,0.22,0.73,0.71,0.5017644
0.17,0.42,0.71,0.2,0.72,0.72,0.5017645
0.17,0.48,0.74,0.21,0.72,0.72,0.5017645
0.16,0.47,0.72,0.25,0.73,0.7,0.5017647
0.17,0.45,0.72,0.2,0.76,0.72,0.5017647
0.16,0.5,0.73,0.25,0.73,0.72,0.5017648
0.16,0.43,0.73,0.22,0.74,0.72,0.5017649
0.18,0.45,0.7,0.2,0.72,0.7,0.5017649
0.17,0.44,0.71,0.24,0.74,0.71,0.5017652
0.17,0.47,0.71,0.26,0.75,0.71,0.5017652
0.16,0.47,0.71,0.24,0.75,0.71,0.5017657
0.16,0.43,0.72,0.21,0.72,0.72,0.5017661
0.17,0.47,0.72,0.27,0.76,0.72,0.5017663
0.18,0.42,0.7,0.2,0.74,0.71,0.5017663
0.18,0.43,0.7,0.23,0.75,0.72,0.5017665
0.16,0.41,0.72,0.2,0.75,0.72,0.5017668
0.16,0.47,0.71,0.26,0.75,0.71,0.5017668
0.17,0.47,0.71,0.26,0.75,0.72,0.5017674
0.16,0.47,0.7,0.25,0.74,0.71,0.5017678
0.17,0.44,0.7,0.23,0.72,0.71,0.5017681
0.16,0.45,0.72,0.25,0.74,0.71,0.5017682
0.17,0.47,0.7,0.25,0.74,0.72,0.5017687
0.17,0.44,0.7,0.24,0.75,0.7,0.5017689
0.16,0.47,0.74,0.25,0.75,0.72,0.501769
0.16,0.45,0.73,0.23,0.76,0.72,0.5017691
0.17,0.44,0.71,0.24,0.75,0.72,0.5017691
0.17,0.46,0.71,0.26,0.74,0.7,0.5017691
0.16,0.46,0.72,0.21,0.75,0.71,0.5017695
0.16,0.5,0.75,0.26,0.73,0.72,0.5017696
0.17,0.45,0.71,0.23,0.72,0.7,0.5017697
0.18,0.46,0.71,0.23,0.75,0.71,0.5017697
0.16,0.49,0.75,0.27,0.74,0.72,0.50177
0.16,0.46,0.74,0.22,0.73,0.72,0.5017701
0.18,0.48,0.71,0.21,0.72,0.71,0.5017701
0.17,0.43,0.7,0.21,0.73,0.7,0.5017703
0.18,0.45,0.72,0.25,0.76,0.72,0.5017703
0.16,0.48,0.75,0.24,0.72,0.72,0.5017704
0.16,0.47,0.73,0.2,0.72,0.71,0.5017706
0.18,0.47,0.72,0.22,0.72,0.71,0.5017707
0.16,0.45,0.71,0.24,0.72,0.71,0.501771
0.18,0.46,0.73,0.24,0.73,0.72,0.5017711
0.16,0.4,0.7,0.21,0.75,0.71,0.5017712
0.16,0.44,0.73,0.2,0.74,0.72,0.5017712
0.18,0.44,0.7,0.21,0.76,0.71,0.5017712
0.18,0.44,0.72,0.22,0.74,0.72,0.5017716
0.18,0.45,0.71,0.2,0.73,0.71,0.5017719
0.16,0.45,0.72,0.25,0.75,0.72,0.5017721
0.17,0.44,0.7,0.23,0.73,0.72,0.5017721
0.18,0.48,0.7,0.2,0.74,0.72,0.5017727
0.16,0.48,0.72,0.26,0.74,0.71,0.5017729
0.18,0.46,0.7,0.26,0.76,0.71,0.5017736
0.16,0.48,0.71,0.25,0.76,0.72,0.5017738
0.18,0.42,0.71,0.2,0.75,0.72,0.5017738
0.18,0.47,0.72,0.26,0.73,0.71,0.5017738
0.16,0.45,0.7,0.25,0.76,0.7,0.5017745
0.16,0.45,0.71,0.24,0.73,0.72,0.501775
0.16,0.48,0.74,0.23,0.75,0.72,0.5017751
0.16,0.4,0.7,0.21,0.76,0.72,0.5017756
0.18,0.48,0.72,0.21,0.74,0.72,0.5017757
0.17,0.46,0.72,0.26,0.75,0.71,0.5017758
0.18,0.42,0.7,0.22,0.74,0.71,0.5017758
0.17,0.44,0.71,0.24,0.76,0.71,0.5017759
0.16,0.46,0.7,0.26,0.73,0.7,0.5017762
0.16,0.46,0.73,0.21,0.76,0.72,0.5017763
0.18,0.46,0.72,0.23,0.76,0.72,0.5017764
0.17,0.45,0.72,0.23,0.73,0.71,0.5017766
0.17,0.46,0.71,0.21,0.72,0.7,0.5017767
0.16,0.49,0.75,0.22,0.72,0.72,0.5017768
0.17,0.47,0.73,0.25,0.72,0.71,0.5017769
0.17,0.48,0.73,0.27,0.73,0.71,0.501777
0.18,0.47,0.72,0.26,0.74,0.72,0.5017772
0.18,0.47,0.73,0.22,0.73,0.72,0.5017773
0.16,0.41,0.7,0.22,0.74,0.7,0.5017774
0.16,0.47,0.74,0.2,0.73,0.72,0.5017774
0.18,0.49,0.71,0.22,0.73,0.72,0.5017775
0.18,0.49,0.74,0.24,0.72,0.72,0.5017775
0.17,0.43,0.71,0.21,0.74,0.71,0.5017776
0.18,0.46,0.7,0.22,0.73,0.7,0.5017777
0.17,0.43,0.71,0.23,0.74,0.71,0.501778
0.16,0.48,0.73,0.26,0.76,0.72,0.5017781
0.18,0.45,0.7,0.2,0.76,0.71,0.5017788
0.18,0.45,0.72,0.2,0.74,0.72,0.501779
0.17,0.47,0.71,0.26,0.76,0.72,0.5017796
0.17,0.46,0.7,0.2,0.73,0.7,0.5017797
0.18,0.42,0.7,0.22,0.75,0.72,0.5017798
0.17,0.49,0.71,0.2,0.73,0.72,0.50178
0.16,0.42,0.72,0.2,0.72,0.72,0.5017803
0.17,0.48,0.73,0.27,0.74,0.72,0.5017803
0.18,0.47,0.71,0.25,0.72,0.72,0.5017805
0.16,0.47,0.7,0.25,0.75,0.71,0.5017806
0.16,0.44,0.72,0.24,0.74,0.71,0.5017807
0.17,0.47,0.7,0.25,0.75,0.72,0.501781
0.17,0.43,0.7,0.22,0.72,0.71,0.5017813
0.18,0.49,0.73,0.23,0.73,0.72,0.5017813
0.16,0.45,0.71,0.25,0.75,0.7,0.5017818
0.17,0.43,0.71,0.23,0.75,0.72,0.5017818
0.16,0.43,0.7,0.23,0.76,0.7,0.501782
0.16,0.46,0.72,0.24,0.72,0.7,0.5017823
0.17,0.5,0.7,0.21,0.72,0.72,0.5017824
0.17,0.45,0.71,0.22,0.76,0.71,0.5017825
0.17,0.46,0.73,0.26,0.76,0.72,0.5017825
0.16,0.44,0.71,0.22,0.73,0.7,0.5017826
0.17,0.48,0.73,0.23,0.72,0.71,0.501783
0.17,0.49,0.73,0.21,0.73,0.72,0.501783
0.17,0.46,0.72,0.21,0.73,0.71,0.5017834
0.17,0.47,0.74,0.25,0.73,0.72,0.5017835
0.17,0.45,0.73,0.23,0.74,0.72,0.5017836
0.16,0.44,0.71,0.23,0.72,0.71,0.5017837
0.17,0.48,0.72,0.26,0.72,0.72,0.5017837
0.18,0.44,0.7,0.24,0.73,0.7,0.5017838
0.16,0.47,0.71,0.26,0.73,0.72,0.501784
0.18,0.5,0.72,0.24,0.72,0.72,0.501784
0.16,0.42,0.7,0.2,0.74,0.7,0.5017841
0.17,0.45,0.7,0.26,0.74,0.7,0.5017843
0.16,0.44,0.72,0.24,0.75,0.72,0.5017845
0.17,0.43,0.72,0.21,0.75,0.72,0.5017848
0.17,0.47,0.71,0.22,0.72,0.7,0.501785
0.17,0.5,0.72,0.22,0.72,0.72,0.501785
0.18,0.47,0.7,0.23,0.74,0.71,0.5017851
0.17,0.43,0.7,0.22,0.73,0.72,0.5017853
0.17,0.46,0.71,0.2,0.75,0.71,0.5017856
0.16,0.47,0.7,0.25,0.72,0.72,0.5017857
0.18,0.48,0.73,0.2,0.73,0.72,0.5017858
0.17,0.44,0.73,0.2,0.72,0.72,0.5017868
0.17,0.47,0.7,0.21,0.74,0.71,0.5017869
0.16,0.47,0.71,0.2,0.72,0.7,0.5017872
0.16,0.44,0.71,0.23,0.73,0.72,0.5017877
0.16,0.46,0.71,0.27,0.75,0.7,0.5017877
0.16,0.5,0.72,0.2,0.72,0.72,0.5017877
0.16,0.46,0.71,0.27,0.74,0.7,0.5017879
0.17,0.45,0.7,0.26,0.75,0.71,0.5017879
0.17,0.47,0.73,0.24,0.76,0.72,0.5017883
0.18,0.5,0.74,0.25,0.72,0.72,0.5017884
0.16,0.45,0.72,0.25,0.76,0.71,0.5017885
0.16,0.46,0.7,0.26,0.74,0.7,0.5017888
0.16,0.47,0.72,0.22,0.72,0.7,0.5017888
0.16,0.47,0.73,0.27,0.75,0.71,0.5017888
0.17,0.5,0.74,0.23,0.72,0.72,0.501789
0.16,0.46,0.73,0.24,0.73,0.71,0.5017891
0.17,0.46,0.7,0.26,0.74,0.71,0.5017894
0.18,0.5,0.74,0.27,0.72,0.72,0.5017894
0.16,0.44,0.7,0.21,0.76,0.7,0.5017895
0.17,0.48,0.74,0.23,0.73,0.72,0.5017895
0.18,0.46,0.72,0.25,0.74,0.72,0.5017895
0.16,0.44,0.72,0.22,0.74,0.71,0.5017896
0.16,0.48,0.74,0.26,0.72,0.71,0.5017898
0.18,0.47,0.71,0.24,0.72,0.7,0.5017898
0.17,0.5,0.75,0.25,0.72,0.72,0.50179
0.17,0.46,0.73,0.21,0.74,0.72,0.5017902
0.16,0.45,0.71,0.2,0.73,0.7,0.5017903
0.17,0.47,0.72,0.22,0.74,0.71,0.5017903
0.18,0.45,0.7,0.22,0.73,0.7,0.5017903
0.18,0.47,0.71,0.23,0.76,0.72,0.5017904
0.16,0.46,0.7,0.26,0.72,0.7,0.5017906
0.16,0.5,0.74,0.21,0.72,0.72,0.5017907
0.16,0.42,0.71,0.2,0.75,0.71,0.5017914
0.17,0.45,0.7,0.26,0.76,0.72,0.5017916
0.18,0.42,0.7,0.22,0.75,0.71,0.5017917
0.18,0.48,0.71,0.25,0.73,0.71,0.5017917
0.17,0.47,0.73,0.26,0.74,0.72,0.5017923
0.17,0.48,0.71,0.23,0.73,0.71,0.5017924
0.17,0.47,0.71,0.21,0.76,0.72,0.5017925
0.18,0.48,0.7,0.24,0.75,0.72,0.5017926
0.16,0.47,0.72,0.2,0.74,0.71,0.5017928
0.18,0.46,0.71,0.24,0.72,0.72,0.5017928
0.18,0.43,0.71,0.21,0.72,0.71,0.5017932
0.17,0.47,0.7,0.25,0.76,0.72,0.5017935
0.18,0.41,0.7,0.21,0.75,0.72,0.5017937
0.16,0.48,0.71,0.21,0.73,0.71,0.5017944
0.17,0.48,0.7,0.22,0.75,0.72,0.5017944
0.16,0.46,0.72,0.23,0.76,0.71,0.5017946
0.16,0.47,0.72,0.27,0.75,0.72,0.5017948
0.17,0.42,0.71,0.22,0.75,0.72,0.5017951
0.16,0.47,0.74,0.27,0.76,0.72,0.5017952
0.17,0.42,0.7,0.21,0.72,0.71,0.5017953
0.16,0.47,0.73,0.22,0.73,0.71,0.5017954
0.16,0.48,0.74,0.27,0.74,0.72,0.5017956
0.17,0.47,0.72,0.25,0.72,0.72,0.5017956
0.16,0.46,0.74,0.24,0.74,0.72,0.5017958
0.17,0.44,0.7,0.26,0.76,0.7,0.5017958
0.16,0.47,0.71,0.26,0.74,0.72,0.5017962
0.17,0.45,0.71,0.25,0.73,0.7,0.5017962
0.18,0.47,0.72,0.24,0.73,0.71,0.5017962
0.16,0.48,0.75,0.26,0.73,0.72,0.5017963
0.18,0.48,0.72,0.25,0.75,0.72,0.5017964
0.16,0.44,0.73,0.22,0.75,0.72,0.5017966
0.17,0.43,0.7,0.23,0.74,0.7,0.5017966
0.16,0.49,0.7,0.22,0.72,0.71,0.5017969
0.17,0.44,0.7,0.25,0.74,0.7,0.5017969
0.18,0.45,0.71,0.22,0.74,0.71,0.5017969
0.16,0.43,0.71,0.22,0.72,0.71,0.5017971
0.16,0.45,0.72,0.2,0.74,0.71,0.5017971
0.16,0.48,0.7,0.2,0.75,0.72,0.5017971
0.16,0.43,0.72,0.23,0.75,0.72,0.5017973
0.17,0.48,0.72,0.23,0.75,0.72,0.5017974
0.16,0.48,0.73,0.22,0.73,0.71,0.5017977
0.16,0.47,0.7,0.25,0.73,0.72,0.5017978
0.16,0.45,0.74,0.21,0.72,0.72,0.5017981
0.16,0.47,0.73,0.2,0.76,0.72,0.5017984
0.16,0.42,0.72,0.2,0.76,0.72,0.5017986
0.18,0.42,0.71,0.22,0.76,0.72,0.5017987
0.16,0.48,0.73,0.26,0.72,0.72,0.5017988
0.17,0.42,0.7,0.21,0.73,0.72,0.5017993
0.18,0.43,0.7,0.2,0.75,0.71,0.5017993
0.17,0.49,0.72,0.25,0.72,0.71,0.5017994
0.17,0.42,0.7,0.2,0.72,0.7,0.5017995
0.16,0.48,0.72,0.21,0.75,0.72,0.5017996
0.16,0.45,0.71,0.26,0.74,0.7,0.5018
0.17,0.49,0.71,0.24,0.74,0.72,0.5018001
0.16,0.49,0.72,0.23,0.72,0.71,0.5018002
0.18,0.46,0.7,0.26,0.74,0.7,0.5018003
0.18,0.43,0.72,0.21,0.73,0.72,0.5018004
0.17,0.44,0.7,0.25,0.75,0.71,0.5018005
0.17,0.46,0.71,0.27,0.76,0.71,0.5018005
0.17,0.46,0.7,0.24,0.74,0.7,0.5018007
0.16,0.43,0.71,0.22,0.73,0.72,0.501801
0.17,0.46,0.7,0.26,0.75,0.71,0.5018016
0.16,0.49,0.71,0.22,0.74,0.72,0.5018019
0.16,0.49,0.75,0.24,0.73,0.72,0.5018019
0.16,0.47,0.74,0.22,0.74,0.72,0.501802
0.18,0.45,0.72,0.24,0.74,0.72,0.501802
0.16,0.46,0.7,0.22,0.74,0.7,0.5018021
0.17,0.46,0.71,0.23,0.73,0.7,0.5018023
0.18,0.46,0.7,0.26,0.75,0.72,0.5018026
0.18,0.47,0.73,0.24,0.74,0.72,0.5018026
0.18,0.5,0.73,0.26,0.72,0.72,0.5018026
0.18,0.49,0.74,0.26,0.73,0.72,0.5018028
0.16,0.45,0.7,0.25,0.72,0.7,0.501803
0.17,0.43,0.71,0.23,0.75,0.71,0.5018034
0.18,0.45,0.72,0.22,0.75,0.72,0.5018034
0.17,0.44,0.7,0.21,0.74,0.7,0.5018035
0.16,0.45,0.71,0.26,0.75,0.71,0.5018036
0.16,0.45,0.73,0.2,0.75,0.72,0.5018038
0.17,0.49,0.73,0.25,0.74,0.72,0.5018038
0.17,0.44,0.7,0.25,0.76,0.72,0.5018042
0.16,0.49,0.74,0.24,0.72,0.71,0.5018045
0.17,0.46,0.73,0.25,0.74,0.72,0.5018045
0.17,0.44,0.72,0.22,0.72,0.71,0.5018047
0.16,0.49,0.73,0.23,0.74,0.72,0.5018049
0.18,0.46,0.73,0.21,0.72,0.72,0.501805
0.18,0.46,0.71,0.26,0.76,0.71,0.5018051
0.17,0.41,0.7,0.21,0.76,0.71,0.5018053
0.18,0.46,0.71,0.2,0.74,0.71,0.5018053
0.17,0.46,0.71,0.24,0.76,0.71,0.5018057
0.18,0.45,0.71,0.23,0.72,0.72,0.5018057
0.18,0.43,0.71,0.2,0.76,0.72,0.5018061
0.16,0.45,0.7,0.25,0.73,0.71,0.5018067
0.17,0.42,0.71,0.2,0.73,0.71,0.5018068
0.16,0.47,0.72,0.27,0.76,0.72,0.501807
0.16,0.45,0.71,0.26,0.76,0.72,0.5018072
0.16,0.46,0.71,0.22,0.76,0.71,0.5018075
0.17,0.47,0.71,0.26,0.73,0.7,0.5018075
0.16,0.47,0.74,0.26,0.74,0.72,0.5018076
0.16,0.5,0.72,0.24,0.73,0.72,0.5018078
0.17,0.46,0.72,0.24,0.72,0.72,0.5018079
0.18,0.4,0.7,0.2,0.75,0.72,0.501808
0.17,0.47,0.7,0.25,0.75,0.71,0.5018081
0.16,0.47,0.71,0.24,0.73,0.7,0.5018082
0.16,0.47,0.71,0.26,0.75,0.72,0.5018083
0.17,0.48,0.73,0.25,0.73,0.71,0.5018084
0.17,0.46,0.72,0.23,0.74,0.71,0.5018088
0.16,0.45,0.71,0.27,0.76,0.7,0.5018089
0.16,0.44,0.71,0.24,0.74,0.7,0.501809
0.16,0.46,0.72,0.26,0.73,0.7,0.501809
0.17,0.41,0.71,0.21,0.75,0.72,0.5018091
0.16,0.47,0.7,0.23,0.75,0.71,0.5018095
0.17,0.41,0.7,0.2,0.72,0.71,0.5018097
0.18,0.48,0.73,0.22,0.74,0.72,0.5018097
0.17,0.43,0.7,0.24,0.74,0.7,0.5018098
0.16,0.42,0.7,0.22,0.75,0.7,0.5018099
0.16,0.47,0.7,0.25,0.74,0.72,0.5018099
0.17,0.43,0.72,0.23,0.76,0.72,0.5018102
0.17,0.44,0.71,0.21,0.75,0.71,0.5018102
0.16,0.45,0.7,0.25,0.74,0.72,0.5018105
0.16,0.48,0.74,0.2,0.74,0.72,0.5018105
0.16,0.42,0.72,0.22,0.75,0.72,0.5018107
0.16,0.47,0.73,0.25,0.72,0.72,0.5018109
0.16,0.42,0.71,0.21,0.72,0.71,0.5018111
0.16,0.43,0.71,0.21,0.72,0.7,0.5018112
0.16,0.5,0.74,0.25,0.73,0.72,0.5018116
0.17,0.44,0.73,0.22,0.73,0.72,0.5018116
0.17,0.45,0.72,0.2,0.72,0.71,0.5018116
0.18,0.46,0.72,0.2,0.75,0.72,0.5018118
0.17,0.47,0.72,0.26,0.75,0.71,0.5018122
0.16,0.44,0.71,0.25,0.74,0.7,0.5018126
0.18,0.49,0.74,0.27,0.73,0.72,0.5018131
0.16,0.47,0.72,0.24,0.75,0.71,0.5018132
0.17,0.43,0.7,0.24,0.75,0.71,0.5018134
0.17,0.41,0.7,0.2,0.73,0.72,0.5018138
0.17,0.42,0.72,0.2,0.74,0.72,0.501814
0.17,0.46,0.7,0.26,0.76,0.71,0.5018142
0.17,0.48,0.74,0.25,0.74,0.72,0.5018145
0.18,0.46,0.7,0.26,0.76,0.72,0.5018148
0.16,0.42,0.71,0.21,0.73,0.72,0.501815
0.18,0.44,0.72,0.23,0.74,0.72,0.501815
0.17,0.46,0.73,0.23,0.75,0.72,0.5018152
0.16,0.45,0.71,0.22,0.74,0.7,0.5018153
0.18,0.48,0.7,0.2,0.72,0.71,0.5018154
0.16,0.48,0.72,0.26,0.72,0.7,0.5018155
0.16,0.44,0.72,0.24,0.75,0.71,0.5018157
0.16,0.44,0.7,0.24,0.72,0.7,0.5018158
0.16,0.48,0.71,0.25,0.74,0.71,0.5018158
0.16,0.44,0.71,0.25,0.75,0.71,0.5018161
0.18,0.45,0.7,0.24,0.74,0.7,0.5018161
0.18,0.5,0.72,0.25,0.72,0.72,0.5018165
0.17,0.47,0.74,0.22,0.72,0.72,0.5018167
0.16,0.42,0.71,0.22,0.76,0.71,0.5018168
0.16,0.45,0.73,0.23,0.72,0.71,0.5018168
0.17,0.44,0.72,0.21,0.76,0.72,0.5018168
0.17,0.43,0.7,0.24,0.76,0.72,0.501817
0.16,0.48,0.7,0.24,0.76,0.72,0.5018171
0.17,0.45,0.73,0.24,0.74,0.72,0.5018172
0.16,0.43,0.7,0.2,0.75,0.7,0.5018176
0.16,0.43,0.72,0.21,0.73,0.71,0.5018181
0.17,0.45,0.73,0.2,0.73,0.72,0.5018183
0.18,0.48,0.72,0.21,0.72,0.71,0.5018183
0.18,0.44,0.7,0.21,0.72,0.7,0.5018184
0.16,0.46,0.7,0.26,0.73,0.71,0.5018187
0.18,0.44,0.71,0.22,0.72,0.72,0.5018192
0.16,0.44,0.7,0.24,0.73,0.71,0.5018195
0.16,0.44,0.71,0.25,0.76,0.72,0.5018198
0.16,0.48,0.73,0.26,0.74,0.71,0.5018198
0.16,0.46,0.74,0.25,0.74,0.72,0.5018199
0.18,0.48,0.71,0.2,0.74,0.72,0.5018204
0.16,0.47,0.71,0.26,0.76,0.72,0.5018205
0.16,0.48,0.72,0.25,0.76,0.72,0.5018205
0.18,0.46,0.71,0.26,0.74,0.71,0.5018208
0.16,0.47,0.73,0.24,0.74,0.71,0.5018209
0.17,0.45,0.72,0.23,0.72,0.72,0.5018209
0.18,0.41,0.7,0.21,0.74,0.71,0.5018209
0.16,0.45,0.72,0.22,0.75,0.71,0.5018218
0.18,0.47,0.72,0.26,0.74,0.71,0.5018218
0.16,0.47,0.7,0.25,0.75,0.72,0.5018221
0.18,0.49,0.7,0.21,0.73,0.72,0.5018221
0.16,0.44,0.73,0.24,0.76,0.72,0.5018223
0.18,0.45,0.71,0.24,0.75,0.71,0.5018224
0.17,0.47,0.73,0.21,0.75,0.72,0.5018228
0.16,0.44,0.7,0.24,0.74,0.72,0.5018232
0.16,0.46,0.73,0.21,0.72,0.71,0.5018232
0.16,0.46,0.73,0.24,0.72,0.72,0.5018233
0.16,0.45,0.74,0.23,0.73,0.72,0.5018234
0.17,0.4,0.71,0.2,0.75,0.72,0.5018234
0.17,0.47,0.72,0.27,0.74,0.71,0.5018235
0.18,0.46,0.72,0.23,0.72,0.71,0.5018235
0.18,0.43,0.7,0.22,0.76,0.71,0.501824
0.18,0.46,0.71,0.26,0.75,0.72,0.501824
0.16,0.43,0.71,0.2,0.76,0.71,0.5018243
0.16,0.48,0.74,0.26,0.76,0.72,0.5018244
0.18,0.46,0.7,0.25,0.72,0.71,0.5018244
0.18,0.49,0.72,0.22,0.73,0.72,0.5018246
0.16,0.41,0.72,0.21,0.75,0.72,0.5018247
0.16,0.46,0.7,0.26,0.75,0.7,0.5018247
0.17,0.48,0.74,0.2,0.72,0.72,0.5018247
0.18,0.44,0.71,0.21,0.73,0.71,0.501825
0.16,0.43,0.73,0.21,0.74,0.72,0.5018251
0.17,0.42,0.7,0.22,0.73,0.7,0.5018252
0.16,0.41,0.71,0.2,0.72,0.71,0.5018256
0.17,0.42,0.7,0.23,0.75,0.71,0.5018265
0.17,0.47,0.72,0.27,0.75,0.72,0.5018268
0.16,0.49,0.75,0.26,0.74,0.72,0.501827
0.16,0.47,0.74,0.24,0.75,0.72,0.5018272
0.17,0.47,0.71,0.26,0.72,0.71,0.5018272
0.18,0.5,0.71,0.23,0.72,0.72,0.5018273
0.17,0.5,0.75,0.28,0.73,0.72,0.5018274
0.17,0.49,0.72,0.2,0.73,0.72,0.5018276
0.18,0.46,0.7,0.25,0.73,0.72,0.5018278
0.18,0.46,0.7,0.21,0.75,0.71,0.5018279
0.18,0.47,0.73,0.26,0.75,0.72,0.5018279
0.17,0.46,0.71,0.25,0.74,0.7,0.5018281
0.18,0.47,0.7,0.23,0.72,0.7,0.5018281
0.16,0.45,0.73,0.22,0.76,0.72,0.5018282
0.18,0.45,0.72,0.24,0.76,0.72,0.5018286
0.16,0.43,0.71,0.24,0.75,0.71,0.501829
0.16,0.48,0.75,0.23,0.72,0.72,0.501829
0.17,0.44,0.7,0.23,0.75,0.7,0.501829
0.16,0.43,0.7,0.23,0.72,0.7,0.5018291
0.17,0.5,0.74,0.27,0.72,0.72,0.5018292
0.16,0.46,0.71,0.27,0.75,0.71,0.5018293
0.16,0.41,0.71,0.2,0.73,0.72,0.5018295
0.17,0.5,0.71,0.21,0.72,0.72,0.5018295
0.18,0.46,0.71,0.22,0.75,0.71,0.5018296
0.16,0.46,0.74,0.21,0.73,0.72,0.5018297
0.18,0.48,0.74,0.25,0.72,0.72,0.5018297
0.18,0.46,0.73,0.23,0.73,0.72,0.5018298
0.17,0.47,0.7,0.21,0.72,0.7,0.50183
0.17,0.42,0.7,0.23,0.76,0.72,0.5018301
0.17,0.45,0.71,0.22,0.72,0.7,0.5018303
0.16,0.46,0.72,0.2,0.75,0.71,0.5018304
0.17,0.47,0.71,0.26,0.73,0.72,0.5018305
0.17,0.49,0.74,0.21,0.73,0.72,0.5018305
0.16,0.46,0.7,0.26,0.74,0.71,0.5018309
0.18,0.47,0.72,0.21,0.72,0.71,0.5018309
0.18,0.5,0.71,0.24,0.72,0.72,0.5018309
0.18,0.5,0.73,0.24,0.72,0.72,0.5018309
0.18,0.44,0.72,0.21,0.74,0.72,0.5018317
0.17,0.42,0.71,0.22,0.74,0.71,0.5018319
0.17,0.43,0.7,0.2,0.73,0.7,0.5018322
0.17,0.5,0.73,0.22,0.72,0.72,0.5018322
0.18,0.44,0.7,0.2,0.76,0.71,0.5018324
0.16,0.43,0.71,0.24,0.76,0.72,0.5018326
0.18,0.47,0.71,0.23,0.74,0.71,0.5018326
0.16,0.43,0.7,0.23,0.73,0.71,0.5018327
0.18,0.43,0.71,0.21,0.72,0.72,0.5018334
0.18,0.45,0.71,0.25,0.74,0.71,0.5018334
0.16,0.48,0.74,0.22,0.75,0.72,0.5018341
0.17,0.46,0.72,0.25,0.75,0.71,0.5018342
0.17,0.44,0.72,0.22,0.72,0.72,0.5018344
0.18,0.47,0.7,0.22,0.76,0.72,0.5018344
0.16,0.47,0.7,0.25,0.76,0.72,0.5018346
0.17,0.4,0.7,0.2,0.75,0.71,0.5018349
0.17,0.47,0.71,0.21,0.74,0.71,0.5018349
0.18,0.48,0.7,0.24,0.73,0.71,0.5018352
0.16,0.5,0.73,0.2,0.72,0.72,0.5018353
0.17,0.44,0.71,0.23,0.76,0.71,0.5018353
0.17,0.45,0.7,0.27,0.76,0.7,0.5018354
0.18,0.46,0.72,0.22,0.76,0.72,0.5018356
0.17,0.47,0.73,0.24,0.72,0.71,0.5018357
0.17,0.46,0.72,0.26,0.74,0.71,0.5018359
0.18,0.49,0.74,0.23,0.72,0.72,0.501836
0.16,0.43,0.7,0.23,0.74,0.72,0.5018363
0.16,0.45,0.73,0.23,0.72,0.72,0.5018363
0.16,0.49,0.75,0.21,0.72,0.72,0.5018363
0.16,0.42,0.7,0.24,0.76,0.7,0.5018366
0.16,0.46,0.73,0.2,0.76,0.72,0.5018366
0.17,0.45,0.72,0.22,0.73,0.71,0.5018366
0.18,0.45,0.71,0.25,0.75,0.72,0.5018367
0.17,0.48,0.7,0.22,0.73,0.71,0.5018369
0.18,0.47,0.73,0.21,0.73,0.72,0.501837
0.16,0.43,0.71,0.23,0.73,0.7,0.5018373
0.18,0.45,0.7,0.24,0.72,0.71,0.5018373
0.18,0.47,0.72,0.23,0.76,0.72,0.5018373
0.17,0.47,0.7,0.2,0.76,0.72,0.5018375
0.16,0.5,0.75,0.21,0.72,0.72,0.5018383
0.17,0.46,0.71,0.2,0.72,0.7,0.5018383
0.18,0.48,0.72,0.25,0.73,0.71,0.5018388
0.16,0.47,0.73,0.27,0.74,0.71,0.5018389
0.17,0.43,0.71,0.2,0.74,0.71,0.5018389
0.16,0.41,0.7,0.21,0.74,0.7,0.501839
0.17,0.46,0.72,0.26,0.75,0.72,0.501839
0.18,0.48,0.71,0.24,0.75,0.72,0.5018394
0.17,0.46,0.71,0.25,0.72,0.71,0.5018396
0.17,0.47,0.72,0.21,0.76,0.72,0.5018398
0.16,0.48,0.7,0.2,0.73,0.71,0.5018399
0.17,0.48,0.72,0.23,0.73,0.71,0.5018399
0.17,0.48,0.74,0.27,0.75,0.72,0.5018399
0.17,0.41,0.7,0.22,0.75,0.71,0.5018402
0.17,0.46,0.73,0.25,0.76,0.72,0.5018403
0.18,0.45,0.7,0.24,0.73,0.72,0.5018407
0.17,0.5,0.74,0.27,0.73,0.72,0.5018408
0.16,0.45,0.71,0.24,0.75,0.7,0.5018412
0.16,0.46,0.71,0.27,0.76,0.71,0.5018415
0.17,0.48,0.71,0.22,0.75,0.72,0.5018415
0.17,0.4,0.71,0.2,0.76,0.72,0.5018418
0.17,0.47,0.74,0.24,0.73,0.72,0.5018418
0.18,0.45,0.7,0.26,0.75,0.7,0.5018419
0.17,0.49,0.75,0.26,0.72,0.72,0.501842
0.16,0.47,0.73,0.27,0.75,0.72,0.5018421
0.16,0.42,0.71,0.23,0.75,0.71,0.5018422
0.16,0.46,0.72,0.23,0.72,0.7,0.5018423
0.16,0.48,0.72,0.21,0.73,0.71,0.5018423
0.16,0.47,0.72,0.26,0.72,0.71,0.5018425
0.16,0.43,0.7,0.22,0.76,0.7,0.5018426
0.17,0.48,0.73,0.22,0.72,0.71,0.5018426
0.16,0.42,0.7,0.22,0.72,0.7,0.5018427
0.17,0.5,0.73,0.26,0.72,0.72,0.5018427
0.17,0.49,0.71,0.24,0.72,0.71,0.5018428
0.17,0.45,0.73,0.22,0.74,0.72,0.5018429
0.17,0.46,0.71,0.25,0.73,0.72,0.5018429
0.18,0.46,0.71,0.25,0.72,0.7,0.501843
0.18,0.48,0.73,0.25,0.75,0.72,0.501843
0.16,0.46,0.7,0.26,0.75,0.71,0.5018431
0.17,0.45,0.71,0.21,0.76,0.71,0.5018431
0.17,0.45,0.7,0.22,0.75,0.7,0.5018432
0.17,0.46,0.7,0.26,0.75,0.72,0.5018435
0.16,0.44,0.71,0.21,0.73,0.7,0.5018437
0.16,0.43,0.72,0.23,0.74,0.71,0.5018438
0.17,0.41,0.7,0.22,0.76,0.72,0.5018439
0.17,0.49,0.7,0.23,0.74,0.72,0.501844
0.18,0.44,0.7,0.23,0.73,0.7,0.501844
0.17,0.48,0.73,0.23,0.75,0.72,0.5018443
0.16,0.49,0.71,0.22,0.72,0.71,0.5018445
0.17,0.46,0.72,0.2,0.73,0.71,0.5018445
0.16,0.48,0.71,0.2,0.75,0.72,0.5018446
0.17,0.43,0.72,0.2,0.75,0.72,0.5018456
0.16,0.42,0.71,0.23,0.76,0.72,0.5018457
0.16,0.47,0.72,0.26,0.73,0.72,0.5018457
0.18,0.5,0.7,0.23,0.72,0.72,0.5018458
0.16,0.41,0.71,0.21,0.75,0.71,0.5018459
0.16,0.45,0.7,0.2,0.75,0.7,0.5018461
0.18,0.49,0.73,0.27,0.72,0.71,0.5018461
0.16,0.42,0.7,0.22,0.73,0.71,0.5018463
0.18,0.44,0.71,0.24,0.74,0.71,0.5018464
0.17,0.49,0.73,0.25,0.72,0.71,0.5018465
0.16,0.47,0.73,0.26,0.75,0.71,0.5018466
0.16,0.49,0.7,0.21,0.74,0.72,0.5018468
0.16,0.48,0.73,0.21,0.75,0.72,0.5018469
0.17,0.47,0.73,0.23,0.76,0.72,0.5018469
0.17,0.49,0.72,0.24,0.74,0.72,0.5018469
0.16,0.45,0.72,0.24,0.76,0.71,0.5018473
0.16,0.49,0.73,0.23,0.72,0.71,0.5018478
0.18,0.45,0.71,0.26,0.76,0.71,0.5018479
0.16,0.48,0.74,0.25,0.72,0.71,0.501848
0.17,0.5,0.75,0.24,0.72,0.72,0.501848
0.18,0.42,0.71,0.2,0.72,0.72,0.501848
0.16,0.42,0.72,0.2,0.72,0.71,0.5018481
0.18,0.46,0.7,0.25,0.76,0.71,0.5018481
0.16,0.44,0.7,0.26,0.75,0.7,0.5018483
0.16,0.46,0.73,0.23,0.73,0.71,0.5018485
0.17,0.48,0.74,0.22,0.73,0.72,0.5018485
0.17,0.45,0.72,0.25,0.74,0.71,0.5018486
0.17,0.43,0.72,0.21,0.72,0.72,0.5018487
0.16,0.49,0.72,0.22,0.74,0.72,0.5018489
0.18,0.46,0.72,0.25,0.73,0.71,0.5018491
0.17,0.46,0.7,0.23,0.76,0.71,0.5018497
0.18,0.44,0.71,0.24,0.75,0.72,0.5018497
0.16,0.44,0.73,0.22,0.72,0.72,0.5018499
0.16,0.47,0.72,0.21,0.72,0.7,0.5018499
0.16,0.42,0.7,0.22,0.74,0.72,0.50185
0.16,0.44,0.72,0.21,0.74,0.71,0.5018501
0.18,0.44,0.71,0.23,0.74,0.71,0.5018502
0.16,0.46,0.71,0.22,0.74,0.7,0.5018503
0.17,0.49,0.74,0.25,0.74,0.72,0.5018503
0.17,0.46,0.73,0.2,0.74,0.72,0.5018506
0.18,0.44,0.7,0.23,0.72,0.71,0.5018506
0.17,0.47,0.7,0.25,0.73,0.7,0.5018511
0.16,0.44,0.7,0.2,0.76,0.7,0.5018513
0.16,0.46,0.73,0.26,0.74,0.71,0.5018513
0.18,0.45,0.7,0.21,0.73,0.7,0.5018514
0.16,0.44,0.7,0.26,0.76,0.71,0.5018516
0.16,0.49,0.74,0.23,0.74,0.72,0.5018517
0.16,0.5,0.71,0.23,0.73,0.72,0.5018518
0.17,0.45,0.72,0.25,0.75,0.72,0.5018518
0.16,0.46,0.7,0.21,0.76,0.71,0.5018524
0.16,0.47,0.7,0.23,0.73,0.7,0.5018525
0.16,0.47,0.74,0.26,0.76,0.72,0.5018525
0.17,0.45,0.71,0.24,0.72,0.71,0.5018525
0.16,0.49,0.75,0.28,0.75,0.72,0.5018526
0.16,0.41,0.72,0.21,0.76,0.72,0.5018527
0.18,0.42,0.7,0.21,0.75,0.71,0.5018527
0.16,0.48,0.75,0.25,0.73,0.72,0.5018539
0.18,0.44,0.7,0.23,0.73,0.72,0.5018539
0.16,0.46,0.73,0.26,0.75,0.72,0.5018545
0.16,0.5,0.73,0.24,0.73,0.72,0.5018545
0.17,0.5,0.73,0.26,0.73,0.72,0.5018545
0.16,0.46,0.74,0.23,0.74,0.72,0.5018546
0.17,0.4,0.7,0.21,0.75,0.71,0.5018546
0.18,0.43,0.71,0.2,0.72,0.71,0.5018547
0.17,0.44,0.7,0.25,0.76,0.7,0.5018548
0.16,0.42,0.73,0.2,0.73,0.72,0.501855
0.16,0.46,0.72,0.22,0.76,0.71,0.501855
0.16,0.46,0.72,0.25,0.72,0.71,0.5018551
0.17,0.47,0.71,0.25,0.75,0.71,0.5018552
0.17,0.47,0.72,0.26,0.72,0.7,0.5018553
0.16,0.46,0.7,0.26,0.76,0.71,0.5018554
0.17,0.46,0.7,0.26,0.76,0.72,0.5018554
0.18,0.47,0.72,0.23,0.73,0.71,0.5018555
0.16,0.47,0.73,0.21,0.73,0.71,0.5018558
0.17,0.45,0.71,0.24,0.73,0.72,0.5018558
0.16,0.41,0.71,0.22,0.75,0.71,0.5018559
0.17,0.45,0.71,0.24,0.73,0.7,0.5018559
0.16,0.47,0.72,0.24,0.73,0.7,0.501856
0.16,0.44,0.73,0.21,0.75,0.72,0.5018564
0.18,0.44,0.72,0.23,0.75,0.72,0.5018564
0.16,0.47,0.71,0.23,0.75,0.71,0.5018569
0.17,0.5,0.72,0.25,0.72,0.72,0.5018569
0.16,0.41,0.7,0.21,0.72,0.7,0.5018571
0.17,0.5,0.75,0.27,0.73,0.72,0.5018573
0.17,0.43,0.7,0.22,0.74,0.7,0.5018574
0.18,0.45,0.71,0.21,0.74,0.71,0.5018574
0.16,0.5,0.75,0.25,0.73,0.72,0.5018582
0.16,0.46,0.72,0.25,0.73,0.72,0.5018583
0.17,0.4,0.7,0.21,0.76,0.72,0.5018583
0.18,0.45,0.73,0.22,0.72,0.72,0.5018583
0.16,0.45,0.74,0.2,0.72,0.72,0.5018586
0.16,0.48,0.71,0.25,0.72,0.7,0.5018587
0.18,0.48,0.73,0.27,0.74,0.72,0.5018588
0.18,0.42,0.71,0.21,0.76,0.72,0.5018591
0.16,0.41,0.71,0.22,0.76,0.72,0.5018594
0.16,0.48,0.7,0.24,0.74,0.71,0.5018596
0.17,0.46,0.72,0.27,0.76,0.71,0.50186
0.16,0.49,0.75,0.23,0.73,0.72,0.5018603
0.18,0.49,0.74,0.25,0.73,0.72,0.5018605
0.16,0.41,0.7,0.21,0.73,0.71,0.5018607
0.17,0.47,0.73,0.26,0.73,0.71,0.5018611
0.16,0.43,0.7,0.25,0.75,0.7,0.5018613
0.18,0.47,0.73,0.23,0.74,0.72,0.5018613
0.18,0.43,0.72,0.2,0.73,0.72,0.5018614
0.16,0.47,0.74,0.21,0.74,0.72,0.5018618
0.17,0.45,0.72,0.24,0.74,0.71,0.5018619
0.16,0.48,0.72,0.25,0.74,0.71,0.5018628
0.17,0.46,0.71,0.22,0.73,0.7,0.5018628
0.18,0.43,0.71,0.23,0.75,0.72,0.501863
0.18,0.48,0.72,0.26,0.72,0.72,0.5018632
0.17,0.42,0.72,0.2,0.72,0.72,0.5018634
0.17,0.49,0.73,0.27,0.72,0.71,0.5018634
0.18,0.45,0.72,0.21,0.75,0.72,0.5018634
0.18,0.48,0.71,0.2,0.72,0.71,0.5018635
0.17,0.43,0.71,0.22,0.75,0.71,0.5018636
0.16,0.48,0.71,0.24,0.76,0.72,0.5018638
0.16,0.43,0.73,0.21,0.72,0.72,0.5018643
0.16,0.41,0.7,0.21,0.74,0.72,0.5018644
0.18,0.43,0.7,0.22,0.72,0.71,0.5018644
0.16,0.43,0.7,0.25,0.76,0.71,0.5018646
0.16,0.45,0.7,0.27,0.75,0.7,0.5018646
0.17,0.45,0.7,0.26,0.76,0.7,0.5018647
0.17,0.44,0.72,0.24,0.75,0.72,0.5018649
0.18,0.45,0.7,0.26,0.74,0.7,0.5018652
0.17,0.44,0.72,0.21,0.72,0.71,0.5018653
0.17,0.44,0.7,0.2,0.74,0.7,0.5018655
0.18,0.46,0.73,0.2,0.72,0.72,0.5018656
0.17,0.48,0.73,0.27,0.76,0.72,0.5018657
0.17,0.44,0.71,0.23,0.72,0.71,0.5018659
0.16,0.45,0.7,0.24,0.76,0.7,0.501866
0.16,0.48,0.73,0.25,0.76,0.72,0.5018669
0.17,0.41,0.7,0.2,0.76,0.71,0.501867
0.17,0.48,0.73,0.24,0.73,0.71,0.5018671
0.16,0.45,0.73,0.25,0.75,0.72,0.5018672
0.16,0.45,0.71,0.26,0.76,0.7,0.5018673
0.16,0.5,0.75,0.28,0.73,0.72,0.5018675
0.17,0.46,0.71,0.27,0.74,0.7,0.5018677
0.18,0.43,0.7,0.22,0.73,0.72,0.5018677
0.17,0.45,0.73,0.24,0.75,0.72,0.5018679
0.18,0.48,0.72,0.2,0.74,0.72,0.5018679
0.16,0.45,0.72,0.24,0.72,0.71,0.501868
0.16,0.46,0.72,0.25,0.73,0.7,0.501868
0.16,0.48,0.73,0.27,0.72,0.7,0.501868
0.18,0.45,0.7,0.26,0.75,0.71,0.5018681
0.17,0.46,0.72,0.22,0.74,0.71,0.5018686
0.17,0.44,0.71,0.23,0.73,0.72,0.5018691
0.16,0.44,0.71,0.23,0.74,0.7,0.5018692
0.18,0.49,0.71,0.21,0.73,0.72,0.5018693
0.18,0.48,0.73,0.21,0.74,0.72,0.5018694
0.16,0.4,0.7,0.2,0.73,0.7,0.5018695
0.16,0.5,0.74,0.27,0.72,0.72,0.5018695
0.17,0.46,0.74,0.23,0.72,0.72,0.5018697
0.17,0.43,0.72,0.22,0.76,0.72,0.5018698
0.17,0.46,0.71,0.27,0.75,0.71,0.5018706
0.18,0.45,0.7,0.26,0.76,0.72,0.5018712
0.18,0.46,0.7,0.21,0.73,0.7,0.5018712
0.16,0.45,0.72,0.24,0.73,0.72,0.5018713
0.18,0.47,0.73,0.26,0.74,0.72,0.5018713
0.16,0.42,0.7,0.21,0.75,0.7,0.5018714
0.17,0.44,0.71,0.2,0.75,0.71,0.5018715
0.17,0.44,0.73,0.21,0.73,0.72,0.5018717
0.17,0.46,0.7,0.26,0.72,0.7,0.5018717
0.17,0.5,0.71,0.24,0.72,0.72,0.5018717
0.18,0.49,0.73,0.22,0.73,0.72,0.5018718
0.18,0.5,0.7,0.22,0.72,0.72,0.5018718
0.16,0.4,0.7,0.2,0.72,0.7,0.5018719
0.16,0.46,0.71,0.26,0.75,0.7,0.5018721
0.17,0.48,0.74,0.24,0.74,0.72,0.5018727
0.18,0.43,0.7,0.22,0.72,0.7,0.5018729
0.16,0.43,0.71,0.2,0.72,0.7,0.501873
0.16,0.46,0.7,0.26,0.74,0.72,0.501873
0.16,0.49,0.74,0.27,0.75,0.72,0.5018733
0.16,0.48,0.74,0.27,0.73,0.71,0.5018736
0.17,0.46,0.71,0.27,0.76,0.72,0.5018736
0.17,0.48,0.74,0.27,0.74,0.72,0.5018737
0.16,0.4,0.71,0.21,0.76,0.72,0.5018738
0.16,0.46,0.73,0.25,0.74,0.71,0.5018739
0.18,0.5,0.72,0.23,0.72,0.72,0.5018741
0.17,0.46,0.73,0.22,0.75,0.72,0.5018744
0.16,0.42,0.7,0.24,0.75,0.7,0.5018746
0.17,0.46,0.7,0.26,0.73,0.71,0.5018747
0.17,0.49,0.73,0.2,0.73,0.72,0.5018751
0.16,0.44,0.72,0.23,0.75,0.71,0.5018752
0.17,0.5,0.7,0.2,0.72,0.72,0.5018754
0.18,0.49,0.73,0.27,0.73,0.72,0.5018754
0.16,0.4,0.7,0.2,0.73,0.71,0.5018756
0.18,0.47,0.72,0.25,0.72,0.72,0.5018757
0.18,0.47,0.71,0.23,0.72,0.7,0.5018761
0.16,0.4,0.71,0.2,0.74,0.71,0.5018762
0.18,0.45,0.7,0.23,0.74,0.7,0.5018762
0.17,0.47,0.74,0.21,0.72,0.72,0.5018765
0.16,0.45,0.71,0.21,0.74,0.7,0.5018766
0.16,0.49,0.75,0.28,0.74,0.72,0.5018768
0.17,0.5,0.72,0.21,0.72,0.72,0.5018768
0.18,0.42,0.71,0.22,0.75,0.72,0.5018768
0.16,0.45,0.7,0.27,0.76,0.7,0.5018769
0.16,0.45,0.73,0.22,0.72,0.71,0.5018769
0.18,0.47,0.7,0.22,0.74,0.71,0.5018772
0.17,0.49,0.72,0.26,0.72,0.71,0.5018773
0.18,0.5,0.74,0.24,0.72,0.72,0.5018775
0.16,0.42,0.71,0.21,0.76,0.71,0.5018776
0.17,0.44,0.72,0.2,0.76,0.72,0.5018776
0.18,0.42,0.7,0.23,0.76,0.71,0.5018776
0.16,0.42,0.7,0.24,0.76,0.71,0.5018778
0.18,0.49,0.72,0.26,0.72,0.72,0.5018778
0.17,0.46,0.7,0.26,0.74,0.72,0.5018779
0.17,0.43,0.72,0.23,0.75,0.72,0.5018782
0.17,0.48,0.73,0.26,0.72,0.72,0.5018782
0.18,0.44,0.7,0.25,0.74,0.7,0.5018783
0.17,0.47,0.71,0.21,0.72,0.7,0.5018785
0.18,0.42,0.7,0.21,0.72,0.71,0.5018789
0.16,0.42,0.73,0.2,0.72,0.72,0.5018791
0.18,0.43,0.71,0.22,0.73,0.71,0.5018791
0.16,0.4,0.7,0.2,0.74,0.72,0.5018793
0.17,0.5,0.74,0.22,0.72,0.72,0.5018794
0.16,0.43,0.72,0.2,0.73,0.71,0.5018795
0.16,0.46,0.74,0.25,0.75,0.72,0.5018797
0.17,0.43,0.71,0.22,0.72,0.71,0.5018797
0.16,0.47,0.73,0.23,0.74,0.71,0.5018801
0.16,0.44,0.73,0.24,0.75,0.72,0.5018802
0.18,0.47,0.72,0.25,0.74,0.71,0.5018803
0.17,0.47,0.7,0.2,0.74,0.71,0.5018804
0.18,0.44,0.7,0.2,0.72,0.7,0.5018804
0.16,0.49,0.74,0.27,0.72,0.72,0.501881
0.16,0.5,0.74,0.27,0.73,0.72,0.5018811
0.16,0.44,0.73,0.23,0.76,0.72,0.5018812
0.18,0.44,0.7,0.25,0.75,0.71,0.5018812
0.18,0.47,0.71,0.22,0.76,0.72,0.5018813
0.16,0.44,0.72,0.23,0.72,0.71,0.5018815
0.16,0.47,0.75,0.24,0.72,0.72,0.5018816
0.17,0.45,0.71,0.26,0.74,0.7,0.5018816
0.18,0.45,0.71,0.23,0.75,0.71,0.5018819
0.18,0.42,0.7,0.21,0.73,0.72,0.5018823
0.18,0.48,0.71,0.24,0.73,0.71,0.5018823
0.16,0.45,0.72,0.21,0.75,0.71,0.5018824
0.18,0.41,0.7,0.2,0.74,0.71,0.5018826
0.16,0.46,0.71,0.27,0.76,0.72,0.5018827
0.17,0.47,0.72,0.21,0.74,0.71,0.5018827
0.16,0.4,0.72,0.2,0.75,0.72,0.5018828
0.16,0.5,0.74,0.2,0.72,0.72,0.5018828
0.16,0.47,0.73,0.28,0.76,0.71,0.5018829
0.16,0.45,0.74,0.22,0.73,0.72,0.501883
0.17,0.43,0.7,0.24,0.75,0.7,0.501883
0.17,0.43,0.71,0.22,0.73,0.72,0.501883
0.17,0.47,0.73,0.2,0.75,0.72,0.5018832
0.16,0.5,0.73,0.26,0.72,0.72,0.5018833
0.17,0.45,0.71,0.26,0.75,0.71,0.5018833
0.18,0.48,0.7,0.23,0.75,0.72,0.5018834
0.18,0.46,0.72,0.22,0.72,0.71,0.5018835
0.18,0.46,0.73,0.25,0.74,0.72,0.5018841
0.16,0.46,0.73,0.2,0.72,0.71,0.5018843
0.18,0.44,0.7,0.25,0.76,0.72,0.5018843
0.17,0.44,0.71,0.23,0.72,0.7,0.5018844
0.17,0.48,0.71,0.22,0.73,0.71,0.5018844
0.16,0.44,0.72,0.23,0.73,0.72,0.5018846
0.16,0.49,0.75,0.25,0.74,0.72,0.5018847
0.17,0.45,0.7,0.25,0.72,0.7,0.5018847
0.17,0.47,0.71,0.2,0.76,0.72,0.5018849
0.18,0.43,0.7,0.21,0.76,0.71,0.5018849
0.16,0.46,0.7,0.26,0.75,0.72,0.501885
0.18,0.49,0.74,0.27,0.74,0.72,0.501885
0.18,0.43,0.72,0.22,0.74,0.72,0.5018852
0.16,0.43,0.73,0.2,0.74,0.72,0.5018858
0.18,0.47,0.73,0.25,0.75,0.72,0.5018858
0.16,0.47,0.74,0.23,0.75,0.72,0.5018859
0.18,0.48,0.72,0.24,0.75,0.72,0.5018859
0.16,0.46,0.72,0.27,0.75,0.71,0.5018861
0.17,0.47,0.74,0.26,0.74,0.72,0.5018862
0.17,0.45,0.71,0.26,0.76,0.72,0.5018863
0.17,0.48,0.7,0.21,0.75,0.72,0.5018864
0.18,0.44,0.71,0.2,0.73,0.71,0.5018865
0.17,0.42,0.7,0.21,0.73,0.7,0.5018868
0.18,0.49,0.73,0.27,0.74,0.72,0.5018869
0.17,0.49,0.7,0.23,0.72,0.71,0.5018871
0.17,0.5,0.7,0.23,0.72,0.72,0.5018871
0.16,0.46,0.71,0.26,0.72,0.7,0.5018873
0.18,0.45,0.72,0.23,0.76,0.72,0.5018876
0.17,0.45,0.7,0.25,0.73,0.71,0.5018877
0.17,0.46,0.71,0.24,0.74,0.7,0.5018877
0.16,0.48,0.71,0.2,0.73,0.71,0.5018879
0.18,0.48,0.74,0.24,0.72,0.72,0.501888
0.16,0.48,0.75,0.22,0.72,0.72,0.5018881
0.16,0.41,0.7,0.23,0.75,0.7,0.5018882
0.16,0.45,0.73,0.21,0.76,0.72,0.5018882
0.17,0.48,0.72,0.22,0.75,0.72,0.5018884
0.18,0.46,0.72,0.24,0.72,0.72,0.5018885
0.18,0.49,0.72,0.26,0.72,0.71,0.5018886
0.17,0.43,0.71,0.24,0.76,0.71,0.5018888
0.16,0.46,0.72,0.27,0.76,0.72,0.501889
0.16,0.48,0.75,0.27,0.74,0.72,0.501889
0.18,0.41,0.71,0.2,0.75,0.72,0.501889
0.18,0.46,0.73,0.22,0.73,0.72,0.5018893
0.18,0.49,0.72,0.26,0.73,0.72,0.5018893
0.17,0.44,0.7,0.22,0.75,0.7,0.5018897
0.16,0.49,0.7,0.21,0.72,0.71,0.50189
0.17,0.49,0.72,0.24,0.72,0.71,0.50189
0.16,0.46,0.74,0.2,0.73,0.72,0.5018901
0.16,0.48,0.73,0.21,0.73,0.71,0.5018901
0.18,0.46,0.71,0.21,0.75,0.71,0.5018901
0.16,0.46,0.71,0.26,0.73,0.71,0.5018902
0.17,0.44,0.72,0.23,0.73,0.71,0.5018904
0.17,0.49,0.71,0.23,0.74,0.72,0.5018907
0.17,0.45,0.7,0.25,0.74,0.72,0.5018908
0.17,0.47,0.73,0.25,0.72,0.72,0.5018908
0.18,0.46,0.7,0.25,0.74,0.7,0.5018912
0.16,0.41,0.7,0.23,0.76,0.71,0.5018913
0.17,0.45,0.71,0.21,0.72,0.7,0.5018914
0.18,0.41,0.71,0.21,0.75,0.72,0.5018914
0.17,0.49,0.71,0.25,0.72,0.71,0.5018918
0.18,0.49,0.73,0.26,0.74,0.72,0.5018918
0.16,0.49,0.72,0.22,0.72,0.71,0.5018919
0.16,0.48,0.72,0.2,0.75,0.72,0.501892
0.18,0.47,0.72,0.2,0.72,0.71,0.5018921
0.18,0.49,0.71,0.25,0.72,0.72,0.5018921
0.17,0.42,0.72,0.22,0.75,0.72,0.5018922
0.18,0.44,0.72,0.2,0.74,0.72,0.5018925
0.17,0.46,0.7,0.23,0.74,0.7,0.5018929
0.17,0.42,0.71,0.21,0.74,0.71,0.501893
0.17,0.46,0.72,0.24,0.75,0.71,0.5018932
0.16,0.46,0.71,0.26,0.74,0.72,0.5018933
0.17,0.49,0.73,0.24,0.74,0.72,0.5018933
0.16,0.48,0.74,0.26,0.72,0.72,0.5018934
0.16,0.43,0.73,0.23,0.75,0.72,0.5018937
0.16,0.49,0.71,0.21,0.74,0.72,0.5018938
0.16,0.46,0.72,0.27,0.74,0.7,0.5018939
0.18,0.41,0.7,0.2,0.72,0.71,0.501894
0.16,0.48,0.74,0.21,0.75,0.72,0.5018941
0.17,0.42,0.71,0.21,0.72,0.71,0.5018943
0.18,0.43,0.7,0.24,0.75,0.71,0.5018947
0.16,0.44,0.71,0.25,0.75,0.7,0.501895
0.16,0.5,0.73,0.26,0.73,0.72,0.501895
0.18,0.46,0.71,0.25,0.76,0.71,0.501895
0.16,0.49,0.74,0.23,0.72,0.71,0.5018951
0.17,0.47,0.73,0.23,0.72,0.71,0.5018951
0.18,0.49,0.74,0.22,0.72,0.72,0.5018951
0.16,0.43,0.72,0.22,0.72,0.71,0.5018954
0.17,0.44,0.71,0.22,0.76,0.71,0.5018954
0.18,0.46,0.72,0.21,0.76,0.72,0.5018956
0.16,0.49,0.73,0.22,0.74,0.72,0.5018957
0.16,0.46,0.7,0.21,0.74,0.7,0.5018959
0.17,0.5,0.72,0.25,0.73,0.72,0.5018962
0.16,0.45,0.72,0.24,0.72,0.7,0.5018963
0.17,0.44,0.73,0.23,0.74,0.72,0.5018963
0.17,0.44,0.71,0.25,0.75,0.71,0.5018965
0.16,0.49,0.75,0.2,0.72,0.72,0.5018966
0.16,0.42,0.7,0.23,0.76,0.7,0.5018968
0.16,0.46,0.7,0.26,0.76,0.72,0.5018968
0.16,0.5,0.7,0.22,0.73,0.72,0.5018968
0.17,0.46,0.71,0.23,0.76,0.71,0.5018969
0.17,0.45,0.72,0.21,0.73,0.71,0.5018971
0.17,0.48,0.74,0.26,0.75,0.72,0.5018971
0.18,0.41,0.7,0.2,0.73,0.72,0.5018973
0.18,0.47,0.73,0.2,0.73,0.72,0.5018975
0.17,0.42,0.71,0.21,0.73,0.72,0.5018976
0.18,0.43,0.7,0.24,0.76,0.72,0.5018976
0.16,0.5,0.72,0.25,0.72,0.72,0.5018978
0.16,0.46,0.7,0.25,0.72,0.72,0.5018981
0.17,0.44,0.7,0.24,0.72,0.7,0.5018981
0.16,0.43,0.71,0.22,0.73,0.7,0.5018982
0.16,0.5,0.72,0.23,0.73,0.72,0.5018983
0.17,0.47,0.71,0.25,0.73,0.7,0.5018985
0.16,0.43,0.72,0.22,0.73,0.72,0.5018986
0.17,0.46,0.73,0.24,0.76,0.72,0.5018987
0.16,0.45,0.72,0.26,0.75,0.71,0.5018989
0.17,0.47,0.7,0.24,0.75,0.71,0.5018991
0.17,0.42,0.72,0.21,0.75,0.72,0.5018992
0.17,0.5,0.74,0.26,0.73,0.72,0.5018994
0.17,0.44,0.71,0.25,0.76,0.72,0.5018995
0.17,0.49,0.75,0.25,0.72,0.72,0.5018997
0.16,0.46,0.71,0.21,0.76,0.71,0.5019001
0.16,0.45,0.71,0.25,0.72,0.7,0.5019003
0.16,0.47,0.71,0.23,0.73,0.7,0.5019003
0.17,0.47,0.74,0.23,0.73,0.72,0.5019006
0.16,0.44,0.72,0.25,0.76,0.71,0.5019008
0.16,0.5,0.74,0.24,0.73,0.72,0.5019011
0.17,0.44,0.7,0.24,0.73,0.71,0.5019011
0.18,0.49,0.72,0.26,0.74,0.72,0.5019011
0.16,0.45,0.71,0.23,0.75,0.7,0.5019012
0.18,0.45,0.7,0.25,0.75,0.7,0.5019012
0.16,0.41,0.7,0.2,0.74,0.7,0.5019014
0.16,0.47,0.7,0.22,0.75,0.71,0.5019018
0.16,0.45,0.72,0.26,0.76,0.72,0.5019019
0.16,0.49,0.74,0.28,0.73,0.71,0.5019019
0.16,0.45,0.73,0.24,0.73,0.71,0.501902
0.17,0.43,0.73,0.2,0.72,0.72,0.5019021
0.17,0.47,0.72,0.25,0.75,0.71,0.5019021
0.18,0.45,0.72,0.23,0.72,0.72,0.5019021
0.18,0.47,0.72,0.27,0.74,0.71,0.5019026
0.17,0.45,0.73,0.21,0.74,0.72,0.5019028
0.18,0.46,0.71,0.24,0.72,0.7,0.5019028
0.16,0.46,0.72,0.22,0.72,0.7,0.5019029
0.17,0.48,0.73,0.21,0.72,0.71,0.501903
0.16,0.45,0.71,0.25,0.73,0.71,0.5019032
0.16,0.48,0.7,0.24,0.72,0.7,0.5019032
0.17,0.46,0.73,0.24,0.72,0.72,0.5019037
0.18,0.49,0.71,0.25,0.73,0.72,0.501904
0.16,0.43,0.7,0.21,0.76,0.7,0.5019041
0.16,0.43,0.72,0.22,0.74,0.71,0.5019041
0.16,0.47,0.72,0.23,0.75,0.71,0.5019041
0.16,0.49,0.73,0.27,0.72,0.71,0.5019042
0.17,0.44,0.7,0.24,0.74,0.72,0.5019042
0.17,0.45,0.71,0.2,0.76,0.71,0.5019043
0.17,0.49,0.73,0.27,0.72,0.72,0.5019044
0.18,0.44,0.7,0.22,0.73,0.7,0.5019048
0.16,0.47,0.73,0.25,0.75,0.71,0.501905
0.17,0.48,0.72,0.27,0.72,0.7,0.5019052
0.18,0.47,0.72,0.27,0.75,0.71,0.5019052
0.18,0.47,0.72,0.27,0.75,0.72,0.5019052
0.16,0.4,0.7,0.22,0.76,0.71,0.5019056
0.16,0.44,0.71,0.2,0.73,0.7,0.5019057
0.16,0.47,0.74,0.25,0.72,0.72,0.501906
0.17,0.47,0.73,0.22,0.76,0.72,0.5019062
0.16,0.45,0.71,0.25,0.74,0.72,0.5019063
0.16,0.48,0.72,0.25,0.72,0.7,0.5019063
0.17,0.5,0.75,0.23,0.72,0.72,0.5019064
0.16,0.48,0.71,0.24,0.74,0.71,0.5019066
0.18,0.45,0.71,0.25,0.76,0.71,0.5019066
0.16,0.45,0.72,0.23,0.76,0.71,0.5019068
0.16,0.48,0.74,0.24,0.72,0.71,0.501907
0.17,0.49,0.7,0.24,0.72,0.71,0.501907
0.18,0.49,0.7,0.24,0.72,0.72,0.5019071
0.18,0.48,0.73,0.26,0.72,0.71,0.5019072
0.18,0.47,0.71,0.26,0.72,0.71,0.5019074
0.16,0.41,0.71,0.2,0.75,0.71,0.5019076
0.16,0.45,0.74,0.24,0.74,0.72,0.5019077
0.16,0.48,0.7,0.23,0.76,0.72,0.5019081
0.17,0.48,0.72,0.26,0.76,0.72,0.5019081
0.17,0.48,0.73,0.27,0.74,0.71,0.5019082
0.17,0.48,0.74,0.21,0.73,0.72,0.5019082
0.18,0.46,0.72,0.24,0.73,0.71,0.5019082
0.16,0.46,0.73,0.22,0.73,0.71,0.5019085
0.18,0.42,0.7,0.23,0.75,0.71,0.5019085
0.17,0.41,0.71,0.2,0.72,0.71,0.5019094
0.16,0.48,0.73,0.25,0.74,0.71,0.5019095
0.16,0.5,0.72,0.25,0.73,0.72,0.5019096
0.16,0.43,0.73,0.22,0.75,0.72,0.50191
0.17,0.43,0.71,0.24,0.75,0.71,0.50191
0.16,0.42,0.72,0.21,0.72,0.71,0.5019101
0.18,0.47,0.71,0.26,0.73,0.72,0.5019101
0.18,0.48,0.72,0.27,0.73,0.71,0.5019101
0.16,0.48,0.72,0.24,0.76,0.72,0.5019102
0.16,0.47,0.74,0.25,0.76,0.72,0.5019103
0.18,0.47,0.73,0.27,0.76,0.72,0.5019103
0.18,0.44,0.71,0.22,0.74,0.71,0.5019105
0.16,0.45,0.7,0.24,0.72,0.72,0.5019113
0.16,0.44,0.72,0.2,0.74,0.71,0.5019114
0.18,0.42,0.7,0.23,0.76,0.72,0.5019115
0.18,0.48,0.72,0.2,0.72,0.71,0.5019115
0.16,0.47,0.72,0.2,0.72,0.7,0.5019117
0.17,0.43,0.7,0.23,0.72,0.7,0.5019119
0.17,0.42,0.7,0.23,0.74,0.7,0.501912
0.16,0.44,0.72,0.25,0.75,0.71,0.5019121
0.16,0.48,0.75,0.24,0.73,0.72,0.5019122
0.18,0.48,0.74,0.26,0.73,0.72,0.5019124
0.16,0.44,0.74,0.21,0.72,0.72,0.5019126
0.17,0.41,0.71,0.2,0.73,0.72,0.5019127
0.18,0.48,0.71,0.26,0.72,0.71,0.5019128
0.17,0.43,0.71,0.24,0.76,0.72,0.5019129
0.16,0.5,0.71,0.24,0.72,0.72,0.501913
0.16,0.48,0.74,0.25,0.76,0.72,0.5019131
0.17,0.49,0.74,0.28,0.74,0.72,0.5019132
0.16,0.42,0.72,0.21,0.73,0.72,0.5019133
0.18,0.45,0.7,0.2,0.73,0.7,0.5019134
0.18,0.46,0.73,0.24,0.74,0.72,0.5019136
0.16,0.44,0.71,0.24,0.72,0.7,0.5019137
0.16,0.41,0.72,0.2,0.76,0.72,0.5019138
0.16,0.46,0.74,0.22,0.74,0.72,0.501914
0.18,0.42,0.7,0.2,0.75,0.71,0.5019143
0.17,0.47,0.72,0.25,0.72,0.7,0.5019144
0.17,0.44,0.7,0.24,0.76,0.7,0.5019145
0.17,0.43,0.7,0.23,0.73,0.71,0.5019148
0.16,0.44,0.72,0.25,0.76,0.72,0.501915
0.18,0.49,0.7,0.2,0.73,0.72,0.501915
0.18,0.47,0.72,0.22,0.73,0.71,0.5019154
0.17,0.45,0.7,0.27,0.75,0.7,0.5019155
0.16,0.49,0.73,0.26,0.75,0.72,0.5019157
0.17,0.49,0.73,0.27,0.73,0.72,0.5019157
0.16,0.49,0.73,0.27,0.73,0.71,0.5019158
0.18,0.49,0.71,0.25,0.74,0.72,0.5019159
0.16,0.46,0.7,0.25,0.75,0.7,0.501916
0.16,0.49,0.74,0.27,0.73,0.71,0.5019161
0.17,0.45,0.71,0.23,0.73,0.7,0.5019161
0.18,0.44,0.72,0.22,0.75,0.72,0.5019161
0.18,0.44,0.72,0.22,0.72,0.72,0.5019162
0.18,0.49,0.72,0.21,0.73,0.72,0.5019164
0.16,0.44,0.71,0.24,0.73,0.71,0.5019166
0.16,0.47,0.73,0.2,0.73,0.71,0.501917
0.16,0.44,0.73,0.2,0.75,0.72,0.5019171
0.17,0.45,0.73,0.23,0.72,0.72,0.5019172
0.17,0.41,0.7,0.2,0.72,0.7,0.5019175
0.17,0.43,0.7,0.23,0.74,0.72,0.5019178
0.17,0.46,0.72,0.26,0.76,0.71,0.501918
0.18,0.46,0.72,0.26,0.75,0.72,0.5019181
0.16,0.45,0.7,0.27,0.76,0.71,0.5019182
0.17,0.45,0.7,0.27,0.76,0.71,0.5019182
0.16,0.49,0.72,0.26,0.72,0.71,0.5019183
0.17,0.49,0.72,0.26,0.72,0.72,0.5019185
0.18,0.45,0.73,0.21,0.72,0.72,0.5019185
0.18,0.5,0.71,0.22,0.72,0.72,0.5019185
0.18,0.49,0.74,0.24,0.73,0.72,0.5019187
0.17,0.43,0.7,0.21,0.74,0.7,0.5019188
0.18,0.45,0.71,0.2,0.74,0.71,0.5019189
0.17,0.49,0.74,0.27,0.72,0.71,0.501919
0.16,0.46,0.74,0.24,0.72,0.72,0.5019191
0.16,0.49,0.75,0.27,0.75,0.72,0.5019191
0.18,0.49,0.7,0.24,0.73,0.72,0.5019191
0.16,0.49,0.75,0.22,0.73,0.72,0.5019194
0.16,0.44,0.71,0.24,0.74,0.72,0.5019196
0.17,0.47,0.73,0.25,0.73,0.71,0.5019196
0.18,0.42,0.71,0.2,0.76,0.72,0.5019201
0.17,0.47,0.73,0.27,0.75,0.72,0.5019202
0.18,0.46,0.71,0.25,0.72,0.71,0.5019204
0.18,0.47,0.73,0.22,0.74,0.72,0.5019206
0.18,0.5,0.73,0.23,0.72,0.72,0.5019208
0.18,0.47,0.7,0.22,0.72,0.7,0.501921
0.17,0.4,0.7,0.21,0.76,0.71,0.5019212
0.18,0.46,0.7,0.2,0.75,0.71,0.5019214
0.17,0.45,0.72,0.23,0.74,0.71,0.5019216
0.17,0.48,0.74,0.28,0.76,0.72,0.5019221
0.16,0.47,0.74,0.2,0.74,0.72,0.5019223
0.17,0.5,0.71,0.2,0.72,0.72,0.5019224
0.17,0.47,0.72,0.26,0.72,0.71,0.5019225
0.17,0.49,0.74,0.2,0.73,0.72,0.5019225
0.18,0.41,0.7,0.22,0.75,0.71,0.5019227
0.16,0.48,0.74,0.28,0.75,0.72,0.5019228
0.18,0.46,0.71,0.25,0.73,0.72,0.501923
0.16,0.43,0.71,0.24,0.74,0.7,0.5019237
0.17,0.41,0.71,0.2,0.73,0.71,0.5019237
0.17,0.42,0.71,0.23,0.75,0.71,0.5019238
0.17,0.5,0.73,0.21,0.72,0.72,0.5019239
0.17,0.49,0.75,0.27,0.73,0.72,0.501924
0.17,0.46,0.71,0.21,0.73,0.7,0.5019241
0.18,0.45,0.72,0.2,0.75,0.72,0.5019243
0.18,0.48,0.71,0.26,0.73,0.71,0.5019244
0.17,0.43,0.71,0.21,0.75,0.71,0.5019245
0.18,0.47,0.71,0.22,0.74,0.71,0.5019245
0.17,0.47,0.7,0.2,0.72,0.7,0.5019246
0.17,0.47,0.74,0.25,0.74,0.72,0.5019248
0.16,0.5,0.71,0.24,0.73,0.72,0.5019249
0.16,0.44,0.7,0.23,0.72,0.72,0.501925
0.16,0.48,0.73,0.27,0.72,0.71,0.501925
0.17,0.47,0.72,0.26,0.73,0.72,0.501925
0.16,0.47,0.72,0.27,0.76,0.71,0.5019253
0.18,0.41,0.7,0.22,0.76,0.72,0.5019257
0.16,0.41,0.7,0.22,0.75,0.7,0.501926
0.17,0.42,0.7,0.22,0.72,0.7,0.5019261
0.18,0.47,0.7,0.21,0.76,0.72,0.5019263
0.16,0.45,0.71,0.25,0.76,0.7,0.5019264
0.16,0.48,0.73,0.26,0.72,0.7,0.5019265
0.17,0.48,0.73,0.23,0.73,0.71,0.5019265
0.17,0.42,0.71,0.23,0.76,0.72,0.5019266
0.18,0.48,0.7,0.23,0.73,0.71,0.5019267
0.17,0.44,0.72,0.2,0.72,0.71,0.5019269
0.17,0.45,0.73,0.23,0.75,0.72,0.5019269
0.17,0.49,0.73,0.27,0.74,0.72,0.5019271
0.16,0.48,0.73,0.27,0.73,0.72,0.5019275
0.18,0.48,0.7,0.25,0.72,0.71,0.5019275
0.16,0.43,0.71,0.23,0.72,0.7,0.5019276
0.16,0.46,0.72,0.24,0.73,0.7,0.5019276
0.18,0.46,0.71,0.26,0.73,0.7,0.5019278
0.18,0.47,0.72,0.22,0.76,0.72,0.5019281
0.17,0.47,0.71,0.2,0.74,0.71,0.5019282
0.16,0.42,0.71,0.21,0.72,0.7,0.5019283
0.16,0.41,0.72,0.2,0.73,0.72,0.5019284
0.16,0.43,0.72,0.24,0.76,0.72,0.5019284
0.17,0.44,0.7,0.26,0.75,0.7,0.5019286
0.16,0.5,0.7,0.23,0.72,0.72,0.5019288
0.17,0.42,0.7,0.22,0.73,0.71,0.501929
0.17,0.46,0.74,0.22,0.72,0.72,0.5019292
0.16,0.43,0.72,0.24,0.75,0.71,0.5019293
0.17,0.46,0.72,0.21,0.74,0.71,0.5019293
0.18,0.48,0.72,0.24,0.73,0.71,0.5019293
0.18,0.44,0.7,0.24,0.74,0.7,0.5019297
0.17,0.41,0.72,0.2,0.74,0.72,0.5019298
0.16,0.44,0.71,0.22,0.74,0.7,0.5019299
0.17,0.48,0.7,0.21,0.73,0.71,0.5019299
0.17,0.49,0.72,0.26,0.73,0.72,0.5019299
0.18,0.48,0.71,0.23,0.75,0.72,0.5019299
0.18,0.48,0.73,0.2,0.74,0.72,0.5019299
0.16,0.49,0.72,0.26,0.73,0.71,0.5019301
0.17,0.43,0.72,0.21,0.76,0.72,0.5019301
0.16,0.5,0.75,0.2,0.72,0.72,0.5019302
0.16,0.43,0.71,0.23,0.73,0.71,0.5019304
0.18,0.43,0.72,0.21,0.72,0.72,0.501931
0.16,0.45,0.71,0.27,0.75,0.7,0.5019311
0.17,0.44,0.7,0.26,0.76,0.71,0.5019313
0.17,0.44,0.73,0.22,0.72,0.72,0.5019313
0.18,0.45,0.72,0.25,0.75,0.72,0.5019313
0.16,0.48,0.74,0.26,0.73,0.71,0.5019315
0.17,0.48,0.74,0.23,0.74,0.72,0.5019315
0.17,0.48,0.72,0.22,0.73,0.71,0.5019317
0.16,0.41,0.71,0.22,0.76,0.71,0.5019319
0.17,0.47,0.72,0.2,0.76,0.72,0.501932
0.17,0.42,0.7,0.22,0.74,0.72,0.5019321
0.18,0.49,0.71,0.25,0.72,0.71,0.5019321
0.18,0.48,0.73,0.24,0.75,0.72,0.5019323
0.16,0.45,0.74,0.23,0.72,0.72,0.5019326
0.18,0.49,0.7,0.24,0.74,0.72,0.5019326
0.17,0.44,0.73,0.2,0.73,0.72,0.5019327
0.16,0.46,0.73,0.24,0.74,0.71,0.501933
0.17,0.49,0.71,0.25,0.72,0.72,0.501933
0.18,0.46,0.72,0.26,0.74,0.71,0.501933
0.16,0.49,0.71,0.25,0.72,0.71,0.5019331
0.17,0.46,0.73,0.26,0.75,0.72,0.5019331
0.16,0.43,0.71,0.23,0.74,0.72,0.5019333
0.17,0.48,0.71,0.21,0.75,0.72,0.5019334
0.16,0.42,0.7,0.2,0.75,0.7,0.5019337
0.16,0.45,0.71,0.27,0.76,0.71,0.5019338
0.18,0.45,0.71,0.24,0.72,0.71,0.5019338
0.17,0.49,0.71,0.23,0.72,0.71,0.5019341
0.16,0.42,0.72,0.21,0.73,0.71,0.5019342
0.17,0.46,0.73,0.21,0.75,0.72,0.5019344
0.18,0.43,0.7,0.21,0.72,0.7,0.5019346
0.18,0.49,0.72,0.25,0.74,0.72,0.5019349
0.18,0.44,0.71,0.24,0.75,0.71,0.501935
0.17,0.48,0.73,0.22,0.75,0.72,0.5019351
0.18,0.49,0.73,0.26,0.72,0.71,0.5019351
0.16,0.44,0.72,0.22,0.75,0.71,0.5019354
0.16,0.47,0.74,0.27,0.75,0.72,0.5019355
0.17,0.46,0.72,0.25,0.72,0.71,0.5019355
0.17,0.49,0.7,0.22,0.74,0.72,0.5019356
0.16,0.45,0.7,0.26,0.73,0.7,0.5019357
0.16,0.48,0.72,0.2,0.73,0.71,0.5019357
0.18,0.45,0.71,0.24,0.73,0.72,0.5019365
0.16,0.48,0.75,0.26,0.74,0.72,0.5019366
0.17,0.45,0.7,0.21,0.75,0.7,0.5019368
0.17,0.49,0.73,0.24,0.72,0.71,0.5019369
0.18,0.45,0.72,0.23,0.72,0.71,0.5019369
0.17,0.47,0.74,0.2,0.72,0.72,0.501937
0.18,0.45,0.7,0.22,0.74,0.7,0.501937
0.17,0.49,0.72,0.23,0.74,0.72,0.5019371
0.16,0.49,0.71,0.21,0.72,0.71,0.5019375
0.16,0.45,0.73,0.21,0.72,0.71,0.5019376
0.16,0.47,0.73,0.26,0.72,0.71,0.5019378
0.17,0.46,0.72,0.25,0.73,0.72,0.501938
0.18,0.42,0.7,0.22,0.76,0.71,0.5019381
0.16,0.46,0.74,0.24,0.75,0.72,0.5019382
0.16,0.45,0.7,0.26,0.74,0.71,0.5019384
0.16,0.45,0.71,0.2,0.74,0.7,0.5019386
0.18,0.46,0.7,0.24,0.76,0.71,0.5019389
0.16,0.43,0.7,0.22,0.72,0.72,0.5019391
0.16,0.48,0.73,0.2,0.75,0.72,0.5019391
0.18,0.49,0.74,0.28,0.74,0.72,0.5019391
0.16,0.42,0.71,0.2,0.76,0.71,0.5019393
0.16,0.49,0.73,0.22,0.72,0.71,0.5019393
0.18,0.47,0.72,0.24,0.74,0.71,0.5019393
0.17,0.47,0.72,0.27,0.73,0.7,0.5019394
0.17,0.48,0.72,0.27,0.72,0.71,0.5019394
0.18,0.48,0.7,0.25,0.73,0.71,0.5019395
0.16,0.48,0.72,0.27,0.72,0.7,0.5019396
0.17,0.49,0.74,0.24,0.74,0.72,0.5019396
0.16,0.49,0.7,0.2,0.74,0.72,0.5019398
0.16,0.47,0.73,0.22,0.74,0.71,0.50194
0.16,0.42,0.73,0.21,0.74,0.72,0.5019401
0.17,0.5,0.71,0.24,0.73,0.72,0.5019401
0.18,0.43,0.71,0.21,0.73,0.71,0.5019402
0.18,0.44,0.72,0.24,0.76,0.72,0.5019402
0.16,0.47,0.73,0.26,0.73,0.72,0.5019403
0.18,0.4,0.7,0.21,0.76,0.72,0.5019405
0.16,0.47,0.75,0.23,0.72,0.72,0.5019406
0.16,0.44,0.73,0.22,0.76,0.72,0.5019408
0.16,0.49,0.72,0.21,0.74,0.72,0.5019408
0.17,0.45,0.71,0.25,0.74,0.7,0.5019409
0.16,0.5,0.7,0.23,0.73,0.72,0.501941
0.17,0.41,0.7,0.21,0.72,0.7,0.501941
0.17,0.41,0.71,0.22,0.76,0.72,0.501941
0.16,0.45,0.7,0.26,0.75,0.72,0.5019412
0.17,0.49,0.72,0.26,0.74,0.72,0.5019415
0.16,0.42,0.71,0.22,0.72,0.7,0.5019419
0.17,0.46,0.7,0.22,0.76,0.71,0.501942
0.18,0.45,0.71,0.22,0.75,0.71,0.501942
0.16,0.42,0.72,0.23,0.76,0.72,0.5019422
0.17,0.43,0.7,0.25,0.75,0.7,0.5019422
0.18,0.45,0.73,0.23,0.73,0.72,0.5019422
0.16,0.49,0.74,0.22,0.74,0.72,0.5019424
0.18,0.49,0.74,0.26,0.74,0.72,0.5019424
0.17,0.5,0.73,0.25,0.73,0.72,0.5019425
0.16,0.49,0.75,0.24,0.74,0.72,0.5019428
0.16,0.45,0.74,0.21,0.73,0.72,0.501943
0.17,0.47,0.7,0.24,0.73,0.7,0.501943
0.16,0.5,0.71,0.22,0.73,0.72,0.5019433
0.17,0.43,0.7,0.23,0.75,0.7,0.5019434
0.16,0.45,0.72,0.2,0.75,0.71,0.5019438
0.16,0.46,0.71,0.21,0.74,0.7,0.501944
0.17,0.41,0.7,0.21,0.73,0.71,0.501944
0.18,0.47,0.71,0.26,0.75,0.71,0.501944
0.18,0.46,0.72,0.21,0.72,0.71,0.5019442
0.18,0.47,0.73,0.24,0.75,0.72,0.5019443
0.16,0.44,0.71,0.26,0.75,0.7,0.5019444
0.17,0.47,0.73,0.27,0.74,0.71,0.5019444
0.18,0.49,0.73,0.27,0.72,0.72,0.5019445
0.16,0.42,0.71,0.22,0.73,0.71,0.5019447
0.16,0.5,0.73,0.23,0.73,0.72,0.5019447
0.17,0.49,0.71,0.25,0.73,0.72,0.5019448
0.17,0.43,0.7,0.25,0.76,0.71,0.5019449
0.18,0.44,0.72,0.24,0.75,0.72,0.5019449
0.16,0.47,0.74,0.22,0.75,0.72,0.501945
0.16,0.49,0.73,0.27,0.72,0.72,0.5019452
0.17,0.5,0.75,0.26,0.73,0.72,0.5019453
0.17,0.44,0.71,0.22,0.72,0.7,0.5019454
0.18,0.47,0.71,0.27,0.73,0.7,0.5019455
0.16,0.47,0.7,0.22,0.73,0.7,0.5019458
0.18,0.43,0.72,0.21,0.74,0.72,0.5019458
0.17,0.47,0.71,0.24,0.75,0.71,0.501946
0.16,0.46,0.7,0.2,0.76,0.71,0.5019461
0.17,0.45,0.72,0.25,0.75,0.71,0.5019461
0.17,0.43,0.73,0.21,0.72,0.72,0.5019463
0.18,0.42,0.72,0.2,0.72,0.72,0.5019463
0.17,0.45,0.73,0.25,0.75,0.72,0.5019464
0.18,0.43,0.7,0.2,0.76,0.71,0.5019465
0.16,0.44,0.74,0.22,0.72,0.72,0.5019468
0.18,0.48,0.74,0.23,0.72,0.72,0.5019468
0.17,0.41,0.7,0.21,0.74,0.72,0.501947
0.18,0.45,0.72,0.22,0.76,0.72,0.501947
0.16,0.44,0.71,0.26,0.76,0.71,0.5019471
0.16,0.5,0.75,0.24,0.73,0.72,0.5019474
0.16,0.46,0.72,0.21,0.76,0.71,0.5019475
0.16,0.42,0.71,0.22,0.74,0.72,0.5019476
0.18,0.44,0.71,0.23,0.72,0.71,0.5019477
0.16,0.47,0.72,0.23,0.73,0.7,0.5019479
0.16,0.48,0.75,0.21,0.72,0.72,0.5019479
0.17,0.46,0.71,0.23,0.74,0.7,0.5019479
0.17,0.48,0.73,0.28,0.74,0.71,0.5019481
0.17,0.46,0.73,0.24,0.72,0.71,0.5019483
0.16,0.46,0.74,0.26,0.75,0.72,0.5019484
0.17,0.49,0.7,0.24,0.72,0.72,0.5019485
0.18,0.47,0.7,0.26,0.72,0.7,0.5019485
0.17,0.48,0.71,0.26,0.72,0.7,0.5019486
0.16,0.49,0.7,0.24,0.72,0.71,0.5019487
0.17,0.43,0.71,0.23,0.76,0.71,0.5019487
0.16,0.45,0.73,0.2,0.76,0.72,0.501949
0.17,0.45,0.72,0.24,0.72,0.71,0.501949
0.16,0.44,0.7,0.25,0.73,0.7,0.5019491
0.16,0.47,0.71,0.22,0.75,0.71,0.5019491
0.17,0.42,0.7,0.2,0.73,0.7,0.5019492
0.18,0.46,0.73,0.21,0.73,0.72,0.5019493
0.18,0.46,0.71,0.27,0.75,0.71,0.5019497
0.18,0.44,0.71,0.23,0.73,0.72,0.5019504
0.16,0.48,0.71,0.24,0.72,0.7,0.5019507
0.17,0.44,0.72,0.22,0.73,0.71,0.5019507
0.17,0.48,0.72,0.27,0.73,0.71,0.5019508
0.16,0.46,0.73,0.25,0.72,0.71,0.501951
0.17,0.45,0.73,0.25,0.76,0.72,0.5019512
0.17,0.48,0.72,0.26,0.74,0.71,0.5019512
0.17,0.44,0.7,0.21,0.75,0.7,0.5019513
0.16,0.48,0.7,0.23,0.74,0.71,0.5019515
0.17,0.48,0.71,0.25,0.76,0.72,0.5019515
0.17,0.45,0.72,0.24,0.73,0.72,0.5019516
0.16,0.44,0.7,0.25,0.74,0.71,0.5019519
0.18,0.46,0.71,0.27,0.76,0.72,0.501952
0.18,0.46,0.7,0.26,0.72,0.7,0.5019525
0.16,0.46,0.72,0.26,0.74,0.7,0.5019527
0.17,0.46,0.72,0.23,0.75,0.71,0.5019528
0.16,0.46,0.73,0.25,0.73,0.72,0.5019534
0.17,0.45,0.71,0.2,0.72,0.7,0.5019534
0.17,0.46,0.74,0.24,0.73,0.72,0.5019534
0.16,0.48,0.72,0.24,0.74,0.71,0.5019535
0.16,0.49,0.74,0.28,0.74,0.72,0.5019536
0.17,0.48,0.71,0.26,0.72,0.71,0.5019539
0.17,0.48,0.73,0.26,0.76,0.72,0.501954
0.16,0.42,0.7,0.21,0.72,0.72,0.5019541
0.16,0.48,0.71,0.26,0.72,0.7,0.5019541
0.18,0.45,0.7,0.27,0.76,0.7,0.5019542
0.18,0.48,0.71,0.26,0.72,0.72,0.5019542
0.16,0.48,0.71,0.23,0.76,0.72,0.5019545
0.16,0.44,0.7,0.25,0.75,0.72,0.5019547
0.16,0.44,0.71,0.24,0.75,0.7,0.5019548
0.17,0.42,0.71,0.2,0.74,0.71,0.5019548
0.18,0.46,0.7,0.26,0.73,0.71,0.5019549
0.18,0.49,0.74,0.21,0.72,0.72,0.5019549
0.17,0.48,0.74,0.25,0.75,0.72,0.5019551
0.17,0.47,0.73,0.22,0.72,0.71,0.5019552
0.17,0.45,0.7,0.25,0.76,0.7,0.5019557
0.17,0.4,0.71,0.21,0.76,0.72,0.5019559
0.17,0.44,0.73,0.22,0.74,0.72,0.501956
0.17,0.44,0.71,0.21,0.76,0.71,0.5019563
0.18,0.46,0.72,0.2,0.76,0.72,0.5019563
0.16,0.48,0.73,0.24,0.76,0.72,0.5019564
0.16,0.48,0.74,0.28,0.74,0.71,0.5019564
0.16,0.49,0.71,0.25,0.73,0.71,0.5019565
0.16,0.49,0.73,0.27,0.73,0.72,0.5019565
0.16,0.41,0.72,0.22,0.76,0.72,0.5019566
0.17,0.49,0.71,0.25,0.74,0.72,0.5019566
0.16,0.45,0.72,0.23,0.72,0.7,0.5019567
0.16,0.4,0.7,0.21,0.74,0.7,0.5019568
0.18,0.48,0.73,0.26,0.72,0.72,0.5019573
0.18,0.46,0.7,0.26,0.74,0.72,0.5019575
0.16,0.46,0.73,0.26,0.75,0.71,0.5019577
0.17,0.46,0.73,0.23,0.76,0.72,0.5019577
0.16,0.42,0.7,0.22,0.76,0.7,0.5019578
0.17,0.49,0.75,0.24,0.72,0.72,0.5019581
0.16,0.45,0.7,0.23,0.76,0.7,0.5019584
0.17,0.45,0.72,0.2,0.73,0.71,0.5019585
0.17,0.42,0.7,0.24,0.76,0.71,0.5019587
0.16,0.49,0.73,0.26,0.73,0.71,0.501959
0.18,0.43,0.7,0.23,0.73,0.7,0.501959
0.16,0.49,0.72,0.25,0.75,0.72,0.5019592
0.17,0.49,0.74,0.27,0.72,0.72,0.5019592
0.17,0.4,0.7,0.2,0.73,0.71,0.5019594
0.16,0.49,0.72,0.26,0.72,0.72,0.5019596
0.16,0.41,0.71,0.21,0.73,0.71,0.5019598
0.16,0.43,0.71,0.21,0.73,0.7,0.5019598
0.16,0.44,0.72,0.24,0.76,0.71,0.5019599
0.16,0.47,0.74,0.25,0.72,0.71,0.5019599
0.17,0.49,0.74,0.28,0.75,0.72,0.5019599
0.17,0.47,0.74,0.22,0.73,0.72,0.50196
0.17,0.49,0.7,0.24,0.73,0.72,0.5019603
0.18,0.47,0.7,0.26,0.73,0.7,0.5019603
0.17,0.42,0.72,0.2,0.75,0.72,0.5019604
0.16,0.43,0.71,0.25,0.76,0.71,0.5019606
0.18,0.45,0.7,0.24,0.75,0.7,0.5019611
0.17,0.46,0.71,0.27,0.75,0.7,0.5019612
0.16,0.49,0.74,0.26,0.75,0.72,0.5019615
0.16,0.5,0.75,0.28,0.72,0.72,0.5019616
0.16,0.45,0.73,0.23,0.73,0.71,0.5019618
0.16,0.45,0.71,0.22,0.75,0.7,0.501962
0.18,0.49,0.71,0.2,0.73,0.72,0.501962
0.18,0.48,0.72,0.27,0.74,0.72,0.5019621
0.18,0.43,0.71,0.22,0.72,0.71,0.5019622
0.17,0.48,0.72,0.27,0.74,0.71,0.5019623
0.16,0.4,0.71,0.21,0.75,0.71,0.5019625
0.17,0.4,0.7,0.2,0.74,0.72,0.5019625
0.16,0.46,0.74,0.26,0.76,0.72,0.5019626
0.16,0.41,0.71,0.21,0.74,0.72,0.5019627
0.16,0.43,0.7,0.24,0.73,0.7,0.501963
0.17,0.44,0.72,0.23,0.72,0.71,0.501963
0.18,0.45,0.71,0.26,0.75,0.71,0.501963
0.18,0.46,0.71,0.23,0.72,0.7,0.5019631
0.16,0.46,0.71,0.25,0.75,0.7,0.5019632
0.18,0.49,0.73,0.21,0.73,0.72,0.5019634
0.17,0.45,0.73,0.2,0.74,0.72,0.5019636
0.16,0.47,0.73,0.24,0.75,0.71,0.501964
0.16,0.46,0.72,0.21,0.72,0.7,0.5019641
0.18,0.43,0.71,0.23,0.74,0.71,0.5019642
0.18,0.5,0.7,0.21,0.72,0.72,0.5019642
0.17,0.48,0.73,0.2,0.72,0.71,0.5019643
0.16,0.45,0.73,0.24,0.72,0.71,0.5019645
0.16,0.47,0.75,0.25,0.73,0.72,0.5019648
0.17,0.46,0.72,0.27,0.75,0.71,0.5019648
0.18,0.43,0.71,0.22,0.73,0.72,0.5019648
0.16,0.49,0.74,0.28,0.75,0.72,0.5019649
0.16,0.43,0.72,0.21,0.74,0.71,0.501965
0.18,0.5,0.72,0.22,0.72,0.72,0.5019651
0.18,0.45,0.71,0.26,0.76,0.72,0.5019654
0.17,0.44,0.72,0.23,0.73,0.72,0.5019655
0.17,0.48,0.71,0.26,0.73,0.71,0.5019655
0.18,0.48,0.71,0.26,0.73,0.72,0.5019655
0.16,0.41,0.72,0.2,0.72,0.71,0.5019656
0.17,0.5,0.75,0.22,0.72,0.72,0.5019656
0.16,0.43,0.7,0.24,0.74,0.71,0.5019657
0.18,0.46,0.7,0.2,0.73,0.7,0.5019657
0.18,0.48,0.73,0.25,0.72,0.71,0.5019657
0.18,0.45,0.71,0.24,0.76,0.71,0.5019659
0.17,0.47,0.73,0.21,0.76,0.72,0.5019662
0.18,0.45,0.7,0.25,0.72,0.7,0.5019662
0.16,0.43,0.7,0.2,0.76,0.7,0.5019663
0.18,0.44,0.7,0.21,0.73,0.7,0.5019663
0.16,0.48,0.74,0.23,0.72,0.71,0.5019664
0.16,0.45,0.72,0.22,0.76,0.71,0.5019668
0.16,0.45,0.73,0.24,0.73,0.72,0.5019669
0.16,0.45,0.74,0.23,0.74,0.72,0.5019669
0.17,0.46,0.72,0.27,0.76,0.72,0.5019671
0.16,0.47,0.73,0.28,0.75,0.71,0.5019672
0.18,0.5,0.74,0.23,0.72,0.72,0.5019675
0.17,0.46,0.71,0.26,0.72,0.7,0.5019677
0.16,0.49,0.73,0.27,0.74,0.72,0.5019678
0.16,0.5,0.75,0.28,0.74,0.72,0.5019678
0.18,0.46,0.72,0.23,0.73,0.71,0.5019679
0.18,0.47,0.73,0.26,0.76,0.72,0.501968
0.18,0.41,0.7,0.21,0.75,0.71,0.5019683
0.16,0.43,0.7,0.24,0.75,0.72,0.5019684
0.17,0.43,0.7,0.25,0.76,0.7,0.5019684
0.18,0.45,0.7,0.25,0.73,0.71,0.5019685
0.16,0.47,0.71,0.26,0.76,0.71,0.5019687
0.16,0.47,0.74,0.24,0.76,0.72,0.5019687
0.18,0.47,0.71,0.22,0.72,0.7,0.5019688
0.16,0.47,0.72,0.27,0.74,0.7,0.5019689
0.17,0.48,0.7,0.25,0.72,0.71,0.5019689
0.17,0.48,0.74,0.2,0.73,0.72,0.5019689
0.18,0.48,0.7,0.25,0.72,0.72,0.5019689
0.18,0.46,0.71,0.2,0.75,0.71,0.501969
0.16,0.46,0.73,0.21,0.73,0.71,0.5019691
0.18,0.5,0.75,0.27,0.72,0.72,0.5019692
0.16,0.48,0.7,0.25,0.72,0.7,0.5019693
0.18,0.43,0.72,0.23,0.75,0.72,0.5019694
0.16,0.47,0.73,0.28,0.76,0.72,0.5019695
0.17,0.5,0.72,0.2,0.72,0.72,0.5019695
0.16,0.41,0.7,0.2,0.72,0.72,0.5019697
0.16,0.47,0.72,0.27,0.72,0.7,0.50197
0.17,0.44,0.71,0.24,0.73,0.7,0.5019701
0.17,0.46,0.71,0.26,0.73,0.71,0.5019701
0.18,0.47,0.7,0.21,0.74,0.71,0.5019701
0.16,0.43,0.73,0.21,0.75,0.72,0.5019704
0.18,0.47,0.73,0.25,0.72,0.72,0.5019704
0.18,0.48,0.74,0.25,0.73,0.72,0.5019704
0.18,0.48,0.73,0.28,0.76,0.72,0.5019705
0.17,0.5,0.74,0.21,0.72,0.72,0.5019709
0.16,0.49,0.72,0.26,0.73,0.72,0.501971
0.18,0.45,0.7,0.25,0.74,0.72,0.501971
0.16,0.48,0.75,0.23,0.73,0.72,0.5019711
0.18,0.44,0.71,0.21,0.74,0.71,0.5019713
0.16,0.47,0.73,0.27,0.76,0.71,0.5019714
0.18,0.42,0.71,0.2,0.72,0.71,0.5019714
0.16,0.4,0.72,0.21,0.76,0.72,0.5019715
0.16,0.47,0.72,0.27,0.73,0.71,0.5019722
0.17,0.48,0.74,0.26,0.72,0.72,0.5019722
0.17,0.49,0.7,0.24,0.74,0.72,0.5019723
0.17,0.46,0.71,0.26,0.74,0.72,0.5019724
0.18,0.46,0.73,0.23,0.74,0.72,0.5019727
0.17,0.41,0.7,0.23,0.76,0.71,0.501973
0.17,0.47,0.71,0.2,0.72,0.7,0.501973
0.18,0.47,0.71,0.21,0.76,0.72,0.5019731
0.17,0.42,0.7,0.22,0.74,0.7,0.5019732
0.18,0.48,0.72,0.27,0.75,0.72,0.5019734
0.18,0.41,0.71,0.21,0.76,0.72,0.5019736
0.18,0.48,0.71,0.23,0.73,0.71,0.5019736
0.16,0.44,0.74,0.2,0.72,0.72,0.5019737
0.16,0.46,0.74,0.21,0.74,0.72,0.501974
0.17,0.47,0.72,0.24,0.72,0.7,0.5019742
0.16,0.49,0.75,0.27,0.72,0.72,0.5019744
0.16,0.42,0.71,0.24,0.76,0.71,0.5019745
0.16,0.49,0.71,0.25,0.72,0.72,0.5019745
0.16,0.47,0.72,0.27,0.74,0.72,0.5019746
0.17,0.44,0.7,0.23,0.76,0.7,0.5019749
0.18,0.48,0.7,0.22,0.75,0.72,0.5019749
0.17,0.44,0.72,0.24,0.74,0.71,0.5019751
0.17,0.47,0.71,0.27,0.72,0.7,0.5019752
0.16,0.4,0.71,0.2,0.73,0.71,0.5019753
0.17,0.47,0.72,0.2,0.74,0.71,0.5019759
0.18,0.47,0.72,0.21,0.73,0.71,0.5019761
0.18,0.44,0.72,0.21,0.75,0.72,0.5019763
0.18,0.48,0.72,0.23,0.75,0.72,0.5019763
0.18,0.49,0.7,0.24,0.72,0.71,0.5019765
0.17,0.46,0.72,0.25,0.76,0.71,0.5019767
0.18,0.44,0.71,0.25,0.75,0.71,0.5019767
0.18,0.42,0.72,0.2,0.73,0.72,0.5019769
0.18,0.48,0.71,0.26,0.74,0.72,0.5019769
0.17,0.45,0.71,0.22,0.73,0.7,0.501977
0.17,0.49,0.74,0.26,0.72,0.71,0.5019771
0.16,0.42,0.7,0.23,0.73,0.7,0.5019772
0.17,0.48,0.71,0.26,0.74,0.71,0.5019772
0.17,0.48,0.71,0.21,0.73,0.71,0.5019773
0.18,0.42,0.71,0.21,0.72,0.71,0.5019773
0.17,0.43,0.72,0.22,0.72,0.71,0.5019775
0.18,0.49,0.74,0.23,0.73,0.72,0.5019775
0.17,0.45,0.72,0.26,0.75,0.71,0.5019781
0.16,0.4,0.71,0.2,0.74,0.72,0.5019782
0.17,0.42,0.71,0.22,0.75,0.71,0.5019783
0.16,0.44,0.73,0.23,0.72,0.71,0.5019786
0.17,0.46,0.7,0.25,0.72,0.72,0.5019786
0.18,0.49,0.72,0.25,0.72,0.71,0.5019787
0.17,0.47,0.73,0.24,0.73,0.71,0.5019788
0.18,0.49,0.71,0.24,0.74,0.72,0.5019788
0.17,0.48,0.74,0.27,0.76,0.72,0.501979
0.18,0.44,0.71,0.25,0.76,0.72,0.501979
0.16,0.49,0.73,0.27,0.75,0.72,0.5019793
0.16,0.49,0.75,0.21,0.73,0.72,0.5019794
0.17,0.48,0.7,0.2,0.75,0.72,0.5019794
0.16,0.44,0.7,0.27,0.76,0.7,0.5019795
0.17,0.49,0.7,0.22,0.72,0.71,0.5019796
0.18,0.45,0.73,0.2,0.72,0.72,0.5019796
0.16,0.42,0.7,0.23,0.74,0.71,0.5019798
0.16,0.44,0.71,0.26,0.76,0.7,0.50198
0.18,0.42,0.71,0.21,0.73,0.72,0.50198
0.18,0.44,0.7,0.24,0.72,0.7,0.50198
0.17,0.43,0.72,0.22,0.73,0.72,0.5019801
0.17,0.44,0.73,0.24,0.75,0.72,0.5019801
0.17,0.48,0.72,0.21,0.75,0.72,0.5019801
0.16,0.46,0.73,0.27,0.75,0.71,0.5019802
0.16,0.47,0.71,0.26,0.72,0.72,0.5019803
0.17,0.45,0.72,0.26,0.76,0.72,0.5019804
0.18,0.48,0.7,0.25,0.73,0.72,0.5019805
0.18,0.47,0.73,0.21,0.74,0.72,0.5019807
0.16,0.48,0.72,0.27,0.72,0.71,0.5019808
0.17,0.48,0.7,0.25,0.73,0.71,0.5019808
0.18,0.49,0.73,0.25,0.74,0.72,0.5019809
0.16,0.44,0.73,0.23,0.73,0.72,0.501981
0.17,0.43,0.72,0.21,0.72,0.71,0.5019811
0.17,0.43,0.7,0.2,0.74,0.7,0.5019812
0.17,0.49,0.72,0.23,0.72,0.71,0.5019812
0.17,0.45,0.71,0.25,0.72,0.7,0.5019814
0.16,0.45,0.72,0.25,0.73,0.7,0.5019815
0.17,0.49,0.75,0.26,0.73,0.72,0.5019815
0.17,0.45,0.72,0.22,0.74,0.71,0.5019818
0.17,0.49,0.71,0.22,0.74,0.72,0.5019822
0.18,0.44,0.7,0.24,0.73,0.71,0.5019824
0.16,0.42,0.7,0.23,0.75,0.72,0.5019825
0.16,0.46,0.73,0.27,0.76,0.72,0.5019825
0.16,0.49,0.72,0.26,0.74,0.72,0.5019825
0.18,0.46,0.7,0.24,0.74,0.7,0.5019831
0.16,0.46,0.72,0.26,0.72,0.7,0.5019833
0.16,0.48,0.73,0.2,0.73,0.71,0.5019833
0.17,0.4,0.7,0.2,0.76,0.71,0.5019833
0.17,0.42,0.72,0.22,0.76,0.72,0.5019834
0.17,0.47,0.74,0.24,0.74,0.72,0.5019834
0.17,0.49,0.73,0.23,0.74,0.72,0.5019834
0.17,0.45,0.71,0.25,0.73,0.71,0.5019836
0.18,0.46,0.73,0.24,0.72,0.72,0.5019838
0.16,0.43,0.71,0.23,0.74,0.7,0.5019841
0.16,0.49,0.7,0.2,0.72,0.71,0.5019841
0.18,0.44,0.7,0.24,0.74,0.72,0.5019848
0.16,0.49,0.72,0.21,0.72,0.71,0.5019849
0.18,0.48,0.73,0.28,0.75,0.72,0.501985
0.17,0.5,0.7,0.23,0.73,0.72,0.5019851
0.17,0.47,0.74,0.25,0.72,0.72,0.5019854
0.16,0.46,0.72,0.26,0.73,0.71,0.5019856
0.16,0.48,0.73,0.25,0.72,0.7,0.5019856
0.18,0.46,0.71,0.24,0.76,0.71,0.5019857
0.17,0.45,0.71,0.25,0.74,0.72,0.501986
0.16,0.45,0.71,0.24,0.76,0.7,0.5019861
0.16,0.48,0.74,0.2,0.75,0.72,0.5019861
0.16,0.49,0.71,0.25,0.73,0.72,0.5019861
0.17,0.46,0.71,0.2,0.73,0.7,0.5019861
0.17,0.46,0.7,0.22,0.74,0.7,0.5019862
0.17,0.5,0.72,0.24,0.73,0.72,0.5019862
0.17,0.43,0.71,0.2,0.75,0.71,0.5019863
0.16,0.45,0.73,0.25,0.74,0.71,0.5019864
0.18,0.5,0.74,0.27,0.73,0.72,0.5019864
0.17,0.43,0.73,0.21,0.73,0.72,0.5019865
0.17,0.48,0.73,0.22,0.73,0.71,0.5019865
0.17,0.45,0.73,0.22,0.75,0.72,0.5019866
0.16,0.49,0.74,0.22,0.72,0.71,0.5019867
0.17,0.47,0.71,0.27,0.73,0.7,0.5019867
0.16,0.49,0.71,0.2,0.74,0.72,0.5019868
0.18,0.46,0.71,0.25,0.73,0.7,0.5019873
0.16,0.48,0.75,0.26,0.72,0.72,0.5019874
0.16,0.49,0.73,0.21,0.74,0.72,0.5019876
0.17,0.4,0.7,0.22,0.76,0.71,0.5019877
0.16,0.46,0.72,0.26,0.74,0.72,0.5019879
0.18,0.47,0.7,0.25,0.75,0.71,0.5019879
0.16,0.41,0.7,0.21,0.75,0.7,0.501988
0.16,0.46,0.72,0.23,0.73,0.7,0.501988
0.18,0.47,0.71,0.26,0.73,0.7,0.501988
0.17,0.5,0.74,0.25,0.73,0.72,0.5019884
0.18,0.48,0.71,0.26,0.75,0.72,0.5019884
0.16,0.41,0.71,0.23,0.76,0.71,0.5019886
0.16,0.48,0.73,0.28,0.74,0.71,0.501989
0.17,0.46,0.71,0.22,0.76,0.71,0.501989
0.18,0.48,0.72,0.27,0.72,0.71,0.501989
0.16,0.43,0.72,0.23,0.75,0.71,0.5019892
0.16,0.5,0.7,0.21,0.73,0.72,0.5019893
0.17,0.46,0.74,0.21,0.72,0.72,0.5019894
0.16,0.5,0.72,0.22,0.73,0.72,0.5019896
0.18,0.48,0.73,0.27,0.73,0.71,0.5019898
0.16,0.48,0.74,0.25,0.73,0.71,0.5019901
0.17,0.47,0.7,0.26,0.72,0.7,0.5019901
0.18,0.47,0.7,0.26,0.72,0.71,0.5019901
0.17,0.47,0.71,0.24,0.73,0.7,0.5019902
0.18,0.47,0.72,0.26,0.75,0.71,0.5019902
0.16,0.49,0.7,0.24,0.72,0.72,0.5019903
0.18,0.44,0.7,0.23,0.74,0.7,0.5019903
0.16,0.46,0.7,0.2,0.74,0.7,0.5019905
0.17,0.46,0.72,0.2,0.74,0.71,0.5019906
0.16,0.42,0.71,0.2,0.72,0.7,0.5019907
0.17,0.47,0.7,0.23,0.75,0.71,0.5019909
0.17,0.48,0.74,0.22,0.74,0.72,0.5019909
0.18,0.48,0.72,0.27,0.73,0.72,0.5019909
0.16,0.5,0.74,0.23,0.73,0.72,0.5019911
0.16,0.45,0.74,0.25,0.75,0.72,0.5019912
0.17,0.43,0.72,0.2,0.76,0.72,0.5019913
0.16,0.44,0.71,0.21,0.74,0.7,0.5019914
0.16,0.44,0.73,0.22,0.72,0.71,0.5019916
0.17,0.48,0.72,0.27,0.73,0.72,0.5019917
0.18,0.46,0.72,0.25,0.74,0.71,0.5019918
0.16,0.41,0.7,0.22,0.73,0.7,0.5019919
0.16,0.48,0.72,0.27,0.73,0.71,0.5019921
0.18,0.48,0.7,0.25,0.74,0.72,0.5019921
0.17,0.45,0.7,0.24,0.72,0.72,0.5019923
0.17,0.48,0.7,0.25,0.74,0.71,0.5019926
0.16,0.46,0.73,0.23,0.74,0.71,0.5019927
0.17,0.47,0.72,0.24,0.75,0.71,0.5019927
0.18,0.43,0.71,0.24,0.76,0.72,0.501993
0.16,0.41,0.71,0.21,0.76,0.71,0.5019931
0.16,0.43,0.7,0.26,0.76,0.7,0.5019931
0.17,0.48,0.7,0.25,0.72,0.7,0.5019932
0.16,0.47,0.71,0.22,0.73,0.7,0.5019934
0.16,0.46,0.71,0.2,0.76,0.71,0.5019935
0.16,0.46,0.71,0.25,0.72,0.72,0.5019938
0.16,0.43,0.73,0.23,0.76,0.72,0.5019941
0.17,0.44,0.72,0.25,0.76,0.72,0.5019941
0.18,0.48,0.74,0.27,0.74,0.72,0.5019941
0.16,0.49,0.72,0.26,0.75,0.72,0.5019942
0.18,0.43,0.7,0.23,0.72,0.7,0.5019944
0.16,0.41,0.7,0.22,0.74,0.71,0.5019945
0.16,0.48,0.75,0.25,0.74,0.72,0.5019946
0.16,0.47,0.7,0.21,0.75,0.71,0.5019949
0.18,0.44,0.71,0.23,0.75,0.71,0.5019949
0.18,0.48,0.72,0.27,0.76,0.72,0.5019951
0.17,0.46,0.73,0.2,0.75,0.72,0.5019952
0.17,0.42,0.72,0.21,0.73,0.72,0.5019953
0.17,0.48,0.71,0.25,0.74,0.71,0.5019953
0.17,0.48,0.71,0.26,0.72,0.72,0.5019953
0.17,0.44,0.71,0.24,0.72,0.7,0.5019954
0.18,0.45,0.7,0.27,0.75,0.7,0.5019954
0.16,0.43,0.73,0.22,0.73,0.72,0.5019955
0.17,0.48,0.72,0.26,0.72,0.7,0.5019955
0.16,0.48,0.71,0.26,0.72,0.71,0.5019956
0.18,0.41,0.71,0.2,0.73,0.72,0.5019957
0.16,0.45,0.73,0.26,0.76,0.72,0.5019959
0.16,0.42,0.72,0.2,0.73,0.71,0.501996
0.16,0.48,0.7,0.23,0.72,0.7,0.501996
0.17,0.48,0.7,0.24,0.76,0.72,0.501996
0.16,0.47,0.72,0.22,0.75,0.71,0.5019961
0.16,0.44,0.72,0.21,0.75,0.71,0.5019962
0.18,0.46,0.73,0.25,0.75,0.72,0.5019963
0.16,0.44,0.74,0.22,0.73,0.72,0.5019967
0.18,0.43,0.7,0.23,0.73,0.71,0.5019968
0.16,0.45,0.72,0.25,0.72,0.7,0.5019969
0.18,0.43,0.7,0.2,0.72,0.7,0.5019969
0.16,0.41,0.7,0.22,0.75,0.72,0.5019972
0.18,0.45,0.7,0.27,0.76,0.71,0.5019972
0.16,0.46,0.74,0.23,0.75,0.72,0.5019973
0.17,0.48,0.73,0.26,0.74,0.71,0.5019973
0.18,0.45,0.72,0.22,0.72,0.71,0.5019973
0.17,0.48,0.72,0.25,0.76,0.72,0.5019974
0.17,0.44,0.71,0.24,0.73,0.71,0.5019977
0.16,0.49,0.71,0.25,0.74,0.72,0.5019978
0.18,0.47,0.71,0.27,0.74,0.71,0.5019978
0.16,0.48,0.72,0.24,0.72,0.7,0.5019979
0.17,0.42,0.7,0.24,0.75,0.7,0.5019979
0.18,0.45,0.73,0.23,0.72,0.72,0.5019979
0.17,0.47,0.72,0.26,0.73,0.7,0.5019982
0.18,0.47,0.73,0.27,0.75,0.72,0.5019982
0.16,0.48,0.71,0.23,0.74,0.71,0.5019983
0.18,0.45,0.7,0.21,0.74,0.7,0.5019986
0.17,0.46,0.74,0.24,0.72,0.72,0.5019989
0.18,0.47,0.72,0.23,0.74,0.71,0.5019989
0.16,0.45,0.73,0.2,0.72,0.71,0.501999
0.16,0.45,0.72,0.25,0.73,0.71,0.5019991
0.18,0.43,0.7,0.23,0.74,0.72,0.5019992
0.18,0.47,0.74,0.24,0.72,0.72,0.5019992
0.18,0.42,0.7,0.21,0.76,0.71,0.5019993
0.17,0.48,0.73,0.28,0.75,0.72,0.5019996
0.18,0.44,0.72,0.23,0.76,0.72,0.5019996
0.18,0.4,0.7,0.2,0.74,0.71,0.5019997
0.16,0.48,0.7,0.22,0.76,0.72,0.5019998
0.17,0.48,0.74,0.28,0.75,0.72,0.5019999
0.16,0.48,0.73,0.24,0.74,0.71,0.502
0.17,0.44,0.71,0.24,0.74,0.72,0.502
0.16,0.47,0.75,0.22,0.72,0.72,0.5020001
0.16,0.47,0.75,0.25,0.72,0.72,0.5020006
0.16,0.48,0.72,0.23,0.76,0.72,0.5020007
0.16,0.47,0.73,0.21,0.74,0.71,0.5020009
0.16,0.44,0.73,0.21,0.76,0.72,0.502001
0.17,0.45,0.71,0.24,0.74,0.7,0.502001
0.16,0.42,0.73,0.2,0.74,0.72,0.5020013
0.16,0.49,0.7,0.24,0.73,0.71,0.5020013
0.16,0.45,0.72,0.25,0.74,0.72,0.5020015
0.16,0.49,0.75,0.23,0.74,0.72,0.5020015
0.18,0.47,0.7,0.26,0.73,0.71,0.5020015
0.17,0.47,0.7,0.26,0.73,0.7,0.5020018
0.16,0.49,0.7,0.24,0.73,0.72,0.502002
0.18,0.43,0.71,0.2,0.73,0.71,0.502002
0.18,0.45,0.73,0.22,0.73,0.72,0.5020021
0.18,0.47,0.72,0.26,0.72,0.71,0.5020022
0.16,0.48,0.74,0.24,0.76,0.72,0.5020024
0.16,0.49,0.75,0.29,0.75,0.72,0.5020024
0.17,0.49,0.73,0.27,0.75,0.72,0.5020024
0.17,0.47,0.73,0.26,0.74,0.71,0.5020026
0.17,0.48,0.72,0.27,0.74,0.72,0.5020028
0.16,0.49,0.72,0.25,0.73,0.71,0.5020029
0.18,0.45,0.71,0.21,0.75,0.71,0.502003
0.18,0.47,0.73,0.23,0.75,0.72,0.5020033
0.16,0.49,0.71,0.24,0.75,0.72,0.5020034
0.17,0.49,0.74,0.28,0.73,0.71,0.5020035
0.16,0.48,0.72,0.27,0.74,0.71,0.5020036
0.16,0.45,0.74,0.2,0.73,0.72,0.5020038
0.18,0.48,0.7,0.25,0.75,0.72,0.5020038
0.17,0.48,0.73,0.27,0.72,0.71,0.5020039
0.17,0.41,0.7,0.21,0.73,0.7,0.5020041
0.18,0.47,0.72,0.26,0.73,0.72,0.5020041
0.17,0.43,0.7,0.22,0.75,0.7,0.5020045
0.18,0.4,0.71,0.2,0.75,0.72,0.5020049
0.16,0.49,0.73,0.25,0.75,0.72,0.502005
0.17,0.46,0.7,0.26,0.75,0.7,0.5020052
0.17,0.49,0.75,0.28,0.74,0.72,0.5020052
0.16,0.47,0.74,0.21,0.75,0.72,0.5020053
0.16,0.49,0.74,0.26,0.73,0.71,0.5020053
0.17,0.45,0.72,0.24,0.75,0.71,0.5020055
0.17,0.48,0.73,0.27,0.73,0.72,0.5020057
0.18,0.46,0.72,0.2,0.72,0.71,0.5020057
0.16,0.49,0.74,0.28,0.72,0.71,0.5020061
0.18,0.48,0.74,0.22,0.72,0.72,0.5020063
0.17,0.44,0.7,0.23,0.72,0.72,0.5020064
0.17,0.48,0.71,0.26,0.73,0.72,0.5020065
0.17,0.47,0.74,0.26,0.75,0.72,0.502007
0.18,0.43,0.72,0.2,0.74,0.72,0.502007
0.16,0.42,0.7,0.25,0.76,0.7,0.5020071
0.16,0.48,0.71,0.26,0.73,0.71,0.5020071
0.17,0.44,0.71,0.21,0.72,0.7,0.5020071
0.16,0.49,0.75,0.26,0.75,0.72,0.5020072
0.16,0.4,0.7,0.21,0.73,0.7,0.5020073
0.18,0.42,0.71,0.23,0.76,0.72,0.5020073
0.18,0.45,0.72,0.21,0.76,0.72,0.5020075
0.16,0.45,0.71,0.24,0.72,0.72,0.5020076
0.16,0.49,0.74,0.28,0.73,0.72,0.5020079
0.16,0.46,0.7,0.24,0.75,0.7,0.502008
0.17,0.43,0.72,0.24,0.76,0.72,0.5020081
0.17,0.46,0.73,0.23,0.72,0.71,0.5020081
0.16,0.48,0.75,0.2,0.72,0.72,0.5020086
0.18,0.49,0.72,0.2,0.73,0.72,0.5020089
0.18,0.44,0.7,0.26,0.75,0.7,0.502009
0.16,0.43,0.71,0.25,0.75,0.7,0.5020092
0.17,0.43,0.71,0.22,0.76,0.71,0.5020092
0.17,0.41,0.71,0.21,0.74,0.71,0.5020093
0.18,0.42,0.7,0.22,0.72,0.7,0.5020093
0.18,0.47,0.71,0.27,0.75,0.71,0.5020094
0.16,0.44,0.73,0.25,0.76,0.72,0.5020096
0.16,0.49,0.71,0.25,0.75,0.72,0.5020096
0.17,0.43,0.71,0.23,0.72,0.7,0.5020098
0.16,0.4,0.7,0.21,0.74,0.71,0.5020099
0.17,0.45,0.73,0.24,0.76,0.72,0.50201
0.16,0.5,0.74,0.27,0.74,0.72,0.5020102
0.17,0.48,0.75,0.25,0.72,0.72,0.5020102
0.18,0.46,0.73,0.2,0.73,0.72,0.5020102
0.17,0.48,0.7,0.25,0.72,0.72,0.5020104
0.17,0.45,0.71,0.27,0.75,0.7,0.5020105
0.16,0.48,0.7,0.25,0.72,0.71,0.5020107
0.16,0.42,0.73,0.21,0.73,0.72,0.5020108
0.18,0.5,0.71,0.21,0.72,0.72,0.5020108
0.17,0.48,0.73,0.28,0.76,0.72,0.5020109
0.18,0.44,0.7,0.26,0.76,0.71,0.5020109
0.17,0.41,0.72,0.2,0.73,0.72,0.502011
0.16,0.44,0.72,0.24,0.72,0.7,0.5020111
0.16,0.5,0.75,0.28,0.72,0.71,0.5020114
0.18,0.42,0.7,0.22,0.73,0.71,0.5020116
0.18,0.46,0.71,0.27,0.74,0.7,0.5020116
0.18,0.46,0.73,0.26,0.75,0.72,0.5020116
0.18,0.5,0.73,0.22,0.72,0.72,0.5020117
0.17,0.44,0.72,0.21,0.73,0.71,0.5020118
0.17,0.43,0.71,0.23,0.73,0.71,0.502012
0.16,0.46,0.72,0.25,0.74,0.7,0.5020121
0.16,0.41,0.7,0.23,0.76,0.7,0.5020125
0.17,0.45,0.71,0.27,0.76,0.71,0.5020125
0.16,0.4,0.7,0.21,0.75,0.72,0.5020126
0.17,0.46,0.74,0.23,0.73,0.72,0.5020126
0.18,0.44,0.73,0.22,0.72,0.72,0.5020126
0.16,0.47,0.71,0.26,0.74,0.7,0.5020127
0.16,0.46,0.72,0.28,0.75,0.7,0.5020128
0.16,0.47,0.7,0.25,0.76,0.71,0.5020129
0.17,0.45,0.74,0.23,0.72,0.72,0.5020129
0.17,0.46,0.72,0.22,0.75,0.71,0.502013
0.17,0.47,0.74,0.27,0.75,0.72,0.502013
0.18,0.47,0.7,0.26,0.74,0.71,0.502013
0.16,0.44,0.72,0.24,0.73,0.71,0.5020131
0.17,0.44,0.7,0.2,0.75,0.7,0.5020136
0.17,0.48,0.74,0.24,0.75,0.72,0.5020136
0.16,0.49,0.7,0.24,0.74,0.72,0.5020138
0.18,0.42,0.7,0.22,0.74,0.72,0.5020139
0.17,0.48,0.72,0.27,0.75,0.72,0.5020141
0.16,0.46,0.75,0.24,0.72,0.72,0.5020142
0.16,0.48,0.74,0.27,0.74,0.71,0.5020142
0.17,0.43,0.71,0.23,0.74,0.72,0.5020143
0.18,0.44,0.7,0.25,0.75,0.7,0.5020143
0.17,0.41,0.72,0.21,0.75,0.72,0.5020144
0.16,0.42,0.71,0.22,0.73,0.7,0.5020146
0.16,0.46,0.72,0.28,0.76,0.71,0.5020146
0.16,0.47,0.72,0.26,0.76,0.71,0.5020149
0.16,0.48,0.75,0.28,0.75,0.72,0.502015
0.18,0.47,0.7,0.21,0.72,0.7,0.502015
0.16,0.44,0.71,0.23,0.75,0.7,0.5020152
0.16,0.44,0.72,0.24,0.74,0.72,0.5020154
0.18,0.49,0.74,0.2,0.72,0.72,0.5020156
0.17,0.47,0.73,0.21,0.72,0.71,0.5020158
0.18,0.46,0.72,0.25,0.72,0.71,0.5020158
0.17,0.45,0.7,0.26,0.73,0.7,0.5020161
0.17,0.5,0.73,0.2,0.72,0.72,0.5020164
0.16,0.46,0.73,0.25,0.75,0.71,0.5020165
0.17,0.44,0.73,0.21,0.74,0.72,0.5020165
0.18,0.45,0.71,0.24,0.72,0.7,0.5020166
0.17,0.49,0.75,0.23,0.72,0.72,0.5020169
0.16,0.47,0.71,0.27,0.72,0.7,0.5020171
0.17,0.46,0.73,0.22,0.76,0.72,0.5020172
0.17,0.47,0.73,0.26,0.72,0.71,0.5020172
0.18,0.47,0.71,0.21,0.74,0.71,0.5020174
0.18,0.46,0.72,0.25,0.73,0.72,0.5020177
0.16,0.45,0.72,0.22,0.72,0.7,0.5020178
0.17,0.48,0.71,0.26,0.74,0.72,0.5020178
0.16,0.46,0.71,0.27,0.73,0.7,0.502018
0.17,0.44,0.71,0.2,0.76,0.71,0.502018
0.17,0.42,0.73,0.2,0.72,0.72,0.5020182
0.17,0.45,0.7,0.26,0.74,0.71,0.5020182
0.16,0.48,0.75,0.27,0.75,0.72,0.5020183
0.16,0.48,0.71,0.26,0.74,0.71,0.5020187
0.18,0.44,0.71,0.25,0.76,0.71,0.5020187
0.17,0.47,0.73,0.26,0.73,0.72,0.502019
0.16,0.47,0.74,0.24,0.72,0.71,0.5020191
0.16,0.48,0.74,0.27,0.72,0.71,0.5020191
0.18,0.48,0.7,0.22,0.73,0.71,0.5020191
0.18,0.47,0.7,0.2,0.76,0.72,0.5020193
0.16,0.42,0.72,0.22,0.74,0.71,0.5020194
0.16,0.4,0.7,0.2,0.74,0.7,0.5020196
0.16,0.42,0.7,0.21,0.76,0.7,0.5020196
0.16,0.44,0.72,0.23,0.76,0.71,0.5020198
0.18,0.47,0.72,0.21,0.76,0.72,0.5020198
0.17,0.47,0.74,0.21,0.73,0.72,0.50202
0.16,0.46,0.71,0.27,0.74,0.71,0.5020201
0.16,0.48,0.73,0.28,0.75,0.71,0.5020203
0.17,0.45,0.7,0.26,0.75,0.72,0.5020204
0.18,0.43,0.7,0.22,0.73,0.7,0.5020204
0.18,0.48,0.72,0.23,0.73,0.71,0.5020204
0.16,0.46,0.74,0.25,0.76,0.72,0.5020208
0.16,0.48,0.74,0.27,0.73,0.72,0.5020209
0.18,0.45,0.72,0.24,0.73,0.71,0.502021
0.17,0.43,0.7,0.22,0.72,0.72,0.5020212
0.18,0.48,0.71,0.22,0.75,0.72,0.5020213
0.16,0.41,0.7,0.24,0.76,0.7,0.5020214
0.18,0.45,0.7,0.23,0.75,0.7,0.5020215
0.17,0.48,0.7,0.25,0.73,0.72,0.5020218
0.16,0.44,0.71,0.23,0.72,0.72,0.5020219
0.16,0.43,0.71,0.2,0.73,0.7,0.502022
0.16,0.45,0.73,0.22,0.73,0.71,0.5020222
0.16,0.46,0.71,0.27,0.75,0.72,0.5020222
0.18,0.41,0.71,0.22,0.76,0.72,0.5020222
0.18,0.48,0.73,0.23,0.75,0.72,0.5020224
0.16,0.48,0.7,0.25,0.73,0.71,0.5020225
0.17,0.42,0.72,0.23,0.76,0.72,0.5020225
0.18,0.49,0.71,0.24,0.72,0.71,0.502023
0.16,0.47,0.73,0.23,0.75,0.71,0.5020234
0.16,0.47,0.75,0.24,0.73,0.72,0.5020234
0.16,0.45,0.71,0.21,0.75,0.7,0.5020235
0.16,0.43,0.73,0.24,0.76,0.72,0.5020236
0.18,0.49,0.7,0.23,0.74,0.72,0.5020237
0.17,0.48,0.7,0.2,0.73,0.71,0.5020238
0.18,0.46,0.71,0.22,0.72,0.7,0.502024
0.16,0.42,0.73,0.22,0.75,0.72,0.5020243
0.17,0.48,0.72,0.21,0.73,0.71,0.5020245
0.16,0.4,0.71,0.2,0.75,0.71,0.5020246
0.18,0.47,0.7,0.26,0.75,0.71,0.5020246
0.18,0.49,0.72,0.24,0.74,0.72,0.5020247
0.18,0.43,0.71,0.22,0.74,0.71,0.5020249
0.17,0.45,0.71,0.26,0.75,0.7,0.502025
0.18,0.43,0.7,0.25,0.76,0.71,0.502025
0.18,0.48,0.73,0.24,0.72,0.71,0.502025
0.18,0.49,0.73,0.25,0.72,0.71,0.5020251
0.16,0.47,0.72,0.28,0.74,0.7,0.5020254
0.18,0.45,0.73,0.24,0.74,0.72,0.5020254
0.17,0.48,0.72,0.27,0.76,0.72,0.5020256
0.17,0.5,0.75,0.21,0.72,0.72,0.5020256
0.16,0.49,0.7,0.24,0.75,0.72,0.5020257
0.18,0.45,0.71,0.23,0.76,0.71,0.5020257
0.16,0.46,0.7,0.26,0.72,0.71,0.5020262
0.17,0.48,0.71,0.2,0.75,0.72,0.5020262
0.18,0.47,0.73,0.25,0.76,0.72,0.5020262
0.16,0.46,0.72,0.2,0.72,0.7,0.5020263
0.17,0.44,0.71,0.26,0.76,0.71,0.5020263
0.16,0.48,0.74,0.22,0.72,0.71,0.5020265
0.17,0.49,0.71,0.22,0.72,0.71,0.5020265
0.16,0.41,0.73,0.2,0.73,0.72,0.5020266
0.18,0.49,0.74,0.25,0.74,0.72,0.5020266
0.16,0.45,0.74,0.22,0.74,0.72,0.5020267
0.18,0.5,0.75,0.26,0.72,0.72,0.5020267
0.16,0.43,0.72,0.2,0.74,0.71,0.5020268
0.17,0.48,0.73,0.21,0.75,0.72,0.5020268
0.17,0.42,0.71,0.22,0.73,0.71,0.5020269
0.17,0.47,0.73,0.2,0.76,0.72,0.5020269
0.18,0.41,0.7,0.21,0.73,0.71,0.5020271
0.17,0.46,0.72,0.25,0.72,0.7,0.5020275
0.16,0.43,0.72,0.23,0.73,0.71,0.5020276
0.16,0.47,0.74,0.23,0.76,0.72,0.5020276
0.16,0.45,0.72,0.21,0.76,0.71,0.5020278
0.17,0.47,0.71,0.27,0.73,0.71,0.5020278
0.16,0.43,0.74,0.21,0.72,0.72,0.5020279
0.16,0.45,0.72,0.27,0.76,0.71,0.5020279
0.17,0.49,0.73,0.23,0.72,0.71,0.502028
0.17,0.49,0.7,0.21,0.74,0.72,0.5020281
0.18,0.46,0.72,0.22,0.73,0.71,0.5020282
0.16,0.46,0.7,0.26,0.73,0.72,0.5020284
0.17,0.43,0.7,0.24,0.76,0.7,0.5020284
0.17,0.49,0.72,0.22,0.74,0.72,0.5020284
0.16,0.47,0.71,0.27,0.73,0.7,0.5020286
0.18,0.44,0.7,0.2,0.73,0.7,0.5020288
0.18,0.48,0.74,0.24,0.73,0.72,0.502029
0.17,0.42,0.71,0.22,0.74,0.72,0.5020292
0.17,0.48,0.71,0.26,0.75,0.72,0.5020292
0.17,0.45,0.72,0.26,0.76,0.71,0.5020294
0.18,0.41,0.7,0.21,0.74,0.72,0.5020294
0.18,0.43,0.72,0.22,0.75,0.72,0.5020294
0.18,0.5,0.73,0.26,0.73,0.72,0.5020295
0.16,0.4,0.72,0.2,0.76,0.72,0.5020296
0.17,0.49,0.74,0.23,0.74,0.72,0.5020296
0.16,0.43,0.72,0.23,0.74,0.72,0.5020297
0.18,0.45,0.72,0.24,0.72,0.71,0.5020298
0.18,0.47,0.72,0.28,0.75,0.71,0.5020301
0.17,0.44,0.7,0.25,0.73,0.7,0.5020302
0.18,0.41,0.7,0.2,0.75,0.71,0.5020303
0.16,0.46,0.73,0.2,0.73,0.71,0.5020306
0.16,0.48,0.75,0.22,0.73,0.72,0.5020306
0.18,0.46,0.7,0.23,0.76,0.71,0.5020306
0.17,0.44,0.71,0.23,0.73,0.7,0.5020308
0.17,0.46,0.73,0.25,0.72,0.71,0.502031
0.17,0.5,0.71,0.23,0.73,0.72,0.5020311
0.17,0.45,0.7,0.2,0.75,0.7,0.5020314
0.16,0.43,0.73,0.2,0.75,0.72,0.5020315
0.16,0.49,0.71,0.2,0.72,0.71,0.5020315
0.16,0.45,0.71,0.26,0.73,0.7,0.5020317
0.18,0.45,0.72,0.24,0.73,0.72,0.5020317
0.17,0.46,0.73,0.25,0.73,0.71,0.5020318
0.17,0.47,0.7,0.26,0.72,0.71,0.5020318
0.16,0.49,0.73,0.21,0.72,0.71,0.5020321
0.16,0.47,0.7,0.26,0.72,0.7,0.5020323
0.17,0.44,0.7,0.25,0.74,0.71,0.5020323
0.17,0.5,0.73,0.24,0.73,0.72,0.5020323
0.18,0.46,0.73,0.22,0.74,0.72,0.5020324
0.18,0.47,0.7,0.25,0.73,0.7,0.5020325
0.16,0.47,0.74,0.26,0.72,0.71,0.5020326
0.17,0.46,0.73,0.25,0.73,0.72,0.5020326
0.18,0.44,0.73,0.21,0.72,0.72,0.5020329
0.16,0.48,0.72,0.27,0.73,0.72,0.502033
0.18,0.44,0.71,0.2,0.74,0.71,0.5020332
0.17,0.48,0.7,0.25,0.74,0.72,0.5020334
0.16,0.49,0.72,0.2,0.74,0.72,0.5020336
0.17,0.46,0.71,0.22,0.74,0.7,0.5020336
0.16,0.45,0.71,0.26,0.74,0.71,0.5020338
0.16,0.49,0.74,0.21,0.74,0.72,0.5020341
0.17,0.5,0.75,0.25,0.73,0.72,0.5020342
0.16,0.47,0.74,0.26,0.73,0.72,0.5020343
0.18,0.47,0.71,0.25,0.75,0.71,0.5020343
0.16,0.48,0.7,0.25,0.74,0.71,0.5020344
0.17,0.44,0.7,0.25,0.75,0.72,0.5020345
0.18,0.47,0.71,0.27,0.72,0.7,0.5020345
0.17,0.47,0.72,0.23,0.72,0.7,0.5020346
0.18,0.46,0.7,0.27,0.74,0.7,0.5020346
0.16,0.46,0.74,0.2,0.74,0.72,0.5020349
0.17,0.46,0.7,0.21,0.76,0.71,0.502035
0.17,0.44,0.72,0.23,0.74,0.71,0.5020351
0.18,0.41,0.71,0.2,0.76,0.72,0.5020351
0.17,0.42,0.7,0.21,0.74,0.7,0.5020352
0.17,0.47,0.7,0.23,0.73,0.7,0.5020356
0.17,0.47,0.72,0.28,0.75,0.71,0.5020356
0.16,0.5,0.71,0.21,0.73,0.72,0.5020357
0.17,0.49,0.74,0.25,0.72,0.71,0.5020358
0.16,0.45,0.71,0.26,0.75,0.72,0.5020359
0.16,0.5,0.73,0.22,0.73,0.72,0.5020359
0.17,0.46,0.72,0.24,0.76,0.71,0.502036
0.17,0.46,0.74,0.25,0.74,0.72,0.502036
0.17,0.44,0.7,0.22,0.76,0.7,0.5020361
0.18,0.47,0.71,0.27,0.73,0.71,0.5020361
0.17,0.4,0.7,0.2,0.72,0.7,0.5020363
0.16,0.46,0.72,0.27,0.75,0.7,0.5020365
0.17,0.48,0.74,0.26,0.76,0.72,0.5020366
0.16,0.43,0.71,0.22,0.72,0.72,0.5020367
0.17,0.42,0.7,0.21,0.72,0.72,0.5020368
0.16,0.48,0.71,0.26,0.72,0.72,0.5020369
0.18,0.49,0.74,0.22,0.73,0.72,0.5020369
0.16,0.5,0.75,0.23,0.73,0.72,0.5020373
0.18,0.49,0.74,0.27,0.72,0.72,0.5020373
0.17,0.47,0.71,0.23,0.75,0.71,0.5020376
0.18,0.44,0.72,0.2,0.75,0.72,0.5020376
0.18,0.47,0.72,0.2,0.73,0.71,0.5020376
0.16,0.46,0.71,0.2,0.74,0.7,0.5020385
0.17,0.45,0.71,0.21,0.73,0.7,0.5020386
0.17,0.47,0.73,0.23,0.73,0.71,0.5020386
0.18,0.47,0.71,0.27,0.74,0.72,0.5020386
0.18,0.48,0.71,0.26,0.76,0.72,0.5020386
0.17,0.5,0.75,0.28,0.72,0.72,0.5020387
0.16,0.47,0.73,0.26,0.72,0.7,0.5020388
0.18,0.48,0.72,0.27,0.74,0.71,0.5020389
0.17,0.47,0.71,0.27,0.74,0.71,0.502039
0.16,0.44,0.71,0.25,0.76,0.7,0.5020394
0.17,0.44,0.73,0.23,0.75,0.72,0.5020395
0.18,0.42,0.7,0.24,0.76,0.71,0.5020395
0.17,0.49,0.75,0.25,0.73,0.72,0.5020397
0.17,0.42,0.71,0.21,0.75,0.71,0.5020398
0.16,0.47,0.7,0.21,0.73,0.7,0.50204
0.16,0.49,0.75,0.2,0.73,0.72,0.50204
0.17,0.48,0.7,0.24,0.74,0.71,0.5020401
0.17,0.48,0.71,0.25,0.72,0.7,0.5020401
0.16,0.45,0.7,0.25,0.72,0.71,0.5020402
0.16,0.47,0.71,0.27,0.74,0.7,0.5020403
0.17,0.43,0.71,0.25,0.76,0.71,0.5020404
0.18,0.48,0.73,0.27,0.76,0.72,0.5020404
0.16,0.48,0.73,0.28,0.75,0.72,0.5020405
0.16,0.46,0.73,0.27,0.76,0.71,0.5020406
0.16,0.46,0.72,0.2,0.76,0.71,0.5020408
0.16,0.47,0.72,0.22,0.73,0.7,0.5020408
0.17,0.48,0.71,0.26,0.76,0.72,0.5020408
0.17,0.48,0.72,0.25,0.74,0.71,0.5020415
0.18,0.47,0.73,0.2,0.74,0.72,0.5020415
0.16,0.45,0.72,0.24,0.73,0.7,0.5020416
0.16,0.44,0.72,0.26,0.76,0.71,0.5020418
0.17,0.48,0.71,0.24,0.76,0.72,0.5020418
0.16,0.47,0.71,0.21,0.75,0.71,0.5020421
0.16,0.45,0.7,0.25,0.73,0.72,0.5020424
0.17,0.41,0.71,0.21,0.73,0.71,0.5020424
0.16,0.42,0.72,0.22,0.73,0.71,0.5020425
0.17,0.45,0.74,0.22,0.72,0.72,0.5020425
0.17,0.47,0.74,0.23,0.74,0.72,0.5020426
0.17,0.45,0.72,0.21,0.74,0.71,0.5020427
0.18,0.47,0.7,0.26,0.73,0.72,0.5020427
0.16,0.47,0.74,0.26,0.73,0.71,0.5020429
0.17,0.47,0.7,0.26,0.73,0.71,0.502043
0.17,0.43,0.72,0.2,0.72,0.71,0.5020431
0.17,0.48,0.73,0.25,0.76,0.72,0.5020431
0.18,0.4,0.7,0.2,0.73,0.71,0.5020431
0.16,0.48,0.71,0.23,0.72,0.7,0.5020432
0.16,0.4,0.7,0.22,0.75,0.7,0.5020433
0.18,0.46,0.72,0.27,0.75,0.71,0.5020435
0.16,0.47,0.7,0.26,0.73,0.7,0.5020439
0.18,0.43,0.7,0.24,0.74,0.7,0.5020441
0.16,0.48,0.72,0.27,0.74,0.72,0.5020442
0.16,0.48,0.7,0.22,0.74,0.71,0.5020443
0.17,0.42,0.72,0.21,0.76,0.72,0.5020444
0.18,0.45,0.7,0.26,0.76,0.7,0.5020446
0.16,0.42,0.72,0.22,0.74,0.72,0.5020447
0.17,0.41,0.71,0.21,0.74,0.72,0.5020447
0.17,0.43,0.7,0.24,0.73,0.7,0.5020447
0.18,0.47,0.7,0.26,0.72,0.72,0.5020448
0.16,0.48,0.72,0.23,0.74,0.71,0.5020449
0.17,0.47,0.73,0.28,0.75,0.71,0.502045
0.17,0.48,0.7,0.25,0.75,0.72,0.502045
0.18,0.46,0.72,0.27,0.76,0.72,0.5020451
0.18,0.4,0.7,0.2,0.74,0.72,0.5020453
0.16,0.43,0.71,0.22,0.74,0.7,0.5020454
0.16,0.48,0.73,0.24,0.72,0.7,0.5020454
0.16,0.44,0.71,0.25,0.73,0.7,0.5020458
0.16,0.45,0.73,0.24,0.74,0.71,0.5020458
0.18,0.47,0.72,0.28,0.76,0.72,0.5020458
0.17,0.49,0.72,0.26,0.75,0.72,0.5020459
0.16,0.48,0.71,0.22,0.76,0.72,0.5020461
0.18,0.44,0.72,0.23,0.73,0.72,0.5020462
0.16,0.41,0.71,0.21,0.72,0.7,0.5020463
0.17,0.47,0.73,0.28,0.76,0.72,0.5020465
0.17,0.49,0.73,0.27,0.73,0.71,0.5020465
0.16,0.45,0.71,0.23,0.76,0.7,0.5020466
0.17,0.43,0.7,0.24,0.74,0.71,0.5020467
0.16,0.48,0.73,0.23,0.76,0.72,0.5020468
0.17,0.45,0.73,0.24,0.73,0.72,0.5020468
0.17,0.45,0.73,0.21,0.75,0.72,0.5020469
0.16,0.47,0.75,0.26,0.74,0.72,0.502047
0.17,0.47,0.72,0.28,0.76,0.71,0.5020471
0.16,0.48,0.74,0.29,0.75,0.71,0.5020472
0.18,0.46,0.71,0.24,0.73,0.7,0.5020474
0.17,0.45,0.7,0.24,0.76,0.7,0.5020475
0.16,0.49,0.71,0.24,0.73,0.71,0.5020477
0.17,0.49,0.74,0.27,0.75,0.72,0.5020477
0.16,0.44,0.71,0.25,0.74,0.71,0.5020478
0.17,0.43,0.73,0.2,0.73,0.72,0.5020478
0.16,0.46,0.74,0.25,0.73,0.72,0.5020479
0.18,0.48,0.73,0.26,0.73,0.71,0.502048
0.16,0.4,0.71,0.22,0.76,0.71,0.5020481
0.16,0.48,0.71,0.26,0.73,0.72,0.5020482
0.18,0.46,0.71,0.26,0.72,0.7,0.5020482
0.18,0.43,0.71,0.24,0.75,0.71,0.5020484
0.16,0.48,0.74,0.29,0.76,0.72,0.5020487
0.16,0.46,0.72,0.22,0.73,0.7,0.5020488
0.17,0.43,0.7,0.24,0.75,0.72,0.5020488
0.16,0.49,0.7,0.23,0.75,0.72,0.5020489
0.16,0.49,0.72,0.24,0.75,0.72,0.5020492
0.16,0.49,0.73,0.25,0.73,0.71,0.5020492
0.16,0.48,0.74,0.24,0.73,0.71,0.5020493
0.17,0.47,0.72,0.27,0.72,0.7,0.5020494
0.18,0.47,0.71,0.27,0.75,0.72,0.5020496
0.16,0.43,0.72,0.22,0.75,0.71,0.5020497
0.18,0.5,0.75,0.28,0.73,0.72,0.5020497
0.18,0.46,0.71,0.26,0.73,0.71,0.5020498
0.16,0.44,0.71,0.25,0.75,0.72,0.5020499
0.16,0.45,0.74,0.24,0.75,0.72,0.50205
0.17,0.46,0.74,0.2,0.72,0.72,0.5020503
0.17,0.47,0.71,0.27,0.75,0.71,0.5020505
0.16,0.49,0.74,0.25,0.75,0.72,0.5020506
0.18,0.48,0.74,0.26,0.72,0.72,0.5020507
0.16,0.41,0.7,0.2,0.75,0.7,0.5020508
0.17,0.47,0.72,0.27,0.73,0.71,0.5020509
0.17,0.48,0.74,0.21,0.74,0.72,0.5020511
0.18,0.44,0.72,0.23,0.72,0.71,0.5020513
0.18,0.46,0.72,0.24,0.74,0.71,0.5020513
0.18,0.44,0.7,0.22,0.74,0.7,0.5020514
0.16,0.48,0.73,0.28,0.72,0.7,0.5020515
0.18,0.46,0.71,0.26,0.74,0.72,0.5020515
0.18,0.42,0.7,0.21,0.72,0.7,0.5020517
0.16,0.45,0.7,0.22,0.76,0.7,0.5020518
0.16,0.48,0.73,0.28,0.76,0.72,0.5020518
0.17,0.46,0.71,0.26,0.75,0.7,0.5020518
0.18,0.48,0.74,0.26,0.74,0.72,0.5020518
0.17,0.49,0.75,0.27,0.72,0.72,0.502052
0.16,0.42,0.71,0.21,0.72,0.72,0.5020524
0.16,0.48,0.7,0.25,0.72,0.72,0.5020525
0.16,0.44,0.73,0.21,0.72,0.71,0.5020527
0.17,0.47,0.72,0.27,0.74,0.72,0.5020527
0.16,0.46,0.73,0.22,0.74,0.71,0.5020529
0.16,0.48,0.73,0.28,0.73,0.71,0.5020529
0.17,0.41,0.7,0.2,0.72,0.72,0.5020529
0.16,0.46,0.75,0.23,0.72,0.72,0.5020531
0.18,0.41,0.7,0.22,0.76,0.71,0.5020531
0.16,0.48,0.75,0.24,0.74,0.72,0.5020532
0.16,0.5,0.73,0.26,0.74,0.72,0.5020536
0.18,0.47,0.7,0.26,0.74,0.72,0.5020538
0.16,0.44,0.71,0.2,0.74,0.7,0.5020539
0.16,0.43,0.73,0.22,0.76,0.72,0.5020541
0.18,0.41,0.7,0.23,0.76,0.71,0.5020543
0.16,0.5,0.74,0.27,0.72,0.71,0.5020544
0.17,0.47,0.7,0.26,0.74,0.71,0.5020544
0.16,0.44,0.7,0.24,0.72,0.71,0.5020545
0.16,0.48,0.73,0.28,0.74,0.72,0.5020545
0.17,0.42,0.71,0.24,0.76,0.71,0.5020547
0.17,0.44,0.71,0.25,0.74,0.7,0.5020547
0.16,0.46,0.71,0.24,0.75,0.7,0.5020549
0.18,0.46,0.73,0.24,0.75,0.72,0.5020552
0.16,0.41,0.71,0.2,0.76,0.71,0.5020554
0.16,0.48,0.72,0.27,0.75,0.72,0.5020554
0.18,0.44,0.71,0.22,0.75,0.71,0.5020554
0.16,0.5,0.75,0.27,0.74,0.72,0.5020555
0.16,0.47,0.7,0.26,0.74,0.7,0.5020557
0.18,0.49,0.73,0.2,0.73,0.72,0.5020558
0.16,0.43,0.72,0.25,0.76,0.71,0.502056
0.18,0.42,0.71,0.21,0.73,0.71,0.5020562
0.16,0.44,0.7,0.24,0.73,0.72,0.5020566
0.17,0.48,0.7,0.25,0.76,0.72,0.5020566
0.16,0.46,0.74,0.22,0.75,0.72,0.5020569
0.17,0.47,0.72,0.28,0.74,0.7,0.5020571
0.16,0.44,0.74,0.21,0.73,0.72,0.5020572
0.18,0.5,0.72,0.21,0.72,0.72,0.5020573
0.18,0.5,0.7,0.2,0.72,0.72,0.5020574
0.16,0.47,0.7,0.25,0.74,0.7,0.5020576
0.17,0.47,0.72,0.25,0.73,0.7,0.5020577
0.16,0.41,0.72,0.21,0.73,0.71,0.5020581
0.16,0.44,0.72,0.2,0.75,0.71,0.5020581
0.18,0.5,0.74,0.22,0.72,0.72,0.5020582
0.18,0.47,0.74,0.23,0.72,0.72,0.5020584
0.17,0.4,0.71,0.2,0.73,0.71,0.5020585
0.18,0.45,0.72,0.21,0.72,0.71,0.5020585
0.17,0.42,0.7,0.23,0.75,0.7,0.5020586
0.18,0.46,0.7,0.25,0.72,0.72,0.5020587
0.17,0.44,0.72,0.25,0.75,0.71,0.5020588
0.17,0.44,0.7,0.27,0.76,0.7,0.5020589
0.18,0.45,0.72,0.26,0.76,0.72,0.5020589
0.16,0.47,0.71,0.25,0.76,0.71,0.5020592
0.18,0.47,0.72,0.22,0.74,0.71,0.5020592
0.16,0.47,0.72,0.26,0.74,0.7,0.5020593
0.16,0.48,0.71,0.26,0.74,0.72,0.5020594
0.17,0.42,0.7,0.23,0.73,0.7,0.5020595
0.18,0.44,0.72,0.22,0.76,0.72,0.5020595
0.17,0.47,0.71,0.26,0.72,0.72,0.5020597
0.17,0.46,0.73,0.27,0.76,0.72,0.50206
0.16,0.41,0.72,0.21,0.74,0.72,0.5020603
0.16,0.43,0.71,0.24,0.73,0.7,0.5020603
0.16,0.47,0.75,0.21,0.72,0.72,0.5020603
0.17,0.4,0.71,0.2,0.74,0.72,0.5020607
0.18,0.42,0.72,0.21,0.74,0.72,0.5020607
0.16,0.45,0.71,0.28,0.76,0.7,0.5020608
0.16,0.47,0.73,0.26,0.76,0.71,0.5020608
0.18,0.45,0.7,0.2,0.74,0.7,0.5020609
0.18,0.47,0.71,0.27,0.76,0.72,0.5020609
0.16,0.49,0.75,0.22,0.74,0.72,0.5020611
0.16,0.48,0.72,0.27,0.72,0.72,0.5020612
0.17,0.44,0.73,0.23,0.73,0.72,0.5020613
0.18,0.43,0.72,0.22,0.73,0.72,0.5020613
0.17,0.42,0.7,0.23,0.74,0.71,0.5020615
0.17,0.43,0.71,0.22,0.72,0.7,0.5020615
0.17,0.47,0.73,0.25,0.74,0.71,0.5020615
0.18,0.42,0.7,0.2,0.76,0.71,0.5020615
0.17,0.45,0.71,0.23,0.74,0.7,0.5020616
0.16,0.47,0.74,0.28,0.76,0.72,0.5020617
0.17,0.45,0.73,0.24,0.72,0.71,0.5020617
0.16,0.45,0.74,0.24,0.73,0.72,0.502062
0.17,0.47,0.71,0.27,0.76,0.71,0.5020621
0.16,0.44,0.73,0.2,0.76,0.72,0.5020622
0.16,0.43,0.71,0.24,0.74,0.71,0.5020623
0.16,0.47,0.73,0.2,0.74,0.71,0.5020623
0.18,0.45,0.71,0.25,0.72,0.7,0.5020623
0.17,0.49,0.75,0.27,0.74,0.72,0.5020625
0.18,0.45,0.73,0.21,0.73,0.72,0.5020626
0.18,0.47,0.71,0.21,0.72,0.7,0.5020627
0.17,0.42,0.71,0.23,0.76,0.71,0.5020628
0.18,0.47,0.73,0.22,0.75,0.72,0.5020629
0.17,0.5,0.74,0.2,0.72,0.72,0.5020632
0.17,0.46,0.72,0.26,0.72,0.7,0.5020633
0.17,0.42,0.7,0.23,0.75,0.72,0.5020635
0.16,0.48,0.7,0.25,0.73,0.72,0.5020636
0.16,0.48,0.72,0.27,0.75,0.71,0.5020636
0.18,0.45,0.71,0.25,0.73,0.71,0.5020639
0.18,0.47,0.7,0.2,0.74,0.71,0.502064
0.16,0.43,0.71,0.24,0.75,0.72,0.5020643
0.18,0.47,0.74,0.25,0.72,0.72,0.5020644
0.17,0.46,0.7,0.27,0.73,0.7,0.5020647
0.16,0.48,0.73,0.28,0.73,0.7,0.5020648
0.17,0.46,0.72,0.26,0.73,0.71,0.5020648
0.18,0.45,0.71,0.2,0.75,0.71,0.5020648
0.16,0.47,0.73,0.27,0.72,0.7,0.5020649
0.18,0.47,0.7,0.26,0.75,0.72,0.502065
0.17,0.47,0.74,0.25,0.75,0.72,0.5020653
0.17,0.45,0.72,0.23,0.75,0.71,0.5020655
0.16,0.45,0.72,0.26,0.74,0.7,0.5020656
0.17,0.48,0.75,0.26,0.72,0.72,0.5020656
0.18,0.45,0.71,0.25,0.74,0.72,0.5020657
0.17,0.43,0.72,0.22,0.73,0.71,0.5020658
0.17,0.47,0.7,0.26,0.75,0.71,0.5020659
0.18,0.47,0.71,0.2,0.76,0.72,0.5020659
0.18,0.48,0.71,0.22,0.73,0.71,0.5020659
0.16,0.47,0.74,0.2,0.75,0.72,0.5020662
0.16,0.47,0.73,0.27,0.73,0.71,0.5020664
0.17,0.43,0.7,0.21,0.75,0.7,0.5020664
0.18,0.48,0.74,0.21,0.72,0.72,0.5020664
0.16,0.45,0.7,0.27,0.74,0.7,0.5020665
0.17,0.46,0.72,0.26,0.74,0.72,0.5020665
0.16,0.48,0.72,0.27,0.76,0.72,0.5020667
0.17,0.41,0.7,0.2,0.73,0.7,0.502067
0.18,0.48,0.7,0.21,0.75,0.72,0.5020672
0.18,0.48,0.72,0.22,0.75,0.72,0.5020675
0.16,0.47,0.73,0.27,0.74,0.72,0.502068
0.16,0.45,0.7,0.27,0.75,0.71,0.5020684
0.18,0.49,0.7,0.23,0.72,0.71,0.5020684
0.16,0.41,0.71,0.2,0.72,0.72,0.5020686
0.17,0.46,0.73,0.22,0.72,0.71,0.5020686
0.18,0.45,0.72,0.2,0.76,0.72,0.5020687
0.17,0.48,0.75,0.24,0.72,0.72,0.5020689
0.16,0.43,0.7,0.23,0.72,0.71,0.5020692
0.16,0.43,0.71,0.24,0.75,0.7,0.5020693
0.17,0.45,0.73,0.23,0.76,0.72,0.5020693
0.17,0.44,0.71,0.2,0.72,0.7,0.5020694
0.18,0.49,0.72,0.24,0.72,0.71,0.5020695
0.16,0.45,0.73,0.26,0.75,0.71,0.5020697
0.16,0.47,0.71,0.27,0.73,0.71,0.5020697
0.18,0.49,0.71,0.23,0.74,0.72,0.5020697
0.17,0.43,0.73,0.22,0.74,0.72,0.50207
0.16,0.45,0.7,0.27,0.76,0.72,0.5020702
0.17,0.43,0.71,0.21,0.76,0.71,0.5020704
0.18,0.49,0.73,0.24,0.74,0.72,0.5020705
0.16,0.48,0.71,0.26,0.75,0.72,0.5020706
0.18,0.46,0.71,0.26,0.74,0.7,0.5020707
0.17,0.48,0.71,0.2,0.73,0.71,0.5020711
0.16,0.43,0.7,0.23,0.73,0.72,0.5020714
0.18,0.48,0.73,0.28,0.74,0.71,0.5020715
0.17,0.41,0.71,0.2,0.74,0.71,0.5020716
0.17,0.48,0.73,0.21,0.73,0.71,0.5020716
0.16,0.44,0.72,0.23,0.72,0.7,0.502072
0.16,0.46,0.72,0.24,0.74,0.7,0.502072
0.16,0.48,0.74,0.26,0.74,0.71,0.5020724
0.17,0.46,0.74,0.22,0.73,0.72,0.5020724
0.16,0.46,0.74,0.25,0.72,0.71,0.5020725
0.17,0.48,0.74,0.23,0.75,0.72,0.5020726
0.17,0.46,0.71,0.28,0.75,0.7,0.5020727
0.17,0.48,0.72,0.2,0.75,0.72,0.5020728
0.18,0.45,0.7,0.24,0.72,0.72,0.5020729
0.17,0.49,0.7,0.21,0.72,0.71,0.502073
0.17,0.43,0.7,0.26,0.76,0.7,0.5020731
0.18,0.44,0.72,0.25,0.76,0.72,0.5020731
0.17,0.49,0.72,0.22,0.72,0.71,0.5020733
0.16,0.43,0.72,0.24,0.76,0.71,0.5020734
0.17,0.47,0.7,0.26,0.72,0.72,0.5020734
0.18,0.5,0.72,0.25,0.73,0.72,0.5020734
0.17,0.44,0.72,0.2,0.73,0.71,0.5020735
0.17,0.46,0.71,0.25,0.72,0.72,0.5020736
0.16,0.41,0.7,0.22,0.76,0.7,0.5020738
0.16,0.47,0.7,0.26,0.72,0.71,0.5020739
0.17,0.45,0.73,0.26,0.76,0.72,0.502074
0.17,0.46,0.72,0.21,0.75,0.71,0.5020741
0.18,0.46,0.72,0.26,0.75,0.71,0.5020743
0.16,0.44,0.71,0.27,0.76,0.7,0.5020744
0.17,0.49,0.71,0.21,0.74,0.72,0.5020745
0.17,0.49,0.73,0.22,0.74,0.72,0.5020746
0.18,0.44,0.7,0.24,0.75,0.7,0.5020746
0.17,0.41,0.7,0.22,0.73,0.7,0.5020747
0.16,0.47,0.72,0.26,0.72,0.72,0.5020748
0.18,0.5,0.74,0.26,0.73,0.72,0.5020749
0.16,0.48,0.7,0.25,0.74,0.72,0.502075
0.16,0.42,0.71,0.23,0.73,0.7,0.5020751
0.16,0.46,0.74,0.27,0.76,0.72,0.5020753
0.18,0.46,0.7,0.23,0.74,0.7,0.5020756
0.16,0.46,0.73,0.24,0.75,0.71,0.5020759
0.16,0.44,0.73,0.23,0.73,0.71,0.502076
0.16,0.48,0.75,0.26,0.75,0.72,0.502076
0.17,0.41,0.72,0.2,0.75,0.72,0.502076
0.17,0.46,0.7,0.27,0.74,0.7,0.5020761
0.16,0.44,0.71,0.22,0.75,0.7,0.5020763
0.18,0.47,0.7,0.26,0.76,0.72,0.5020763
0.16,0.4,0.72,0.2,0.74,0.72,0.5020764
0.17,0.43,0.73,0.22,0.73,0.72,0.5020765
0.17,0.49,0.75,0.22,0.72,0.72,0.5020765
0.16,0.42,0.71,0.21,0.73,0.7,0.5020766
0.16,0.44,0.74,0.23,0.73,0.72,0.5020766
0.17,0.41,0.7,0.22,0.74,0.71,0.5020767
0.18,0.48,0.74,0.28,0.75,0.72,0.5020769
0.16,0.42,0.71,0.23,0.74,0.71,0.502077
0.16,0.47,0.72,0.28,0.75,0.71,0.502077
0.17,0.5,0.72,0.23,0.73,0.72,0.502077
0.18,0.42,0.72,0.21,0.73,0.72,0.502077
0.17,0.5,0.7,0.22,0.73,0.72,0.5020772
0.18,0.46,0.71,0.23,0.76,0.71,0.5020772
0.17,0.47,0.73,0.2,0.72,0.71,0.5020774
0.18,0.45,0.71,0.23,0.72,0.7,0.5020774
0.18,0.47,0.73,0.25,0.72,0.71,0.5020775
0.17,0.44,0.73,0.2,0.74,0.72,0.5020777
0.17,0.46,0.73,0.21,0.76,0.72,0.5020777
0.18,0.46,0.73,0.26,0.76,0.72,0.502078
0.17,0.5,0.74,0.24,0.73,0.72,0.5020781
0.18,0.44,0.71,0.24,0.73,0.71,0.5020784
0.18,0.44,0.71,0.24,0.76,0.71,0.5020784
0.16,0.49,0.72,0.2,0.72,0.71,0.5020787
0.17,0.41,0.7,0.22,0.75,0.72,0.5020788
0.16,0.42,0.71,0.23,0.75,0.72,0.502079
0.16,0.47,0.74,0.23,0.72,0.71,0.502079
0.17,0.45,0.72,0.25,0.73,0.71,0.502079
0.18,0.47,0.7,0.24,0.75,0.71,0.5020791
0.18,0.47,0.71,0.25,0.73,0.7,0.5020792
0.16,0.49,0.74,0.21,0.72,0.71,0.5020793
0.16,0.45,0.72,0.21,0.72,0.7,0.5020794
0.16,0.46,0.74,0.24,0.76,0.72,0.5020796
0.17,0.47,0.71,0.27,0.74,0.72,0.5020797
0.16,0.44,0.74,0.23,0.74,0.72,0.50208
0.18,0.44,0.71,0.24,0.74,0.72,0.5020801
0.16,0.44,0.72,0.22,0.76,0.71,0.5020802
0.16,0.46,0.73,0.26,0.73,0.71,0.5020802
0.16,0.49,0.73,0.2,0.74,0.72,0.5020802
0.17,0.46,0.7,0.21,0.74,0.7,0.5020802
0.18,0.47,0.72,0.25,0.75,0.71,0.5020804
0.17,0.45,0.72,0.25,0.74,0.72,0.5020806
0.16,0.44,0.7,0.26,0.74,0.7,0.5020807
0.16,0.42,0.72,0.21,0.74,0.71,0.5020809
0.16,0.47,0.71,0.27,0.74,0.71,0.5020809
0.17,0.47,0.74,0.2,0.73,0.72,0.502081
0.18,0.47,0.74,0.25,0.73,0.72,0.5020811
0.18,0.45,0.72,0.23,0.73,0.71,0.5020812
0.16,0.46,0.73,0.26,0.74,0.72,0.5020818
0.17,0.46,0.71,0.21,0.76,0.71,0.5020819
0.16,0.5,0.72,0.21,0.73,0.72,0.502082
0.16,0.48,0.71,0.26,0.76,0.72,0.5020821
0.16,0.42,0.7,0.2,0.76,0.7,0.5020822
0.16,0.5,0.74,0.22,0.73,0.72,0.5020822
0.18,0.43,0.7,0.21,0.73,0.7,0.5020822
0.18,0.46,0.7,0.27,0.73,0.7,0.5020823
0.16,0.44,0.7,0.26,0.75,0.71,0.5020825
0.18,0.48,0.73,0.27,0.72,0.71,0.5020826
0.16,0.47,0.75,0.23,0.73,0.72,0.5020827
0.17,0.47,0.71,0.23,0.73,0.7,0.5020827
0.18,0.45,0.7,0.22,0.75,0.7,0.5020827
0.18,0.46,0.71,0.28,0.76,0.71,0.5020827
0.16,0.5,0.7,0.2,0.73,0.72,0.5020828
0.18,0.48,0.7,0.25,0.76,0.72,0.502083
0.18,0.48,0.71,0.26,0.74,0.71,0.502083
0.16,0.45,0.73,0.21,0.73,0.71,0.5020833
0.17,0.47,0.7,0.22,0.75,0.71,0.5020836
0.16,0.47,0.73,0.22,0.75,0.71,0.5020838
0.17,0.49,0.74,0.28,0.72,0.71,0.5020838
0.18,0.46,0.7,0.27,0.74,0.71,0.5020838
0.18,0.48,0.73,0.27,0.73,0.72,0.5020838
0.17,0.47,0.72,0.23,0.75,0.71,0.502084
0.18,0.48,0.72,0.26,0.76,0.72,0.502084
0.18,0.48,0.72,0.27,0.72,0.7,0.5020841
0.16,0.44,0.7,0.26,0.76,0.72,0.5020843
0.17,0.47,0.7,0.26,0.73,0.72,0.5020843
0.16,0.42,0.7,0.22,0.72,0.71,0.5020845
0.17,0.45,0.71,0.25,0.75,0.7,0.5020847
0.18,0.4,0.7,0.21,0.75,0.71,0.5020847
0.17,0.47,0.73,0.27,0.75,0.71,0.5020848
0.18,0.48,0.73,0.23,0.72,0.71,0.5020848
0.18,0.5,0.75,0.25,0.72,0.72,0.5020848
0.18,0.45,0.73,0.23,0.74,0.72,0.5020849
0.18,0.47,0.73,0.24,0.76,0.72,0.502085
0.17,0.49,0.74,0.28,0.73,0.72,0.5020851
0.16,0.47,0.7,0.26,0.73,0.71,0.5020852
0.16,0.42,0.73,0.21,0.75,0.72,0.5020853
0.17,0.48,0.7,0.24,0.72,0.7,0.5020855
0.18,0.46,0.71,0.21,0.72,0.7,0.5020857
0.17,0.49,0.75,0.29,0.75,0.72,0.5020858
0.16,0.45,0.71,0.2,0.75,0.7,0.5020859
0.18,0.43,0.71,0.21,0.74,0.71,0.5020862
0.18,0.45,0.71,0.22,0.76,0.71,0.5020863
0.17,0.48,0.71,0.24,0.74,0.71,0.5020864
0.18,0.46,0.7,0.27,0.75,0.71,0.5020865
0.16,0.42,0.7,0.22,0.73,0.72,0.5020866
0.16,0.48,0.7,0.25,0.75,0.72,0.5020866
0.17,0.47,0.72,0.28,0.76,0.72,0.5020867
0.17,0.48,0.72,0.25,0.72,0.7,0.5020868
0.16,0.45,0.74,0.21,0.74,0.72,0.5020871
0.17,0.48,0.7,0.23,0.76,0.72,0.5020872
0.16,0.47,0.74,0.22,0.76,0.72,0.5020873
0.16,0.48,0.74,0.21,0.72,0.71,0.5020873
0.17,0.48,0.72,0.24,0.76,0.72,0.5020874
0.16,0.47,0.71,0.21,0.73,0.7,0.5020875
0.17,0.48,0.73,0.25,0.74,0.71,0.5020875
0.17,0.42,0.7,0.25,0.76,0.7,0.5020876
0.17,0.46,0.7,0.27,0.75,0.7,0.5020877
0.17,0.46,0.72,0.24,0.72,0.7,0.5020877
0.18,0.43,0.72,0.24,0.76,0.72,0.5020877
0.18,0.44,0.7,0.23,0.72,0.72,0.5020877
0.17,0.45,0.71,0.24,0.72,0.72,0.502088
0.17,0.48,0.74,0.26,0.72,0.71,0.5020881
0.17,0.44,0.73,0.25,0.76,0.72,0.5020882
0.18,0.48,0.74,0.23,0.73,0.72,0.5020882
0.16,0.47,0.72,0.28,0.76,0.71,0.5020883
0.17,0.45,0.72,0.25,0.76,0.71,0.5020884
0.17,0.47,0.74,0.27,0.76,0.72,0.5020884
0.16,0.46,0.72,0.25,0.72,0.72,0.5020888
0.18,0.41,0.71,0.2,0.72,0.71,0.5020889
0.16,0.47,0.7,0.2,0.75,0.71,0.502089
0.16,0.47,0.72,0.21,0.75,0.71,0.502089
0.18,0.4,0.71,0.21,0.76,0.72,0.502089
0.17,0.43,0.7,0.23,0.76,0.7,0.5020892
0.18,0.46,0.72,0.21,0.73,0.71,0.5020892
0.16,0.45,0.74,0.26,0.76,0.72,0.5020893
0.16,0.43,0.74,0.2,0.72,0.72,0.5020894
0.16,0.45,0.72,0.2,0.76,0.71,0.5020895
0.16,0.48,0.7,0.22,0.72,0.7,0.5020897
0.17,0.41,0.7,0.22,0.74,0.7,0.5020898
0.16,0.48,0.72,0.23,0.72,0.7,0.5020903
0.18,0.43,0.72,0.21,0.75,0.72,0.5020903
0.17,0.49,0.71,0.25,0.75,0.72,0.5020904
0.17,0.49,0.72,0.26,0.73,0.71,0.5020905
0.16,0.48,0.75,0.21,0.73,0.72,0.5020908
0.17,0.47,0.71,0.27,0.75,0.72,0.5020908
0.16,0.48,0.71,0.22,0.74,0.71,0.5020909
0.18,0.45,0.71,0.27,0.76,0.71,0.5020911
0.16,0.48,0.73,0.23,0.74,0.71,0.5020912
0.17,0.49,0.73,0.26,0.75,0.72,0.5020912
0.17,0.46,0.73,0.24,0.73,0.71,0.5020913
0.17,0.48,0.75,0.26,0.73,0.72,0.5020915
0.16,0.48,0.72,0.22,0.76,0.72,0.5020921
0.17,0.44,0.71,0.22,0.73,0.7,0.5020921
0.17,0.49,0.74,0.27,0.73,0.71,0.5020922
0.16,0.47,0.71,0.27,0.75,0.71,0.5020923
0.16,0.41,0.71,0.22,0.74,0.71,0.5020924
0.17,0.46,0.72,0.28,0.76,0.71,0.5020924
0.16,0.48,0.7,0.21,0.76,0.72,0.5020925
0.16,0.48,0.74,0.23,0.76,0.72,0.5020926
0.17,0.4,0.7,0.21,0.74,0.71,0.5020927
0.18,0.46,0.73,0.21,0.74,0.72,0.5020928
0.18,0.43,0.71,0.23,0.73,0.71,0.5020933
0.18,0.41,0.72,0.2,0.73,0.72,0.5020934
0.16,0.43,0.71,0.26,0.76,0.7,0.5020936
0.17,0.44,0.72,0.24,0.73,0.71,0.5020936
0.16,0.49,0.7,0.23,0.73,0.71,0.5020937
0.18,0.46,0.7,0.27,0.75,0.7,0.5020938
0.17,0.41,0.71,0.22,0.75,0.71,0.5020939
0.16,0.49,0.72,0.24,0.73,0.71,0.502094
0.16,0.47,0.73,0.29,0.76,0.71,0.5020942
0.16,0.41,0.71,0.22,0.75,0.72,0.5020943
0.16,0.45,0.73,0.25,0.73,0.71,0.5020944
0.18,0.44,0.73,0.2,0.72,0.72,0.5020944
0.16,0.49,0.71,0.23,0.75,0.72,0.5020946
0.17,0.4,0.7,0.21,0.75,0.72,0.5020947
0.17,0.48,0.74,0.25,0.76,0.72,0.5020948
0.18,0.46,0.71,0.28,0.75,0.7,0.5020948
0.16,0.49,0.73,0.24,0.75,0.72,0.5020949
0.17,0.46,0.74,0.24,0.74,0.72,0.502095
0.17,0.49,0.74,0.24,0.72,0.71,0.502095
0.18,0.43,0.71,0.23,0.74,0.72,0.502095
0.17,0.44,0.72,0.24,0.74,0.72,0.5020952
0.16,0.43,0.7,0.25,0.74,0.7,0.5020953
0.16,0.49,0.74,0.25,0.73,0.71,0.5020953
0.17,0.47,0.7,0.26,0.74,0.72,0.5020953
0.16,0.46,0.72,0.26,0.75,0.7,0.5020955
0.17,0.47,0.72,0.22,0.72,0.7,0.5020956
0.17,0.44,0.72,0.22,0.74,0.71,0.5020958
0.16,0.45,0.73,0.25,0.74,0.72,0.5020959
0.16,0.48,0.74,0.28,0.75,0.71,0.5020959
0.17,0.46,0.72,0.23,0.76,0.71,0.5020959
0.16,0.49,0.75,0.25,0.75,0.72,0.5020961
0.16,0.47,0.7,0.26,0.74,0.71,0.5020964
0.18,0.47,0.73,0.26,0.72,0.71,0.5020964
0.18,0.45,0.7,0.26,0.73,0.7,0.5020965
0.17,0.46,0.7,0.25,0.75,0.7,0.5020966
0.16,0.43,0.7,0.25,0.75,0.71,0.502097
0.17,0.46,0.71,0.27,0.73,0.7,0.5020973
0.18,0.49,0.74,0.21,0.73,0.72,0.5020973
0.17,0.48,0.74,0.27,0.72,0.71,0.5020974
0.18,0.47,0.73,0.26,0.73,0.72,0.5020976
0.17,0.42,0.72,0.21,0.72,0.71,0.5020977
0.16,0.5,0.72,0.25,0.74,0.72,0.5020979
0.17,0.42,0.7,0.2,0.74,0.7,0.5020979
0.18,0.46,0.7,0.27,0.76,0.71,0.5020979
0.17,0.44,0.7,0.21,0.76,0.7,0.502098
0.18,0.44,0.7,0.26,0.76,0.7,0.502098
0.18,0.45,0.7,0.26,0.74,0.71,0.502098
0.17,0.41,0.72,0.22,0.76,0.72,0.5020981
0.16,0.48,0.7,0.25,0.76,0.72,0.5020982
0.16,0.5,0.73,0.26,0.72,0.71,0.5020983
0.17,0.49,0.75,0.24,0.73,0.72,0.5020983
0.16,0.47,0.73,0.25,0.72,0.7,0.5020984
0.17,0.48,0.74,0.27,0.73,0.72,0.5020985
0.16,0.43,0.7,0.25,0.76,0.72,0.5020988
0.17,0.46,0.71,0.27,0.74,0.71,0.5020988
0.16,0.49,0.75,0.28,0.72,0.71,0.5020989
0.16,0.5,0.74,0.26,0.74,0.72,0.5020989
0.17,0.47,0.73,0.22,0.73,0.71,0.5020989
0.16,0.46,0.73,0.26,0.76,0.71,0.502099
0.16,0.47,0.72,0.28,0.73,0.7,0.502099
0.16,0.49,0.75,0.27,0.72,0.71,0.502099
0.16,0.48,0.75,0.28,0.76,0.72,0.5020991
0.16,0.44,0.71,0.24,0.76,0.7,0.5020995
0.17,0.44,0.73,0.22,0.75,0.72,0.5020996
0.18,0.45,0.7,0.26,0.75,0.72,0.5020996
0.16,0.42,0.71,0.23,0.74,0.7,0.5021001
0.16,0.49,0.75,0.28,0.73,0.72,0.5021001
0.16,0.5,0.75,0.27,0.72,0.71,0.5021001
0.16,0.47,0.72,0.28,0.74,0.71,0.5021003
0.17,0.46,0.71,0.27,0.75,0.72,0.5021003
0.17,0.47,0.7,0.26,0.76,0.71,0.5021004
0.16,0.41,0.7,0.21,0.72,0.71,0.5021005
0.18,0.45,0.71,0.25,0.73,0.7,0.5021006
0.16,0.46,0.7,0.23,0.75,0.7,0.5021008
0.17,0.47,0.71,0.27,0.74,0.7,0.5021009
0.17,0.45,0.71,0.2,0.73,0.7,0.502101
0.17,0.47,0.72,0.27,0.76,0.71,0.5021018
0.16,0.47,0.74,0.25,0.73,0.71,0.5021019
0.17,0.42,0.71,0.2,0.75,0.71,0.5021019
0.17,0.42,0.73,0.21,0.73,0.72,0.5021019
0.17,0.47,0.71,0.27,0.76,0.72,0.5021019
0.16,0.45,0.72,0.23,0.73,0.7,0.5021023
0.17,0.47,0.74,0.22,0.74,0.72,0.5021024
0.16,0.41,0.7,0.21,0.73,0.72,0.5021026
0.17,0.44,0.71,0.23,0.72,0.72,0.5021027
0.18,0.43,0.7,0.22,0.72,0.72,0.5021031
0.17,0.45,0.74,0.21,0.72,0.72,0.5021032
0.16,0.45,0.72,0.24,0.72,0.72,0.5021033
0.16,0.47,0.71,0.27,0.76,0.71,0.5021036
0.18,0.5,0.71,0.2,0.72,0.72,0.5021038
0.18,0.5,0.73,0.21,0.72,0.72,0.5021038
0.16,0.42,0.72,0.23,0.75,0.71,0.502104
0.18,0.45,0.72,0.25,0.74,0.71,0.5021041
0.16,0.47,0.71,0.25,0.74,0.7,0.5021042
0.16,0.47,0.7,0.24,0.76,0.71,0.5021044
0.17,0.45,0.72,0.2,0.74,0.71,0.5021046
0.16,0.47,0.72,0.25,0.76,0.71,0.5021052
0.18,0.43,0.7,0.23,0.74,0.7,0.5021052
0.16,0.47,0.75,0.25,0.74,0.72,0.5021053
0.18,0.44,0.71,0.26,0.76,0.71,0.5021053
0.16,0.4,0.7,0.21,0.75,0.7,0.5021055
0.16,0.45,0.73,0.23,0.74,0.71,0.5021059
0.17,0.42,0.72,0.2,0.76,0.72,0.5021059
0.17,0.45,0.72,0.27,0.76,0.71,0.5021062
0.17,0.46,0.7,0.26,0.72,0.71,0.5021062
0.17,0.47,0.7,0.26,0.75,0.72,0.5021063
0.18,0.5,0.75,0.27,0.73,0.72,0.5021069
0.18,0.48,0.73,0.25,0.73,0.71,0.5021071
0.16,0.43,0.73,0.22,0.72,0.71,0.5021072
0.16,0.46,0.7,0.27,0.73,0.7,0.5021072
0.16,0.43,0.71,0.21,0.74,0.7,0.5021073
0.16,0.47,0.71,0.27,0.72,0.71,0.5021074
0.16,0.46,0.73,0.28,0.76,0.71,0.5021075
0.18,0.45,0.73,0.25,0.75,0.72,0.5021076
0.16,0.45,0.71,0.22,0.76,0.7,0.5021077
0.17,0.46,0.7,0.26,0.73,0.72,0.5021078
0.16,0.47,0.7,0.26,0.75,0.71,0.5021079
0.18,0.5,0.74,0.28,0.72,0.72,0.5021079
0.16,0.42,0.73,0.23,0.76,0.72,0.502108
0.16,0.48,0.71,0.26,0.75,0.71,0.502108
0.18,0.46,0.71,0.23,0.73,0.7,0.502108
0.17,0.45,0.73,0.2,0.75,0.72,0.5021081
0.16,0.4,0.71,0.21,0.74,0.71,0.5021083
0.17,0.45,0.71,0.27,0.76,0.7,0.5021085
0.16,0.48,0.72,0.27,0.73,0.7,0.5021086
0.17,0.43,0.72,0.23,0.73,0.71,0.5021086
0.18,0.42,0.71,0.22,0.73,0.71,0.5021088
0.18,0.43,0.71,0.23,0.75,0.71,0.5021088
0.16,0.44,0.73,0.24,0.73,0.71,0.502109
0.16,0.48,0.74,0.23,0.73,0.71,0.502109
0.16,0.41,0.71,0.2,0.72,0.7,0.5021092
0.16,0.48,0.73,0.27,0.75,0.71,0.5021092
0.16,0.45,0.74,0.23,0.75,0.72,0.5021094
0.16,0.4,0.71,0.21,0.76,0.71,0.5021097
0.17,0.5,0.75,0.2,0.72,0.72,0.5021098
0.18,0.47,0.7,0.2,0.72,0.7,0.5021099
0.17,0.43,0.72,0.23,0.74,0.72,0.5021101
0.16,0.42,0.7,0.24,0.74,0.7,0.5021102
0.18,0.48,0.74,0.25,0.74,0.72,0.5021102
0.16,0.4,0.71,0.21,0.75,0.72,0.5021103
0.18,0.42,0.71,0.22,0.74,0.72,0.5021104
0.16,0.44,0.73,0.24,0.74,0.72,0.5021105
0.16,0.46,0.72,0.21,0.73,0.7,0.5021106
0.16,0.47,0.71,0.27,0.73,0.72,0.5021107
0.17,0.46,0.72,0.26,0.73,0.7,0.5021109
0.16,0.43,0.72,0.21,0.75,0.71,0.502111
0.18,0.44,0.7,0.25,0.73,0.7,0.5021111
0.18,0.47,0.71,0.2,0.74,0.71,0.5021111
0.16,0.43,0.74,0.22,0.73,0.72,0.5021112
0.18,0.46,0.74,0.24,0.72,0.72,0.5021112
0.18,0.46,0.72,0.23,0.74,0.71,0.5021113
0.17,0.45,0.71,0.26,0.73,0.7,0.5021116
0.18,0.46,0.73,0.25,0.73,0.72,0.5021117
0.16,0.42,0.7,0.24,0.75,0.71,0.5021119
0.17,0.48,0.74,0.2,0.74,0.72,0.5021121
0.18,0.44,0.72,0.22,0.72,0.71,0.5021121
0.16,0.48,0.75,0.23,0.74,0.72,0.5021122
0.18,0.47,0.72,0.2,0.76,0.72,0.5021123
0.17,0.47,0.74,0.26,0.73,0.72,0.5021124
0.18,0.43,0.72,0.23,0.76,0.72,0.5021124
0.18,0.48,0.7,0.21,0.73,0.71,0.5021125
0.18,0.48,0.72,0.22,0.73,0.71,0.5021125
0.18,0.44,0.7,0.25,0.74,0.71,0.5021126
0.16,0.46,0.72,0.27,0.73,0.7,0.5021128
0.16,0.46,0.75,0.22,0.72,0.72,0.502113
0.17,0.45,0.71,0.26,0.74,0.71,0.502113
0.16,0.41,0.72,0.2,0.73,0.71,0.5021134
0.18,0.44,0.7,0.21,0.74,0.7,0.5021134
0.18,0.48,0.71,0.21,0.75,0.72,0.5021135
0.18,0.48,0.73,0.22,0.75,0.72,0.5021135
0.16,0.42,0.7,0.24,0.76,0.72,0.5021136
0.16,0.48,0.75,0.27,0.73,0.72,0.5021137
0.16,0.46,0.73,0.21,0.74,0.71,0.502114
0.18,0.44,0.7,0.25,0.75,0.72,0.5021141
0.16,0.46,0.72,0.27,0.74,0.71,0.5021142
0.17,0.46,0.73,0.26,0.74,0.71,0.5021143
0.16,0.46,0.71,0.28,0.75,0.7,0.5021144
0.17,0.45,0.71,0.26,0.75,0.72,0.5021145
0.18,0.42,0.7,0.2,0.72,0.7,0.5021146
0.18,0.46,0.73,0.23,0.75,0.72,0.5021146
0.16,0.44,0.73,0.2,0.72,0.71,0.5021147
0.16,0.43,0.73,0.21,0.76,0.72,0.5021148
0.16,0.49,0.75,0.29,0.76,0.72,0.5021148
0.18,0.41,0.7,0.21,0.76,0.71,0.5021148
0.18,0.49,0.71,0.23,0.72,0.71,0.5021148
0.17,0.44,0.71,0.24,0.74,0.7,0.5021151
0.16,0.47,0.7,0.26,0.72,0.72,0.5021154
0.18,0.49,0.72,0.23,0.74,0.72,0.5021154
0.18,0.49,0.7,0.22,0.74,0.72,0.5021155
0.16,0.46,0.72,0.27,0.75,0.72,0.5021157
0.18,0.44,0.73,0.22,0.73,0.72,0.5021158
0.18,0.49,0.73,0.24,0.72,0.71,0.5021158
0.18,0.5,0.75,0.28,0.72,0.72,0.5021158
0.18,0.49,0.74,0.24,0.74,0.72,0.5021162
0.18,0.44,0.71,0.21,0.75,0.71,0.5021168
0.17,0.46,0.7,0.27,0.74,0.71,0.5021169
0.16,0.4,0.7,0.2,0.72,0.71,0.5021171
0.16,0.47,0.72,0.28,0.75,0.72,0.5021172
0.16,0.46,0.74,0.21,0.75,0.72,0.5021174
0.16,0.41,0.73,0.2,0.74,0.72,0.5021175
0.17,0.47,0.7,0.26,0.76,0.72,0.5021176
0.17,0.46,0.74,0.26,0.75,0.72,0.5021177
0.17,0.47,0.72,0.24,0.73,0.7,0.5021178
0.16,0.44,0.72,0.23,0.72,0.72,0.5021182
0.17,0.43,0.71,0.22,0.72,0.72,0.5021182
0.17,0.48,0.72,0.2,0.73,0.71,0.5021182
0.18,0.5,0.71,0.24,0.73,0.72,0.5021182
0.18,0.47,0.74,0.22,0.72,0.72,0.5021183
0.18,0.5,0.74,0.28,0.73,0.72,0.5021183
0.18,0.42,0.71,0.2,0.73,0.71,0.5021184
0.16,0.46,0.7,0.27,0.74,0.7,0.5021185
0.17,0.44,0.72,0.24,0.75,0.71,0.5021185
0.16,0.44,0.74,0.2,0.73,0.72,0.5021186
0.18,0.5,0.73,0.25,0.73,0.72,0.5021189
0.16,0.4,0.7,0.2,0.73,0.72,0.5021192
0.17,0.48,0.73,0.2,0.75,0.72,0.5021192
0.18,0.42,0.7,0.21,0.72,0.72,0.5021192
0.16,0.47,0.7,0.26,0.76,0.71,0.5021194
0.17,0.49,0.71,0.21,0.72,0.71,0.5021198
0.17,0.49,0.73,0.22,0.72,0.71,0.50212
0.17,0.49,0.75,0.26,0.74,0.72,0.5021202
0.18,0.44,0.72,0.21,0.76,0.72,0.5021202
0.17,0.42,0.7,0.22,0.75,0.7,0.5021203
0.18,0.45,0.72,0.2,0.72,0.71,0.5021203
0.18,0.47,0.72,0.21,0.74,0.71,0.5021204
0.17,0.45,0.7,0.25,0.72,0.71,0.5021207
0.17,0.49,0.72,0.21,0.74,0.72,0.5021207
0.17,0.49,0.74,0.22,0.74,0.72,0.5021207
0.16,0.46,0.72,0.28,0.76,0.7,0.5021208
0.17,0.47,0.73,0.24,0.74,0.71,0.502121
0.16,0.47,0.75,0.2,0.72,0.72,0.5021213
0.16,0.49,0.75,0.21,0.74,0.72,0.5021214
0.17,0.47,0.75,0.25,0.72,0.72,0.5021214
0.16,0.46,0.71,0.26,0.72,0.71,0.5021215
0.17,0.49,0.7,0.2,0.74,0.72,0.5021215
0.16,0.47,0.71,0.27,0.74,0.72,0.5021216
0.16,0.47,0.73,0.27,0.73,0.7,0.5021217
0.17,0.45,0.73,0.23,0.72,0.71,0.5021219
0.17,0.44,0.73,0.24,0.76,0.72,0.502122
0.17,0.4,0.7,0.21,0.73,0.7,0.5021223
0.17,0.45,0.7,0.25,0.73,0.72,0.5021223
0.18,0.42,0.72,0.2,0.74,0.72,0.5021223
0.17,0.5,0.73,0.23,0.73,0.72,0.5021227
0.17,0.45,0.71,0.22,0.74,0.7,0.5021228
0.17,0.5,0.71,0.22,0.73,0.72,0.5021229
0.18,0.5,0.73,0.27,0.72,0.72,0.5021229
0.16,0.46,0.71,0.26,0.73,0.72,0.502123
0.18,0.46,0.7,0.22,0.76,0.71,0.5021231
0.18,0.47,0.73,0.21,0.75,0.72,0.5021234
0.18,0.47,0.73,0.28,0.76,0.72,0.5021235
0.17,0.43,0.71,0.21,0.72,0.7,0.5021236
0.17,0.5,0.75,0.24,0.73,0.72,0.5021237
0.17,0.42,0.71,0.22,0.76,0.71,0.5021238
0.17,0.46,0.71,0.28,0.76,0.71,0.5021239
0.18,0.45,0.73,0.2,0.73,0.72,0.5021239
0.17,0.47,0.74,0.24,0.75,0.72,0.5021242
0.18,0.45,0.7,0.28,0.76,0.7,0.5021243
0.18,0.47,0.7,0.24,0.73,0.7,0.5021248
0.16,0.47,0.74,0.27,0.74,0.71,0.5021249
0.17,0.48,0.74,0.29,0.76,0.72,0.5021249
0.17,0.45,0.74,0.23,0.73,0.72,0.5021253
0.18,0.47,0.71,0.24,0.75,0.71,0.5021253
0.16,0.41,0.7,0.23,0.74,0.7,0.5021254
0.16,0.43,0.73,0.23,0.74,0.72,0.5021255
0.16,0.45,0.72,0.25,0.74,0.7,0.5021255
0.17,0.42,0.72,0.22,0.74,0.72,0.5021257
0.16,0.46,0.71,0.28,0.76,0.7,0.5021258
0.16,0.49,0.73,0.2,0.72,0.71,0.5021258
0.17,0.45,0.72,0.22,0.75,0.71,0.502126
0.18,0.43,0.7,0.24,0.73,0.7,0.502126
0.18,0.45,0.73,0.24,0.73,0.72,0.5021262
0.16,0.47,0.7,0.26,0.73,0.72,0.5021263
0.17,0.44,0.71,0.25,0.73,0.7,0.5021263
0.16,0.49,0.74,0.2,0.74,0.72,0.5021265
0.18,0.41,0.71,0.21,0.74,0.72,0.5021265
0.17,0.46,0.74,0.25,0.73,0.72,0.5021267
0.16,0.41,0.7,0.23,0.75,0.71,0.502127
0.18,0.46,0.7,0.27,0.75,0.72,0.502127
0.16,0.45,0.72,0.26,0.73,0.7,0.5021272
0.17,0.43,0.72,0.21,0.73,0.71,0.5021272
0.18,0.43,0.7,0.24,0.74,0.71,0.5021275
0.18,0.48,0.74,0.2,0.72,0.72,0.5021275
0.17,0.46,0.71,0.21,0.74,0.7,0.5021276
0.16,0.47,0.75,0.26,0.73,0.72,0.5021277
0.17,0.44,0.71,0.25,0.74,0.71,0.5021277
0.18,0.48,0.7,0.25,0.74,0.71,0.502128
0.16,0.47,0.72,0.28,0.76,0.72,0.5021281
0.16,0.47,0.75,0.27,0.75,0.72,0.5021281
0.17,0.46,0.7,0.27,0.75,0.71,0.5021281
0.16,0.5,0.73,0.21,0.73,0.72,0.5021282
0.17,0.48,0.75,0.23,0.72,0.72,0.5021282
0.16,0.5,0.75,0.22,0.73,0.72,0.5021283
0.18,0.43,0.7,0.25,0.75,0.7,0.5021283
0.18,0.48,0.71,0.25,0.76,0.72,0.5021284
0.16,0.45,0.72,0.26,0.74,0.71,0.5021285
0.18,0.48,0.71,0.26,0.72,0.7,0.5021286
0.16,0.41,0.7,0.23,0.76,0.72,0.5021287
0.18,0.48,0.72,0.26,0.74,0.71,0.5021287
0.16,0.45,0.73,0.25,0.75,0.71,0.5021288
0.18,0.47,0.72,0.27,0.72,0.7,0.5021289
0.17,0.46,0.7,0.2,0.76,0.71,0.502129
0.18,0.43,0.7,0.24,0.75,0.72,0.502129
0.16,0.4,0.7,0.23,0.76,0.7,0.5021291
0.16,0.5,0.71,0.2,0.73,0.72,0.5021291
0.17,0.44,0.71,0.25,0.75,0.72,0.5021291
0.18,0.48,0.73,0.26,0.76,0.72,0.5021291
0.17,0.43,0.7,0.2,0.75,0.7,0.5021292
0.17,0.47,0.7,0.22,0.73,0.7,0.5021292
0.17,0.45,0.73,0.22,0.76,0.72,0.5021293
0.18,0.48,0.73,0.27,0.74,0.71,0.5021294
0.18,0.49,0.75,0.27,0.72,0.72,0.5021295
0.17,0.46,0.73,0.21,0.72,0.71,0.5021296
0.18,0.47,0.72,0.27,0.73,0.71,0.5021297
0.16,0.45,0.72,0.26,0.75,0.72,0.5021299
0.16,0.46,0.7,0.27,0.75,0.7,0.5021299
0.17,0.48,0.73,0.28,0.72,0.7,0.5021299
0.17,0.47,0.71,0.22,0.75,0.71,0.50213
0.16,0.43,0.71,0.23,0.75,0.7,0.5021302
0.18,0.46,0.71,0.25,0.74,0.7,0.5021305
0.17,0.48,0.73,0.28,0.73,0.71,0.5021307
0.18,0.47,0.72,0.27,0.74,0.72,0.5021307
0.17,0.43,0.73,0.21,0.74,0.72,0.502131
0.16,0.48,0.74,0.25,0.74,0.71,0.5021312
0.18,0.44,0.71,0.24,0.72,0.7,0.5021314
0.18,0.43,0.71,0.25,0.76,0.71,0.5021316
0.17,0.48,0.73,0.28,0.74,0.72,0.5021317
0.16,0.41,0.71,0.22,0.73,0.7,0.5021319
0.16,0.45,0.74,0.25,0.76,0.72,0.5021321
0.16,0.46,0.74,0.24,0.72,0.71,0.5021321
0.17,0.48,0.71,0.24,0.72,0.7,0.5021322
0.18,0.48,0.74,0.27,0.75,0.72,0.5021323
0.17,0.48,0.7,0.23,0.74,0.71,0.5021324
0.17,0.48,0.72,0.24,0.74,0.71,0.5021325
0.17,0.48,0.74,0.22,0.75,0.72,0.5021325
0.16,0.46,0.72,0.23,0.74,0.7,0.5021326
0.16,0.47,0.71,0.27,0.75,0.72,0.5021326
0.17,0.43,0.71,0.2,0.76,0.71,0.5021326
0.17,0.46,0.74,0.21,0.73,0.72,0.5021329
0.17,0.48,0.71,0.23,0.76,0.72,0.5021329
0.17,0.48,0.73,0.24,0.76,0.72,0.5021329
0.18,0.49,0.74,0.28,0.75,0.72,0.5021332
0.16,0.44,0.72,0.22,0.72,0.7,0.5021334
0.16,0.43,0.72,0.23,0.76,0.71,0.5021336
0.18,0.46,0.72,0.25,0.75,0.71,0.5021336
0.18,0.5,0.73,0.27,0.73,0.72,0.5021336
0.16,0.43,0.72,0.22,0.72,0.72,0.5021337
0.16,0.48,0.75,0.25,0.75,0.72,0.5021343
0.17,0.42,0.71,0.21,0.72,0.72,0.5021344
0.16,0.47,0.72,0.21,0.73,0.7,0.5021348
0.16,0.5,0.75,0.29,0.72,0.71,0.5021348
0.16,0.47,0.7,0.2,0.73,0.7,0.5021351
0.16,0.46,0.75,0.24,0.73,0.72,0.5021354
0.17,0.49,0.71,0.25,0.73,0.71,0.5021354
0.18,0.44,0.7,0.23,0.75,0.7,0.5021355
0.17,0.44,0.7,0.24,0.72,0.71,0.5021356
0.17,0.49,0.72,0.25,0.75,0.72,0.5021356
0.16,0.46,0.73,0.23,0.75,0.71,0.5021358
0.17,0.46,0.72,0.2,0.75,0.71,0.5021358
0.17,0.49,0.7,0.24,0.75,0.72,0.5021358
0.18,0.41,0.7,0.2,0.72,0.72,0.5021359
0.16,0.45,0.71,0.25,0.72,0.71,0.502136
0.16,0.47,0.71,0.2,0.75,0.71,0.502136
0.16,0.41,0.7,0.21,0.76,0.7,0.5021361
0.18,0.45,0.7,0.25,0.76,0.7,0.5021361
0.17,0.49,0.73,0.26,0.73,0.71,0.5021362
0.17,0.49,0.74,0.26,0.75,0.72,0.5021363
0.18,0.49,0.75,0.26,0.72,0.72,0.5021364
0.18,0.46,0.73,0.25,0.76,0.72,0.5021366
0.16,0.48,0.71,0.22,0.72,0.7,0.5021367
0.17,0.49,0.75,0.21,0.72,0.72,0.5021367
0.18,0.42,0.7,0.22,0.73,0.7,0.5021367
0.16,0.44,0.73,0.22,0.73,0.71,0.5021368
0.17,0.44,0.7,0.24,0.73,0.72,0.5021371
0.18,0.47,0.73,0.24,0.72,0.71,0.5021371
0.16,0.48,0.73,0.23,0.72,0.7,0.5021372
0.16,0.47,0.7,0.26,0.74,0.72,0.5021373
0.16,0.48,0.72,0.22,0.74,0.71,0.5021373
0.16,0.45,0.71,0.25,0.73,0.72,0.5021376
0.18,0.46,0.73,0.27,0.76,0.72,0.5021376
0.18,0.46,0.7,0.27,0.76,0.72,0.5021378
0.16,0.48,0.7,0.21,0.74,0.71,0.5021379
0.16,0.48,0.73,0.22,0.76,0.72,0.502138
0.16,0.44,0.71,0.21,0.75,0.7,0.5021382
0.18,0.44,0.7,0.27,0.76,0.7,0.5021382
0.17,0.44,0.71,0.26,0.75,0.7,0.5021384
0.17,0.47,0.74,0.28,0.76,0.72,0.5021384
0.16,0.48,0.71,0.21,0.76,0.72,0.5021385
0.18,0.44,0.71,0.23,0.76,0.71,0.5021386
0.18,0.5,0.72,0.26,0.72,0.72,0.5021386
0.17,0.46,0.73,0.2,0.76,0.72,0.5021388
0.18,0.45,0.71,0.22,0.72,0.7,0.5021388
0.18,0.47,0.71,0.26,0.72,0.72,0.5021388
0.16,0.46,0.74,0.23,0.76,0.72,0.502139
0.17,0.45,0.71,0.28,0.76,0.7,0.5021393
0.16,0.42,0.71,0.2,0.73,0.7,0.5021394
0.17,0.46,0.7,0.27,0.76,0.71,0.5021394
0.16,0.47,0.74,0.22,0.72,0.71,0.5021395
0.17,0.48,0.72,0.27,0.72,0.72,0.5021396
0.16,0.48,0.75,0.29,0.76,0.72,0.5021398
0.16,0.49,0.71,0.23,0.73,0.71,0.5021399
0.16,0.49,0.73,0.24,0.73,0.71,0.5021401
0.18,0.42,0.71,0.22,0.74,0.71,0.5021401
0.18,0.47,0.74,0.24,0.73,0.72,0.5021401
0.16,0.49,0.72,0.23,0.75,0.72,0.5021402
0.16,0.44,0.74,0.22,0.74,0.72,0.5021403
0.16,0.49,0.74,0.24,0.75,0.72,0.5021403
0.17,0.45,0.7,0.23,0.76,0.7,0.5021403
0.16,0.46,0.72,0.29,0.76,0.7,0.5021408
0.17,0.5,0.75,0.28,0.74,0.72,0.5021408
0.17,0.5,0.74,0.28,0.72,0.71,0.5021409
0.16,0.49,0.7,0.22,0.75,0.72,0.502141
0.16,0.4,0.7,0.22,0.74,0.7,0.5021411
0.16,0.42,0.73,0.22,0.74,0.72,0.5021411
0.16,0.46,0.7,0.27,0.76,0.7,0.5021413
0.17,0.45,0.74,0.24,0.73,0.72,0.5021413
0.17,0.43,0.71,0.24,0.73,0.7,0.5021414
0.18,0.44,0.73,0.23,0.73,0.72,0.5021414
0.16,0.44,0.72,0.21,0.76,0.71,0.5021415
0.17,0.45,0.72,0.25,0.72,0.7,0.5021415
0.18,0.42,0.7,0.23,0.73,0.7,0.5021415
0.17,0.41,0.72,0.21,0.74,0.72,0.5021417
0.17,0.44,0.72,0.26,0.76,0.71,0.5021417
0.16,0.44,0.72,0.25,0.73,0.7,0.5021419
0.16,0.45,0.72,0.2,0.72,0.7,0.5021419
0.18,0.45,0.72,0.22,0.73,0.71,0.5021419
0.16,0.46,0.75,0.25,0.73,0.72,0.502142
0.16,0.47,0.75,0.22,0.73,0.72,0.5021425
0.17,0.49,0.75,0.28,0.75,0.72,0.5021426
0.16,0.4,0.7,0.22,0.75,0.71,0.5021427
0.17,0.43,0.71,0.24,0.74,0.71,0.5021427
0.18,0.42,0.7,0.23,0.74,0.71,0.5021428
0.16,0.42,0.72,0.2,0.74,0.71,0.5021431
0.16,0.44,0.72,0.25,0.74,0.71,0.5021431
0.16,0.5,0.72,0.25,0.72,0.71,0.5021431
0.17,0.46,0.71,0.25,0.75,0.7,0.5021431
0.16,0.5,0.73,0.25,0.74,0.72,0.5021432
0.17,0.42,0.7,0.24,0.76,0.7,0.5021432
0.18,0.4,0.71,0.2,0.74,0.72,0.5021432
0.16,0.5,0.71,0.24,0.74,0.72,0.5021433
0.17,0.47,0.73,0.26,0.75,0.71,0.5021433
0.18,0.5,0.75,0.24,0.72,0.72,0.5021435
0.16,0.47,0.71,0.27,0.76,0.72,0.5021436
0.18,0.42,0.72,0.22,0.75,0.72,0.5021437
0.18,0.46,0.72,0.26,0.73,0.71,0.502144
0.16,0.5,0.74,0.26,0.72,0.71,0.5021441
0.16,0.5,0.75,0.26,0.74,0.72,0.5021441
0.17,0.43,0.71,0.24,0.75,0.72,0.5021441
0.18,0.42,0.7,0.23,0.75,0.72,0.5021442
0.18,0.47,0.73,0.23,0.76,0.72,0.5021443
0.16,0.4,0.7,0.22,0.76,0.72,0.5021445
0.18,0.49,0.73,0.28,0.72,0.71,0.5021445
0.16,0.44,0.72,0.25,0.75,0.72,0.5021446
0.17,0.47,0.73,0.27,0.73,0.71,0.5021446
0.18,0.45,0.7,0.21,0.75,0.7,0.5021447
0.16,0.47,0.73,0.21,0.75,0.71,0.5021449
0.18,0.43,0.7,0.2,0.73,0.7,0.502145
0.17,0.45,0.71,0.24,0.75,0.7,0.5021451
0.18,0.45,0.73,0.22,0.74,0.72,0.5021451
0.18,0.46,0.72,0.26,0.74,0.72,0.5021451
0.16,0.45,0.73,0.2,0.73,0.71,0.5021452
0.18,0.48,0.73,0.22,0.72,0.71,0.5021453
0.17,0.47,0.73,0.27,0.74,0.72,0.5021456
0.17,0.47,0.7,0.26,0.74,0.7,0.5021457
0.17,0.45,0.7,0.27,0.74,0.7,0.5021458
0.16,0.45,0.7,0.21,0.76,0.7,0.5021459
0.16,0.48,0.74,0.28,0.73,0.71,0.5021459
0.17,0.47,0.71,0.26,0.76,0.71,0.5021461
0.17,0.43,0.71,0.23,0.73,0.7,0.5021462
0.17,0.47,0.74,0.26,0.76,0.72,0.5021463
0.16,0.42,0.73,0.2,0.75,0.72,0.5021468
0.16,0.48,0.74,0.28,0.74,0.72,0.5021468
0.17,0.47,0.72,0.27,0.74,0.7,0.5021468
0.17,0.45,0.7,0.27,0.75,0.71,0.502147
0.16,0.46,0.71,0.28,0.74,0.7,0.5021472
0.17,0.48,0.74,0.25,0.72,0.71,0.5021472
0.18,0.4,0.7,0.2,0.75,0.71,0.5021472
0.16,0.46,0.71,0.23,0.75,0.7,0.5021476
0.18,0.45,0.71,0.21,0.76,0.71,0.5021477
0.16,0.47,0.74,0.21,0.76,0.72,0.5021479
0.17,0.45,0.72,0.24,0.76,0.71,0.5021481
0.18,0.48,0.74,0.22,0.73,0.72,0.5021481
0.16,0.47,0.7,0.26,0.75,0.72,0.5021483
0.17,0.45,0.7,0.27,0.76,0.72,0.5021483
0.18,0.43,0.73,0.21,0.72,0.72,0.5021483
0.18,0.46,0.71,0.2,0.72,0.7,0.5021483
0.16,0.45,0.74,0.2,0.74,0.72,0.5021484
0.17,0.5,0.74,0.28,0.72,0.72,0.5021484
0.17,0.46,0.72,0.23,0.72,0.7,0.5021485
0.18,0.43,0.71,0.2,0.74,0.71,0.5021485
0.16,0.45,0.72,0.27,0.75,0.7,0.502149
0.16,0.48,0.74,0.2,0.72,0.71,0.502149
0.18,0.5,0.72,0.26,0.73,0.72,0.5021494
0.17,0.43,0.72,0.23,0.74,0.71,0.5021496
0.16,0.47,0.7,0.24,0.74,0.7,0.5021499
0.16,0.5,0.74,0.28,0.72,0.71,0.5021499
0.16,0.42,0.72,0.21,0.72,0.72,0.50215
0.17,0.48,0.75,0.25,0.73,0.72,0.50215
0.18,0.5,0.74,0.21,0.72,0.72,0.50215
0.18,0.5,0.72,0.2,0.72,0.72,0.5021502
0.16,0.47,0.71,0.24,0.76,0.71,0.5021504
0.16,0.47,0.72,0.25,0.74,0.7,0.5021505
0.17,0.43,0.7,0.22,0.76,0.7,0.5021507
0.16,0.47,0.73,0.25,0.76,0.71,0.5021509
0.17,0.43,0.7,0.23,0.72,0.71,0.5021509
0.18,0.4,0.71,0.2,0.76,0.72,0.5021509
0.16,0.44,0.71,0.24,0.72,0.71,0.502151
0.17,0.41,0.71,0.2,0.72,0.72,0.5021511
0.18,0.46,0.72,0.2,0.73,0.71,0.5021511
0.17,0.46,0.73,0.23,0.73,0.71,0.5021515
0.16,0.48,0.75,0.2,0.73,0.72,0.5021518
0.18,0.43,0.72,0.2,0.75,0.72,0.5021519
0.16,0.46,0.73,0.26,0.72,0.7,0.502152
0.16,0.45,0.73,0.27,0.76,0.71,0.5021521
0.17,0.41,0.7,0.21,0.74,0.7,0.5021523
0.16,0.44,0.71,0.24,0.73,0.72,0.5021524
0.17,0.43,0.7,0.23,0.73,0.72,0.5021524
0.17,0.43,0.73,0.23,0.75,0.72,0.5021529
0.16,0.48,0.7,0.25,0.75,0.71,0.5021532
0.18,0.46,0.71,0.25,0.72,0.72,0.5021532
0.18,0.46,0.71,0.27,0.75,0.7,0.5021534
0.16,0.43,0.71,0.25,0.76,0.7,0.5021535
0.16,0.48,0.71,0.26,0.73,0.7,0.5021535
0.16,0.48,0.72,0.26,0.75,0.71,0.5021536
0.17,0.47,0.72,0.26,0.72,0.72,0.5021537
0.17,0.44,0.71,0.21,0.73,0.7,0.502154
0.18,0.46,0.73,0.2,0.74,0.72,0.5021541
0.17,0.5,0.75,0.29,0.74,0.72,0.5021543
0.17,0.46,0.74,0.23,0.74,0.72,0.5021545
0.16,0.46,0.71,0.28,0.75,0.71,0.5021546
0.16,0.48,0.73,0.27,0.72,0.72,0.5021546
0.16,0.48,0.73,0.27,0.73,0.7,0.5021546
0.16,0.48,0.74,0.27,0.75,0.71,0.5021546
0.16,0.46,0.7,0.27,0.72,0.7,0.5021547
0.17,0.49,0.74,0.23,0.72,0.71,0.5021549
0.18,0.5,0.71,0.25,0.72,0.72,0.5021549
0.18,0.49,0.73,0.28,0.73,0.71,0.5021551
0.16,0.46,0.72,0.25,0.75,0.7,0.5021552
0.17,0.41,0.71,0.21,0.75,0.71,0.5021558
0.16,0.46,0.7,0.27,0.73,0.71,0.5021559
0.18,0.46,0.72,0.27,0.76,0.71,0.502156
0.16,0.44,0.72,0.24,0.73,0.7,0.5021563
0.17,0.46,0.72,0.22,0.76,0.71,0.5021565
0.16,0.48,0.75,0.27,0.76,0.72,0.5021566
0.18,0.47,0.72,0.26,0.72,0.7,0.5021566
0.17,0.44,0.74,0.22,0.72,0.72,0.5021568
0.16,0.41,0.73,0.21,0.74,0.72,0.5021572
0.17,0.44,0.72,0.21,0.74,0.71,0.5021572
0.17,0.47,0.72,0.21,0.72,0.7,0.5021574
0.16,0.49,0.75,0.26,0.72,0.71,0.5021575
0.18,0.47,0.71,0.2,0.72,0.7,0.5021575
0.17,0.49,0.75,0.23,0.73,0.72,0.5021576
0.16,0.49,0.74,0.28,0.76,0.72,0.5021577
0.18,0.44,0.7,0.25,0.76,0.7,0.5021578
0.16,0.46,0.73,0.25,0.76,0.71,0.5021581
0.17,0.42,0.71,0.23,0.74,0.71,0.5021581
0.16,0.43,0.72,0.24,0.74,0.71,0.5021582
0.18,0.49,0.74,0.2,0.73,0.72,0.5021582
0.17,0.4,0.72,0.2,0.74,0.72,0.5021584
0.16,0.47,0.73,0.24,0.72,0.7,0.5021585
0.18,0.41,0.7,0.22,0.74,0.71,0.5021586
0.18,0.45,0.72,0.25,0.73,0.71,0.5021587
0.17,0.5,0.74,0.28,0.73,0.72,0.5021589
0.17,0.46,0.73,0.26,0.73,0.71,0.502159
0.18,0.48,0.71,0.21,0.73,0.71,0.5021592
0.18,0.47,0.73,0.26,0.73,0.71,0.5021593
0.16,0.46,0.7,0.27,0.74,0.71,0.5021594
0.16,0.47,0.7,0.26,0.76,0.72,0.5021594
0.17,0.41,0.72,0.21,0.76,0.72,0.5021594
0.17,0.42,0.71,0.23,0.75,0.72,0.5021594
0.16,0.43,0.72,0.24,0.75,0.72,0.5021595
0.16,0.44,0.73,0.24,0.74,0.71,0.5021595
0.18,0.48,0.72,0.21,0.75,0.72,0.5021596
0.18,0.45,0.72,0.25,0.74,0.72,0.5021597
0.16,0.47,0.74,0.27,0.73,0.71,0.5021599
0.17,0.46,0.73,0.26,0.74,0.72,0.5021599
0.18,0.49,0.72,0.27,0.72,0.71,0.50216
0.17,0.42,0.72,0.2,0.72,0.71,0.5021601
0.17,0.47,0.73,0.21,0.73,0.71,0.5021601
0.18,0.41,0.7,0.22,0.75,0.72,0.5021601
0.16,0.44,0.71,0.23,0.76,0.7,0.5021603
0.17,0.44,0.73,0.21,0.75,0.72,0.5021604
0.17,0.44,0.7,0.26,0.74,0.7,0.5021605
0.17,0.44,0.7,0.2,0.76,0.7,0.5021606
0.18,0.48,0.7,0.2,0.75,0.72,0.5021606
0.16,0.47,0.74,0.27,0.74,0.72,0.5021609
0.18,0.49,0.73,0.23,0.74,0.72,0.5021609
0.18,0.49,0.72,0.23,0.72,0.71,0.502161
0.18,0.45,0.71,0.24,0.73,0.7,0.5021611
0.18,0.49,0.7,0.22,0.72,0.71,0.5021612
0.18,0.49,0.71,0.22,0.74,0.72,0.5021613
0.16,0.45,0.71,0.27,0.74,0.7,0.5021614
0.16,0.47,0.74,0.24,0.73,0.71,0.5021614
0.16,0.42,0.71,0.22,0.74,0.7,0.5021616
0.18,0.49,0.74,0.28,0.72,0.71,0.5021616
0.17,0.44,0.7,0.26,0.75,0.71,0.5021617
0.17,0.45,0.7,0.28,0.76,0.7,0.502162
0.18,0.47,0.74,0.26,0.74,0.72,0.5021621
0.18,0.49,0.74,0.28,0.73,0.72,0.5021621
0.16,0.45,0.71,0.27,0.75,0.71,0.5021626
0.16,0.44,0.74,0.24,0.75,0.72,0.5021627
0.17,0.47,0.74,0.21,0.74,0.72,0.5021629
0.17,0.44,0.7,0.26,0.76,0.72,0.502163
0.17,0.5,0.75,0.29,0.73,0.72,0.5021631
0.16,0.45,0.72,0.22,0.73,0.7,0.5021636
0.18,0.5,0.72,0.24,0.73,0.72,0.5021637
0.16,0.45,0.71,0.27,0.76,0.72,0.5021638
0.17,0.42,0.73,0.2,0.73,0.72,0.5021638
0.17,0.5,0.73,0.27,0.72,0.72,0.5021638
0.18,0.45,0.72,0.24,0.74,0.71,0.502164
0.18,0.5,0.7,0.23,0.73,0.72,0.502164
0.18,0.5,0.74,0.25,0.73,0.72,0.5021641
0.16,0.47,0.75,0.24,0.74,0.72,0.5021643
0.17,0.45,0.74,0.2,0.72,0.72,0.5021648
0.16,0.42,0.72,0.22,0.75,0.71,0.5021649
0.16,0.46,0.71,0.27,0.76,0.7,0.5021649
0.18,0.5,0.75,0.26,0.73,0.72,0.5021649
0.17,0.48,0.73,0.2,0.73,0.71,0.5021651
0.16,0.5,0.73,0.27,0.72,0.71,0.5021654
0.16,0.46,0.71,0.28,0.76,0.71,0.5021657
0.18,0.5,0.71,0.25,0.73,0.72,0.5021658
0.16,0.43,0.71,0.23,0.72,0.71,0.5021663
0.16,0.45,0.75,0.23,0.72,0.72,0.5021663
0.17,0.47,0.73,0.28,0.76,0.71,0.5021663
0.17,0.5,0.75,0.29,0.72,0.71,0.5021663
0.16,0.45,0.73,0.22,0.74,0.71,0.5021666
0.17,0.49,0.72,0.21,0.72,0.71,0.5021666
0.18,0.48,0.73,0.24,0.73,0.71,0.5021666
0.17,0.42,0.7,0.22,0.72,0.71,0.5021667
0.17,0.48,0.73,0.27,0.72,0.7,0.5021667
0.17,0.49,0.73,0.21,0.74,0.72,0.5021667
0.16,0.41,0.72,0.2,0.72,0.72,0.5021668
0.18,0.43,0.7,0.22,0.74,0.7,0.5021668
0.18,0.45,0.73,0.24,0.75,0.72,0.5021668
0.17,0.49,0.7,0.2,0.72,0.71,0.5021675
0.16,0.43,0.71,0.23,0.73,0.72,0.5021677
0.17,0.45,0.71,0.26,0.76,0.7,0.5021677
0.17,0.49,0.71,0.2,0.74,0.72,0.5021677
0.18,0.45,0.71,0.24,0.72,0.72,0.5021681
0.17,0.42,0.7,0.22,0.73,0.72,0.5021682
0.17,0.46,0.72,0.25,0.72,0.72,0.5021682
0.16,0.42,0.73,0.22,0.76,0.72,0.5021683
0.17,0.5,0.74,0.23,0.73,0.72,0.5021685
0.17,0.5,0.72,0.22,0.73,0.72,0.5021686
0.16,0.4,0.7,0.2,0.75,0.7,0.5021687
0.17,0.46,0.7,0.27,0.75,0.72,0.5021687
0.16,0.47,0.73,0.26,0.72,0.72,0.5021688
0.16,0.43,0.73,0.21,0.72,0.71,0.5021689
0.18,0.4,0.7,0.22,0.76,0.71,0.5021689
0.18,0.46,0.7,0.22,0.74,0.7,0.5021691
0.18,0.46,0.71,0.22,0.73,0.7,0.5021692
0.18,0.48,0.74,0.24,0.74,0.72,0.5021692
0.16,0.45,0.7,0.26,0.72,0.7,0.5021693
0.17,0.48,0.74,0.27,0.73,0.71,0.5021693
0.16,0.48,0.74,0.22,0.73,0.71,0.5021694
0.17,0.5,0.74,0.28,0.74,0.72,0.5021694
0.16,0.45,0.74,0.22,0.75,0.72,0.5021695
0.18,0.46,0.71,0.22,0.76,0.71,0.5021695
0.18,0.41,0.7,0.21,0.72,0.7,0.5021696
0.18,0.43,0.71,0.22,0.75,0.71,0.5021698
0.17,0.5,0.7,0.21,0.73,0.72,0.50217
0.16,0.43,0.71,0.2,0.74,0.7,0.5021701
0.18,0.46,0.72,0.28,0.76,0.71,0.5021701
0.16,0.46,0.7,0.27,0.75,0.71,0.5021704
0.16,0.45,0.7,0.26,0.73,0.71,0.5021705
0.17,0.46,0.72,0.25,0.73,0.7,0.5021707
0.18,0.46,0.74,0.23,0.72,0.72,0.5021708
0.17,0.47,0.73,0.29,0.76,0.71,0.5021711
0.18,0.47,0.7,0.23,0.75,0.71,0.5021712
0.18,0.47,0.71,0.24,0.73,0.7,0.5021713
0.18,0.47,0.72,0.24,0.75,0.71,0.5021713
0.18,0.5,0.7,0.24,0.72,0.72,0.5021716
0.16,0.45,0.7,0.26,0.74,0.72,0.5021718
0.18,0.46,0.72,0.22,0.74,0.71,0.5021719
0.16,0.49,0.74,0.29,0.72,0.7,0.502172
0.17,0.48,0.75,0.27,0.74,0.72,0.502172
0.16,0.48,0.75,0.22,0.74,0.72,0.5021721
0.16,0.4,0.71,0.2,0.76,0.71,0.5021722
0.16,0.43,0.74,0.21,0.73,0.72,0.5021724
0.16,0.49,0.74,0.2,0.72,0.71,0.5021727
0.18,0.43,0.72,0.22,0.76,0.72,0.5021728
0.18,0.41,0.71,0.21,0.73,0.71,0.502173
0.16,0.43,0.72,0.2,0.75,0.71,0.5021732
0.16,0.46,0.72,0.2,0.73,0.7,0.5021732
0.17,0.46,0.73,0.25,0.74,0.71,0.5021735
0.18,0.48,0.72,0.25,0.76,0.72,0.5021735
0.16,0.42,0.72,0.23,0.74,0.71,0.5021736
0.16,0.46,0.75,0.21,0.72,0.72,0.5021736
0.18,0.44,0.72,0.21,0.72,0.71,0.5021736
0.18,0.44,0.72,0.24,0.73,0.71,0.5021736
0.18,0.48,0.71,0.25,0.74,0.71,0.5021737
0.17,0.45,0.73,0.25,0.73,0.71,0.5021738
0.18,0.48,0.7,0.24,0.76,0.72,0.5021738
0.17,0.41,0.71,0.22,0.74,0.71,0.5021739
0.18,0.48,0.7,0.25,0.72,0.7,0.502174
0.16,0.5,0.74,0.21,0.73,0.72,0.5021743
0.17,0.5,0.73,0.27,0.73,0.72,0.5021743
0.16,0.46,0.74,0.26,0.73,0.71,0.5021744
0.17,0.45,0.73,0.25,0.74,0.72,0.5021746
0.18,0.46,0.73,0.22,0.75,0.72,0.5021746
0.18,0.48,0.72,0.26,0.72,0.7,0.5021747
0.16,0.42,0.72,0.23,0.75,0.72,0.5021748
0.17,0.41,0.7,0.23,0.75,0.7,0.5021748
0.18,0.44,0.72,0.24,0.74,0.72,0.5021748
0.16,0.46,0.74,0.26,0.74,0.72,0.5021752
0.16,0.5,0.72,0.2,0.73,0.72,0.5021752
0.17,0.46,0.7,0.2,0.74,0.7,0.5021752
0.18,0.4,0.7,0.21,0.74,0.71,0.5021752
0.17,0.41,0.71,0.22,0.75,0.72,0.5021753
0.17,0.43,0.7,0.25,0.74,0.7,0.5021757
0.17,0.46,0.71,0.2,0.76,0.71,0.5021758
0.16,0.46,0.73,0.2,0.74,0.71,0.5021759
0.18,0.49,0.71,0.26,0.72,0.71,0.502176
0.17,0.47,0.71,0.22,0.73,0.7,0.5021761
0.16,0.44,0.71,0.26,0.74,0.7,0.5021762
0.17,0.44,0.71,0.23,0.74,0.7,0.5021762
0.18,0.44,0.7,0.2,0.74,0.7,0.5021762
0.18,0.48,0.74,0.27,0.73,0.72,0.5021762
0.17,0.46,0.74,0.25,0.75,0.72,0.5021763
0.16,0.43,0.73,0.2,0.76,0.72,0.5021764
0.17,0.47,0.72,0.22,0.75,0.71,0.5021764
0.18,0.4,0.7,0.21,0.75,0.72,0.5021765
0.17,0.49,0.75,0.28,0.73,0.72,0.5021767
0.18,0.44,0.73,0.21,0.73,0.72,0.5021767
0.18,0.49,0.73,0.27,0.75,0.72,0.5021767
0.17,0.43,0.7,0.25,0.75,0.71,0.5021768
0.18,0.46,0.71,0.27,0.73,0.7,0.5021769
0.17,0.47,0.7,0.21,0.75,0.71,0.502177
0.18,0.41,0.7,0.2,0.76,0.71,0.5021772
0.16,0.44,0.71,0.26,0.75,0.71,0.5021773
0.18,0.49,0.72,0.27,0.73,0.71,0.5021773
0.17,0.47,0.72,0.28,0.73,0.7,0.5021774
0.18,0.46,0.71,0.27,0.74,0.71,0.5021774
0.17,0.41,0.71,0.23,0.76,0.71,0.502178
0.17,0.43,0.7,0.25,0.76,0.72,0.502178
0.17,0.47,0.72,0.28,0.74,0.71,0.5021781
0.17,0.48,0.73,0.24,0.74,0.71,0.5021783
0.17,0.48,0.74,0.24,0.76,0.72,0.5021783
0.18,0.46,0.71,0.27,0.75,0.72,0.5021783
0.17,0.47,0.72,0.23,0.73,0.7,0.5021784
0.17,0.48,0.71,0.23,0.74,0.71,0.5021784
0.17,0.48,0.72,0.23,0.76,0.72,0.5021784
0.16,0.44,0.71,0.26,0.76,0.72,0.5021785
0.17,0.42,0.71,0.22,0.72,0.7,0.5021785
0.17,0.48,0.7,0.23,0.72,0.7,0.5021785
0.16,0.46,0.74,0.2,0.75,0.72,0.5021787
0.17,0.49,0.75,0.25,0.74,0.72,0.5021787
0.17,0.48,0.72,0.24,0.72,0.7,0.5021788
0.18,0.47,0.74,0.21,0.72,0.72,0.5021788
0.17,0.44,0.72,0.23,0.75,0.71,0.5021789
0.17,0.47,0.72,0.28,0.75,0.72,0.5021789
0.18,0.44,0.71,0.2,0.75,0.71,0.502179
0.17,0.48,0.7,0.22,0.76,0.72,0.5021793
0.17,0.46,0.7,0.27,0.76,0.72,0.5021795
0.17,0.5,0.72,0.26,0.72,0.72,0.5021797
0.16,0.49,0.75,0.28,0.73,0.71,0.5021798
0.17,0.47,0.75,0.24,0.72,0.72,0.5021805
0.17,0.49,0.73,0.25,0.75,0.72,0.5021807
0.16,0.47,0.73,0.26,0.73,0.7,0.502181
0.17,0.49,0.71,0.24,0.75,0.72,0.502181
0.17,0.47,0.73,0.23,0.74,0.71,0.5021811
0.17,0.49,0.72,0.25,0.73,0.71,0.5021812
0.17,0.49,0.7,0.24,0.73,0.71,0.5021813
0.16,0.46,0.7,0.27,0.76,0.71,0.5021815
0.16,0.5,0.72,0.26,0.72,0.71,0.5021815
0.17,0.42,0.72,0.22,0.73,0.71,0.5021817
0.17,0.49,0.74,0.26,0.73,0.71,0.5021817
0.17,0.44,0.73,0.23,0.76,0.72,0.5021818
0.18,0.44,0.72,0.2,0.76,0.72,0.5021819
0.18,0.48,0.72,0.28,0.72,0.7,0.5021821
0.18,0.47,0.72,0.2,0.74,0.71,0.5021822
0.16,0.42,0.71,0.22,0.72,0.71,0.5021823
0.16,0.49,0.75,0.2,0.74,0.72,0.5021823
0.16,0.47,0.71,0.2,0.73,0.7,0.5021825
0.17,0.42,0.7,0.21,0.75,0.7,0.5021825
0.18,0.5,0.7,0.24,0.73,0.72,0.5021826
0.16,0.47,0.72,0.2,0.75,0.71,0.5021827
0.17,0.45,0.73,0.22,0.72,0.71,0.5021827
0.17,0.45,0.72,0.24,0.72,0.72,0.5021831
0.16,0.46,0.73,0.25,0.72,0.72,0.5021833
0.17,0.41,0.7,0.21,0.72,0.71,0.5021833
0.16,0.48,0.73,0.22,0.74,0.71,0.5021835
0.16,0.42,0.71,0.22,0.73,0.72,0.5021836
0.16,0.47,0.74,0.26,0.74,0.71,0.5021836
0.16,0.48,0.72,0.22,0.72,0.7,0.5021836
0.18,0.44,0.71,0.23,0.72,0.72,0.5021836
0.18,0.45,0.71,0.26,0.74,0.7,0.5021836
0.17,0.47,0.74,0.23,0.75,0.72,0.5021837
0.16,0.48,0.74,0.22,0.76,0.72,0.5021838
0.17,0.5,0.74,0.27,0.74,0.72,0.5021841
0.16,0.44,0.7,0.25,0.72,0.7,0.5021843
0.16,0.48,0.7,0.21,0.72,0.7,0.5021843
0.16,0.48,0.71,0.21,0.74,0.71,0.5021844
0.16,0.48,0.72,0.21,0.76,0.72,0.5021844
0.16,0.5,0.75,0.29,0.73,0.72,0.5021846
0.18,0.46,0.7,0.26,0.75,0.7,0.5021846
0.18,0.47,0.73,0.2,0.75,0.72,0.5021846
0.16,0.42,0.71,0.24,0.75,0.7,0.5021847
0.17,0.41,0.7,0.21,0.73,0.72,0.5021847
0.17,0.5,0.73,0.27,0.72,0.71,0.5021848
0.17,0.45,0.71,0.21,0.74,0.7,0.5021849
0.17,0.5,0.73,0.27,0.74,0.72,0.502185
0.16,0.44,0.7,0.25,0.73,0.71,0.5021855
0.17,0.42,0.71,0.21,0.76,0.71,0.5021855
0.17,0.45,0.74,0.22,0.73,0.72,0.5021855
0.17,0.49,0.73,0.28,0.72,0.71,0.5021855
0.16,0.49,0.75,0.24,0.75,0.72,0.5021856
0.16,0.49,0.73,0.23,0.75,0.72,0.5021857
0.17,0.4,0.7,0.2,0.73,0.7,0.5021857
0.16,0.49,0.72,0.23,0.73,0.71,0.5021858
0.16,0.45,0.72,0.24,0.74,0.7,0.5021859
0.16,0.48,0.7,0.2,0.76,0.72,0.502186
0.16,0.49,0.74,0.24,0.73,0.71,0.502186
0.18,0.46,0.7,0.26,0.72,0.71,0.502186
0.18,0.45,0.72,0.26,0.75,0.71,0.5021862
0.16,0.47,0.75,0.26,0.75,0.72,0.5021863
0.17,0.47,0.71,0.27,0.72,0.71,0.5021864
0.17,0.43,0.71,0.2,0.72,0.7,0.5021865
0.16,0.49,0.71,0.22,0.75,0.72,0.5021866
0.16,0.44,0.7,0.25,0.74,0.72,0.5021867
0.16,0.49,0.7,0.22,0.73,0.71,0.5021868
0.18,0.46,0.7,0.26,0.73,0.72,0.5021869
0.17,0.47,0.71,0.27,0.73,0.72,0.5021872
0.17,0.45,0.72,0.21,0.75,0.71,0.5021874
0.16,0.42,0.72,0.24,0.76,0.71,0.5021878
0.16,0.43,0.72,0.23,0.72,0.7,0.502188
0.18,0.47,0.72,0.28,0.76,0.71,0.5021881
0.18,0.48,0.73,0.26,0.74,0.71,0.5021881
0.17,0.48,0.75,0.22,0.72,0.72,0.5021882
0.16,0.5,0.72,0.24,0.74,0.72,0.5021884
0.16,0.5,0.74,0.25,0.74,0.72,0.5021884
0.16,0.45,0.73,0.24,0.75,0.71,0.5021886
0.18,0.45,0.73,0.26,0.76,0.72,0.5021888
0.16,0.5,0.71,0.24,0.72,0.71,0.5021889
0.16,0.5,0.73,0.25,0.72,0.71,0.5021889
0.17,0.46,0.7,0.24,0.75,0.7,0.5021889
0.18,0.43,0.7,0.24,0.75,0.7,0.5021889
0.17,0.4,0.71,0.2,0.74,0.71,0.5021891
0.16,0.41,0.72,0.22,0.74,0.71,0.5021895
0.16,0.5,0.74,0.28,0.72,0.72,0.5021896
0.16,0.5,0.75,0.26,0.72,0.71,0.5021896
0.17,0.43,0.72,0.2,0.73,0.71,0.5021896
0.16,0.5,0.7,0.23,0.74,0.72,0.5021898
0.17,0.44,0.73,0.24,0.74,0.72,0.5021898
0.16,0.45,0.74,0.25,0.74,0.72,0.5021899
0.17,0.45,0.73,0.21,0.76,0.72,0.5021901
0.18,0.46,0.73,0.25,0.72,0.71,0.5021901
0.18,0.43,0.72,0.23,0.74,0.72,0.5021902
0.18,0.48,0.74,0.26,0.75,0.72,0.5021904
0.17,0.4,0.71,0.21,0.74,0.71,0.5021905
0.17,0.5,0.72,0.26,0.73,0.72,0.5021905
0.18,0.47,0.74,0.26,0.73,0.72,0.5021905
0.16,0.48,0.74,0.24,0.74,0.71,0.5021906
0.16,0.4,0.7,0.22,0.76,0.7,0.5021908
0.16,0.41,0.72,0.22,0.75,0.72,0.5021908
0.17,0.48,0.75,0.27,0.73,0.72,0.5021908
0.18,0.46,0.71,0.24,0.74,0.7,0.5021909
0.16,0.43,0.73,0.23,0.73,0.71,0.502191
0.17,0.42,0.7,0.24,0.74,0.7,0.5021911
0.16,0.45,0.74,0.24,0.76,0.72,0.5021913
0.16,0.43,0.71,0.25,0.74,0.7,0.5021914
0.17,0.46,0.73,0.2,0.72,0.71,0.5021914
0.17,0.47,0.7,0.25,0.76,0.71,0.5021914
0.17,0.47,0.72,0.26,0.76,0.71,0.5021916
0.18,0.43,0.71,0.24,0.76,0.71,0.5021916
0.18,0.45,0.71,0.26,0.73,0.7,0.5021916
0.16,0.43,0.71,0.22,0.75,0.7,0.5021917
0.17,0.46,0.72,0.27,0.73,0.7,0.5021917
0.17,0.4,0.71,0.21,0.75,0.72,0.5021918
0.17,0.47,0.71,0.26,0.74,0.7,0.5021918
0.17,0.42,0.7,0.24,0.75,0.71,0.5021922
0.18,0.45,0.71,0.26,0.74,0.71,0.5021923
0.16,0.46,0.74,0.23,0.72,0.71,0.5021924
0.17,0.4,0.72,0.2,0.75,0.72,0.5021924
0.17,0.46,0.72,0.27,0.74,0.71,0.5021924
0.16,0.43,0.71,0.25,0.75,0.71,0.5021925
0.18,0.44,0.71,0.23,0.72,0.7,0.5021925
0.18,0.49,0.7,0.25,0.72,0.71,0.5021926
0.16,0.47,0.73,0.28,0.73,0.7,0.5021927
0.17,0.43,0.73,0.2,0.74,0.72,0.5021927
0.16,0.45,0.71,0.21,0.76,0.7,0.5021929
0.17,0.48,0.74,0.21,0.75,0.72,0.5021931
0.18,0.45,0.71,0.26,0.75,0.72,0.5021931
0.16,0.48,0.75,0.24,0.75,0.72,0.5021932
0.17,0.46,0.72,0.27,0.75,0.72,0.5021932
0.16,0.47,0.73,0.28,0.74,0.71,0.5021933
0.17,0.42,0.7,0.24,0.76,0.72,0.5021933
0.17,0.46,0.72,0.27,0.74,0.7,0.5021934
0.18,0.46,0.72,0.24,0.75,0.71,0.5021934
0.16,0.43,0.71,0.25,0.76,0.72,0.5021936
0.16,0.46,0.72,0.22,0.74,0.7,0.5021939
0.16,0.47,0.73,0.28,0.75,0.72,0.5021941
0.17,0.46,0.74,0.2,0.73,0.72,0.5021941
0.16,0.41,0.71,0.21,0.73,0.7,0.5021945
0.16,0.43,0.72,0.22,0.76,0.71,0.5021945
0.16,0.46,0.7,0.22,0.75,0.7,0.5021946
0.18,0.49,0.73,0.28,0.73,0.72,0.5021946
0.18,0.49,0.75,0.25,0.72,0.72,0.5021949
0.16,0.5,0.75,0.29,0.74,0.72,0.502195
0.16,0.46,0.75,0.23,0.73,0.72,0.5021951
0.17,0.48,0.73,0.28,0.75,0.71,0.5021952
0.18,0.44,0.72,0.23,0.73,0.71,0.5021952
0.16,0.44,0.72,0.21,0.72,0.7,0.5021955
0.16,0.45,0.7,0.28,0.75,0.7,0.5021959
0.18,0.46,0.73,0.24,0.76,0.72,0.5021959
0.17,0.46,0.73,0.27,0.75,0.71,0.502196
0.17,0.49,0.73,0.28,0.73,0.71,0.502196
0.16,0.47,0.72,0.24,0.76,0.71,0.5021962
0.16,0.47,0.71,0.24,0.74,0.7,0.5021963
0.16,0.46,0.73,0.22,0.75,0.71,0.5021964
0.17,0.5,0.71,0.25,0.72,0.72,0.5021964
0.18,0.5,0.73,0.2,0.72,0.72,0.5021964
0.16,0.47,0.7,0.23,0.76,0.71,0.5021968
0.18,0.44,0.7,0.22,0.75,0.7,0.502197
0.18,0.47,0.73,0.23,0.72,0.71,0.5021974
0.16,0.41,0.72,0.21,0.74,0.71,0.5021977
0.17,0.49,0.75,0.2,0.72,0.72,0.5021978
0.18,0.48,0.71,0.27,0.72,0.7,0.5021978
0.18,0.44,0.73,0.23,0.74,0.72,0.502198
0.16,0.5,0.71,0.25,0.72,0.71,0.5021982
0.16,0.44,0.73,0.21,0.73,0.71,0.5021983
0.16,0.45,0.73,0.24,0.72,0.72,0.5021983
0.17,0.44,0.71,0.25,0.75,0.7,0.5021984
0.17,0.44,0.72,0.23,0.72,0.72,0.5021985
0.17,0.46,0.74,0.27,0.76,0.72,0.5021985
0.16,0.48,0.71,0.25,0.75,0.71,0.5021989
0.16,0.41,0.71,0.21,0.72,0.71,0.502199
0.16,0.46,0.74,0.22,0.76,0.72,0.502199
0.16,0.48,0.73,0.26,0.75,0.71,0.502199
0.16,0.41,0.7,0.2,0.76,0.7,0.5021991
0.18,0.42,0.7,0.21,0.73,0.7,0.5021991
0.16,0.48,0.7,0.25,0.73,0.7,0.5021994
0.16,0.48,0.72,0.26,0.73,0.7,0.5021995
0.18,0.44,0.71,0.22,0.76,0.71,0.5021995
0.18,0.43,0.71,0.22,0.72,0.72,0.5021996
0.16,0.43,0.7,0.24,0.72,0.7,0.5021997
0.18,0.47,0.74,0.23,0.73,0.72,0.5021997
0.17,0.47,0.74,0.26,0.72,0.71,0.5021998
0.18,0.49,0.74,0.29,0.75,0.72,0.5021998
0.16,0.5,0.74,0.28,0.73,0.72,0.5022
0.17,0.49,0.75,0.27,0.75,0.72,0.5022
0.18,0.49,0.72,0.27,0.72,0.72,0.5022
0.16,0.46,0.7,0.27,0.74,0.72,0.5022002
0.16,0.41,0.71,0.21,0.73,0.72,0.5022003
0.17,0.4,0.7,0.2,0.72,0.71,0.5022004
0.16,0.47,0.74,0.21,0.72,0.71,0.5022007
0.18,0.45,0.71,0.21,0.72,0.7,0.5022007
0.16,0.43,0.7,0.24,0.73,0.71,0.5022008
0.18,0.48,0.74,0.29,0.76,0.72,0.5022008
0.16,0.41,0.73,0.21,0.75,0.72,0.5022009
0.18,0.45,0.7,0.25,0.72,0.71,0.5022009
0.16,0.44,0.71,0.2,0.75,0.7,0.502201
0.17,0.44,0.72,0.25,0.76,0.71,0.502201
0.17,0.46,0.71,0.26,0.72,0.71,0.502201
0.16,0.44,0.74,0.21,0.74,0.72,0.5022011
0.17,0.49,0.72,0.27,0.72,0.71,0.5022013
0.17,0.5,0.72,0.26,0.74,0.72,0.5022013
0.16,0.49,0.73,0.27,0.76,0.72,0.5022015
0.16,0.47,0.72,0.27,0.72,0.71,0.5022016
0.17,0.4,0.7,0.2,0.73,0.72,0.5022018
0.17,0.46,0.71,0.26,0.73,0.72,0.5022018
0.18,0.45,0.7,0.25,0.73,0.72,0.5022018
0.16,0.43,0.7,0.24,0.74,0.72,0.502202
0.18,0.42,0.71,0.21,0.74,0.71,0.502202
0.16,0.49,0.75,0.28,0.76,0.72,0.5022021
0.17,0.45,0.72,0.24,0.72,0.7,0.5022021
0.16,0.47,0.72,0.27,0.73,0.72,0.5022023
0.17,0.47,0.73,0.25,0.75,0.71,0.5022025
0.16,0.49,0.74,0.28,0.74,0.71,0.5022029
0.18,0.5,0.75,0.23,0.72,0.72,0.5022029
0.16,0.47,0.75,0.21,0.73,0.72,0.5022031
0.18,0.45,0.72,0.21,0.73,0.71,0.5022033
0.16,0.44,0.72,0.2,0.76,0.71,0.5022036
0.16,0.49,0.73,0.28,0.72,0.7,0.5022038
0.16,0.47,0.73,0.28,0.74,0.7,0.5022039
0.16,0.45,0.7,0.28,0.76,0.7,0.5022041
0.17,0.42,0.7,0.23,0.76,0.7,0.5022043
0.18,0.47,0.73,0.22,0.76,0.72,0.5022044
0.17,0.45,0.73,0.24,0.73,0.71,0.5022046
0.18,0.49,0.73,0.28,0.74,0.72,0.5022048
0.17,0.47,0.74,0.25,0.76,0.72,0.5022049
0.18,0.42,0.72,0.21,0.75,0.72,0.502205
0.16,0.44,0.74,0.24,0.74,0.72,0.5022051
0.16,0.5,0.73,0.27,0.72,0.72,0.5022053
0.17,0.47,0.75,0.26,0.73,0.72,0.5022053
0.18,0.46,0.74,0.25,0.73,0.72,0.5022053
0.17,0.43,0.73,0.23,0.74,0.72,0.5022054
0.18,0.48,0.73,0.21,0.75,0.72,0.5022055
0.16,0.46,0.71,0.28,0.76,0.72,0.5022057
0.18,0.48,0.72,0.21,0.73,0.71,0.5022057
0.18,0.45,0.73,0.21,0.74,0.72,0.5022059
0.16,0.42,0.74,0.2,0.72,0.72,0.502206
0.17,0.45,0.71,0.23,0.75,0.7,0.502206
0.16,0.47,0.74,0.28,0.75,0.71,0.5022061
0.18,0.42,0.72,0.22,0.74,0.72,0.5022063
0.18,0.48,0.73,0.21,0.72,0.71,0.5022065
0.18,0.49,0.74,0.23,0.74,0.72,0.5022065
0.18,0.48,0.71,0.2,0.75,0.72,0.5022066
0.17,0.48,0.74,0.24,0.72,0.71,0.5022068
0.18,0.48,0.7,0.2,0.73,0.71,0.5022068
0.16,0.42,0.71,0.24,0.74,0.7,0.5022069
0.18,0.49,0.72,0.22,0.74,0.72,0.502207
0.17,0.41,0.7,0.23,0.74,0.7,0.5022071
0.16,0.4,0.72,0.21,0.75,0.72,0.5022072
0.17,0.45,0.72,0.26,0.74,0.71,0.5022072
0.17,0.45,0.74,0.24,0.74,0.72,0.5022072
0.18,0.49,0.73,0.23,0.72,0.71,0.5022072
0.17,0.5,0.71,0.25,0.73,0.72,0.5022073
0.18,0.44,0.71,0.25,0.74,0.71,0.5022074
0.18,0.49,0.71,0.22,0.72,0.71,0.5022075
0.16,0.46,0.73,0.27,0.74,0.71,0.5022078
0.16,0.42,0.71,0.24,0.75,0.71,0.5022079
0.17,0.41,0.7,0.23,0.75,0.71,0.502208
0.17,0.45,0.72,0.26,0.75,0.72,0.502208
0.17,0.43,0.71,0.22,0.73,0.7,0.5022081
0.18,0.44,0.71,0.25,0.75,0.72,0.5022082
0.16,0.45,0.72,0.26,0.75,0.7,0.5022083
0.17,0.45,0.72,0.23,0.76,0.71,0.5022084
0.18,0.49,0.7,0.21,0.74,0.72,0.5022084
0.16,0.47,0.75,0.28,0.76,0.72,0.5022085
0.18,0.48,0.73,0.28,0.73,0.71,0.5022085
0.16,0.46,0.73,0.27,0.75,0.72,0.5022086
0.18,0.48,0.74,0.21,0.73,0.72,0.5022086
0.18,0.48,0.73,0.28,0.74,0.72,0.5022087
0.16,0.42,0.71,0.24,0.76,0.72,0.5022089
0.18,0.5,0.73,0.24,0.73,0.72,0.5022089
0.16,0.47,0.74,0.2,0.76,0.72,0.502209
0.17,0.41,0.7,0.23,0.76,0.72,0.502209
0.17,0.48,0.75,0.24,0.73,0.72,0.5022091
0.17,0.49,0.74,0.29,0.73,0.71,0.5022092
0.18,0.5,0.71,0.23,0.73,0.72,0.5022095
0.18,0.45,0.71,0.2,0.76,0.71,0.5022097
0.17,0.46,0.72,0.22,0.72,0.7,0.5022099
0.16,0.48,0.75,0.27,0.72,0.71,0.50221
0.16,0.46,0.7,0.26,0.76,0.7,0.5022102
0.18,0.43,0.73,0.2,0.72,0.72,0.5022102
0.18,0.49,0.72,0.27,0.73,0.72,0.5022103
0.16,0.44,0.7,0.27,0.75,0.7,0.5022105
0.16,0.5,0.74,0.28,0.74,0.72,0.5022105
0.16,0.46,0.72,0.27,0.76,0.7,0.5022107
0.17,0.43,0.72,0.22,0.74,0.71,0.5022107
0.16,0.45,0.73,0.26,0.76,0.71,0.5022109
0.16,0.46,0.7,0.27,0.75,0.72,0.5022109
0.16,0.44,0.7,0.27,0.76,0.71,0.5022114
0.18,0.43,0.7,0.26,0.76,0.7,0.5022116
0.17,0.49,0.72,0.27,0.73,0.71,0.5022119
0.16,0.46,0.73,0.25,0.72,0.7,0.502212
0.18,0.48,0.74,0.28,0.76,0.72,0.5022121
0.17,0.46,0.73,0.22,0.73,0.71,0.5022123
0.17,0.49,0.74,0.21,0.74,0.72,0.5022127
0.17,0.43,0.7,0.21,0.76,0.7,0.502213
0.17,0.49,0.73,0.21,0.72,0.71,0.5022131
0.17,0.43,0.73,0.22,0.75,0.72,0.5022134
0.17,0.49,0.72,0.2,0.74,0.72,0.5022137
0.17,0.5,0.7,0.24,0.72,0.72,0.5022137
0.16,0.44,0.73,0.23,0.72,0.72,0.5022138
0.16,0.43,0.71,0.24,0.76,0.7,0.502214
0.17,0.49,0.71,0.2,0.72,0.71,0.502214
0.17,0.5,0.75,0.23,0.73,0.72,0.5022141
0.18,0.48,0.7,0.26,0.72,0.7,0.5022141
0.18,0.49,0.74,0.27,0.72,0.71,0.5022142
0.17,0.5,0.73,0.22,0.73,0.72,0.5022143
0.16,0.46,0.74,0.25,0.73,0.71,0.5022144
0.16,0.48,0.75,0.26,0.76,0.72,0.5022145
0.17,0.43,0.72,0.22,0.72,0.72,0.5022147
0.17,0.46,0.74,0.22,0.74,0.72,0.5022147
0.18,0.46,0.72,0.26,0.76,0.71,0.5022148
0.18,0.44,0.71,0.25,0.73,0.7,0.5022149
0.18,0.49,0.73,0.28,0.75,0.72,0.5022152
0.17,0.49,0.74,0.22,0.72,0.71,0.5022154
0.16,0.46,0.72,0.24,0.75,0.7,0.5022155
0.17,0.41,0.7,0.2,0.74,0.7,0.5022155
0.16,0.42,0.7,0.23,0.72,0.7,0.5022156
0.16,0.5,0.7,0.24,0.72,0.71,0.5022156
0.18,0.45,0.7,0.2,0.75,0.7,0.5022157
0.16,0.5,0.73,0.27,0.73,0.72,0.5022158
0.17,0.5,0.71,0.21,0.73,0.72,0.5022158
0.17,0.45,0.71,0.25,0.72,0.71,0.502216
0.18,0.49,0.71,0.26,0.72,0.72,0.502216
0.16,0.4,0.71,0.2,0.72,0.71,0.5022162
0.18,0.49,0.75,0.27,0.73,0.72,0.5022162
0.16,0.46,0.72,0.26,0.72,0.71,0.5022163
0.18,0.42,0.71,0.21,0.72,0.72,0.5022163
0.18,0.44,0.7,0.24,0.72,0.71,0.5022164
0.18,0.47,0.72,0.25,0.72,0.7,0.5022165
0.16,0.42,0.7,0.23,0.73,0.71,0.5022166
0.16,0.49,0.75,0.25,0.72,0.71,0.5022166
0.18,0.46,0.7,0.21,0.76,0.71,0.5022166
0.16,0.46,0.75,0.25,0.74,0.72,0.5022169
0.17,0.44,0.71,0.2,0.73,0.7,0.5022169
0.17,0.45,0.71,0.25,0.73,0.72,0.5022169
0.16,0.46,0.72,0.26,0.73,0.72,0.502217
0.18,0.47,0.71,0.23,0.75,0.71,0.5022171
0.18,0.44,0.7,0.24,0.73,0.72,0.5022172
0.16,0.44,0.72,0.23,0.73,0.7,0.5022174
0.17,0.49,0.75,0.22,0.73,0.72,0.5022174
0.16,0.4,0.71,0.2,0.73,0.72,0.5022175
0.17,0.49,0.71,0.26,0.72,0.71,0.5022176
0.18,0.47,0.7,0.23,0.73,0.7,0.5022177
0.18,0.48,0.72,0.27,0.72,0.72,0.5022177
0.16,0.42,0.7,0.23,0.74,0.72,0.5022178
0.16,0.46,0.73,0.24,0.76,0.71,0.5022178
0.17,0.46,0.72,0.21,0.76,0.71,0.5022178
0.17,0.44,0.74,0.21,0.72,0.72,0.502218
0.17,0.41,0.71,0.2,0.75,0.71,0.5022184
0.18,0.44,0.7,0.24,0.76,0.7,0.5022185
0.18,0.47,0.73,0.25,0.73,0.71,0.5022186
0.18,0.48,0.73,0.25,0.76,0.72,0.5022186
0.18,0.48,0.71,0.24,0.76,0.72,0.5022189
0.16,0.47,0.73,0.23,0.72,0.7,0.5022193
0.18,0.48,0.72,0.25,0.74,0.71,0.5022193
0.17,0.44,0.72,0.2,0.74,0.71,0.5022194
0.18,0.48,0.7,0.24,0.74,0.71,0.5022196
0.16,0.44,0.73,0.23,0.74,0.71,0.5022199
0.17,0.47,0.72,0.2,0.72,0.7,0.50222
0.16,0.5,0.75,0.21,0.73,0.72,0.5022202
0.18,0.48,0.71,0.25,0.72,0.7,0.5022203
0.16,0.43,0.74,0.23,0.74,0.72,0.5022207
0.18,0.49,0.72,0.27,0.74,0.72,0.5022207
0.18,0.47,0.74,0.25,0.74,0.72,0.5022208
0.18,0.42,0.7,0.23,0.74,0.7,0.5022209
0.16,0.5,0.73,0.2,0.73,0.72,0.5022212
0.17,0.41,0.72,0.2,0.76,0.72,0.5022213
0.17,0.44,0.71,0.27,0.76,0.7,0.5022213
0.18,0.49,0.72,0.26,0.75,0.72,0.5022213
0.18,0.49,0.74,0.27,0.75,0.72,0.5022213
0.16,0.5,0.72,0.26,0.72,0.72,0.5022214
0.16,0.47,0.74,0.23,0.73,0.71,0.5022215
0.17,0.42,0.73,0.22,0.74,0.72,0.5022215
0.16,0.46,0.7,0.27,0.76,0.72,0.5022217
0.16,0.44,0.71,0.22,0.76,0.7,0.5022219
0.16,0.49,0.74,0.29,0.73,0.71,0.5022219
0.17,0.44,0.73,0.2,0.75,0.72,0.5022219
0.17,0.47,0.73,0.2,0.73,0.71,0.5022221
0.18,0.49,0.71,0.26,0.73,0.71,0.5022222
0.18,0.45,0.71,0.23,0.73,0.7,0.5022223
0.17,0.44,0.72,0.25,0.74,0.71,0.5022224
0.17,0.46,0.71,0.2,0.74,0.7,0.5022224
0.18,0.49,0.73,0.27,0.73,0.71,0.5022224
0.16,0.44,0.74,0.23,0.75,0.72,0.5022225
0.16,0.45,0.73,0.26,0.74,0.71,0.5022226
0.16,0.41,0.71,0.23,0.74,0.7,0.5022227
0.18,0.43,0.71,0.24,0.74,0.71,0.5022229
0.18,0.47,0.73,0.27,0.73,0.71,0.5022229
0.18,0.41,0.72,0.21,0.74,0.72,0.502223
0.18,0.47,0.73,0.27,0.74,0.72,0.5022231
0.17,0.44,0.72,0.25,0.75,0.72,0.5022232
0.17,0.48,0.74,0.28,0.73,0.71,0.5022232
0.16,0.45,0.73,0.26,0.75,0.72,0.5022233
0.17,0.4,0.7,0.22,0.74,0.7,0.5022233
0.17,0.47,0.71,0.21,0.75,0.71,0.5022234
0.17,0.48,0.74,0.28,0.74,0.72,0.5022234
0.18,0.5,0.75,0.25,0.73,0.72,0.5022234
0.17,0.48,0.72,0.28,0.72,0.7,0.5022235
0.18,0.42,0.71,0.23,0.75,0.71,0.5022235
0.16,0.41,0.71,0.23,0.75,0.71,0.5022237
0.17,0.48,0.73,0.23,0.76,0.72,0.5022237
0.18,0.43,0.71,0.24,0.75,0.72,0.5022237
0.16,0.47,0.75,0.23,0.74,0.72,0.5022238
0.17,0.47,0.7,0.21,0.73,0.7,0.5022238
0.17,0.5,0.75,0.28,0.72,0.71,0.5022239
0.16,0.42,0.71,0.21,0.74,0.7,0.5022241
0.16,0.49,0.75,0.29,0.73,0.71,0.5022241
0.17,0.47,0.74,0.2,0.74,0.72,0.5022242
0.17,0.48,0.72,0.23,0.74,0.71,0.5022242
0.17,0.4,0.7,0.22,0.75,0.71,0.5022243
0.17,0.47,0.73,0.27,0.76,0.71,0.5022243
0.16,0.49,0.75,0.29,0.74,0.72,0.5022244
0.17,0.45,0.72,0.26,0.73,0.7,0.5022244
0.18,0.45,0.72,0.23,0.74,0.71,0.5022245
0.16,0.41,0.71,0.23,0.76,0.72,0.5022246
0.17,0.5,0.7,0.24,0.73,0.72,0.5022247
0.17,0.48,0.71,0.22,0.76,0.72,0.5022248
0.17,0.48,0.71,0.23,0.72,0.7,0.502225
0.18,0.45,0.7,0.27,0.74,0.7,0.5022253
0.17,0.4,0.7,0.22,0.76,0.72,0.5022254
0.17,0.48,0.7,0.22,0.74,0.71,0.5022254
0.17,0.49,0.73,0.28,0.72,0.72,0.5022254
0.18,0.5,0.75,0.29,0.74,0.72,0.5022254
0.17,0.46,0.71,0.28,0.74,0.7,0.5022256
0.16,0.45,0.72,0.21,0.73,0.7,0.5022257
0.17,0.49,0.74,0.25,0.75,0.72,0.5022257
0.18,0.45,0.7,0.27,0.75,0.71,0.5022257
0.16,0.43,0.7,0.26,0.75,0.7,0.5022258
0.17,0.46,0.71,0.28,0.75,0.71,0.502226
0.17,0.48,0.73,0.26,0.72,0.7,0.502226
0.18,0.42,0.72,0.23,0.76,0.72,0.502226
0.17,0.49,0.72,0.24,0.75,0.72,0.5022261
0.16,0.5,0.73,0.27,0.74,0.72,0.5022263
0.18,0.45,0.7,0.27,0.76,0.72,0.5022264
0.16,0.43,0.7,0.26,0.76,0.71,0.5022266
0.17,0.46,0.71,0.28,0.76,0.72,0.5022266
0.18,0.49,0.71,0.26,0.73,0.72,0.5022266
0.16,0.42,0.72,0.21,0.75,0.71,0.5022267
0.16,0.45,0.75,0.22,0.72,0.72,0.5022267
0.18,0.45,0.73,0.23,0.75,0.72,0.5022267
0.18,0.48,0.73,0.23,0.73,0.71,0.5022267
0.17,0.49,0.73,0.25,0.73,0.71,0.5022268
0.17,0.49,0.71,0.24,0.73,0.71,0.5022269
0.16,0.49,0.73,0.28,0.72,0.71,0.5022272
0.17,0.49,0.7,0.23,0.75,0.72,0.5022275
0.17,0.45,0.71,0.25,0.76,0.7,0.5022277
0.18,0.43,0.72,0.22,0.72,0.71,0.5022278
0.16,0.45,0.73,0.21,0.74,0.71,0.502228
0.17,0.48,0.74,0.26,0.73,0.71,0.502228
0.18,0.45,0.7,0.24,0.76,0.7,0.5022283
0.17,0.49,0.71,0.26,0.73,0.71,0.5022284
0.16,0.4,0.71,0.2,0.72,0.7,0.5022285
0.17,0.5,0.73,0.26,0.74,0.72,0.5022287
0.17,0.5,0.75,0.27,0.74,0.72,0.5022287
0.18,0.48,0.74,0.23,0.74,0.72,0.5022287
0.18,0.43,0.7,0.21,0.74,0.7,0.502229
0.17,0.5,0.71,0.25,0.74,0.72,0.5022292
0.16,0.47,0.73,0.2,0.75,0.71,0.5022293
0.16,0.42,0.73,0.21,0.76,0.72,0.5022295
0.16,0.47,0.72,0.2,0.73,0.7,0.5022297
0.17,0.5,0.72,0.26,0.72,0.71,0.5022298
0.17,0.5,0.74,0.27,0.72,0.71,0.5022299
0.16,0.43,0.73,0.22,0.72,0.72,0.50223
0.17,0.43,0.71,0.24,0.74,0.7,0.50223
0.17,0.48,0.75,0.26,0.74,0.72,0.5022301
0.17,0.49,0.74,0.29,0.74,0.72,0.5022301
0.16,0.48,0.73,0.21,0.76,0.72,0.5022302
0.16,0.45,0.74,0.21,0.75,0.72,0.5022304
0.18,0.43,0.73,0.22,0.73,0.72,0.5022304
0.16,0.48,0.73,0.22,0.72,0.7,0.5022305
0.18,0.46,0.71,0.26,0.75,0.7,0.5022305
0.16,0.48,0.72,0.21,0.74,0.71,0.5022307
0.16,0.48,0.74,0.21,0.73,0.71,0.5022308
0.16,0.49,0.74,0.23,0.75,0.72,0.5022309
0.18,0.4,0.7,0.21,0.76,0.71,0.502231
0.18,0.46,0.74,0.22,0.72,0.72,0.502231
0.16,0.43,0.73,0.2,0.72,0.71,0.5022313
0.16,0.45,0.72,0.25,0.72,0.71,0.5022313
0.16,0.48,0.71,0.21,0.72,0.7,0.5022313
0.17,0.46,0.72,0.24,0.73,0.7,0.5022313
0.18,0.46,0.71,0.21,0.73,0.7,0.5022313
0.18,0.49,0.72,0.27,0.75,0.72,0.5022313
0.16,0.45,0.72,0.28,0.76,0.7,0.5022314
0.18,0.43,0.71,0.21,0.75,0.71,0.5022314
0.16,0.4,0.72,0.2,0.73,0.71,0.5022315
0.17,0.42,0.72,0.21,0.72,0.72,0.5022315
0.17,0.44,0.71,0.24,0.72,0.71,0.5022315
0.16,0.49,0.73,0.23,0.73,0.71,0.5022317
0.16,0.48,0.71,0.2,0.76,0.72,0.5022319
0.16,0.41,0.7,0.22,0.72,0.7,0.502232
0.16,0.45,0.72,0.25,0.73,0.72,0.5022321
0.16,0.49,0.72,0.22,0.75,0.72,0.5022321
0.16,0.5,0.72,0.26,0.73,0.72,0.5022321
0.18,0.48,0.72,0.28,0.73,0.71,0.5022322
0.17,0.44,0.71,0.24,0.73,0.72,0.5022323
0.18,0.43,0.7,0.23,0.72,0.71,0.5022323
0.18,0.47,0.71,0.27,0.76,0.71,0.5022323
0.18,0.47,0.72,0.26,0.72,0.72,0.5022323
0.16,0.48,0.7,0.2,0.74,0.71,0.5022324
0.16,0.49,0.74,0.29,0.74,0.71,0.5022324
0.17,0.43,0.72,0.24,0.75,0.71,0.5022324
0.17,0.48,0.73,0.27,0.72,0.72,0.5022324
0.16,0.48,0.75,0.21,0.74,0.72,0.5022328
0.16,0.49,0.71,0.22,0.73,0.71,0.5022328
0.16,0.41,0.7,0.22,0.73,0.71,0.5022329
0.18,0.41,0.7,0.2,0.72,0.7,0.5022329
0.18,0.49,0.7,0.25,0.72,0.72,0.5022329
0.16,0.49,0.74,0.28,0.72,0.72,0.502233
0.18,0.43,0.7,0.23,0.73,0.72,0.5022331
0.16,0.5,0.75,0.25,0.74,0.72,0.5022334
0.18,0.46,0.72,0.21,0.74,0.71,0.5022334
0.16,0.5,0.73,0.24,0.74,0.72,0.5022335
0.17,0.46,0.73,0.24,0.74,0.71,0.5022335
0.18,0.41,0.71,0.2,0.72,0.72,0.5022336
0.18,0.43,0.72,0.21,0.76,0.72,0.5022339
0.16,0.49,0.7,0.21,0.75,0.72,0.502234
0.17,0.45,0.7,0.22,0.76,0.7,0.502234
0.16,0.41,0.7,0.22,0.74,0.72,0.5022341
0.17,0.46,0.7,0.27,0.72,0.7,0.5022341
0.17,0.48,0.72,0.28,0.73,0.7,0.5022341
0.16,0.43,0.74,0.2,0.73,0.72,0.5022343
0.16,0.46,0.73,0.27,0.73,0.7,0.5022344
0.16,0.4,0.73,0.2,0.74,0.72,0.5022345
0.16,0.5,0.74,0.25,0.72,0.71,0.5022345
0.17,0.49,0.7,0.25,0.72,0.71,0.5022346
0.16,0.5,0.72,0.24,0.72,0.71,0.5022347
0.17,0.46,0.7,0.27,0.73,0.71,0.5022347
0.17,0.43,0.73,0.24,0.76,0.72,0.5022348
0.16,0.5,0.71,0.23,0.74,0.72,0.5022349
0.16,0.46,0.75,0.2,0.72,0.72,0.502235
0.17,0.46,0.71,0.24,0.75,0.7,0.5022352
0.18,0.46,0.73,0.21,0.75,0.72,0.5022354
0.17,0.46,0.7,0.27,0.74,0.72,0.5022355
0.17,0.49,0.73,0.28,0.73,0.72,0.5022355
0.17,0.49,0.75,0.3,0.76,0.72,0.5022356
0.17,0.46,0.74,0.24,0.75,0.72,0.5022357
0.18,0.41,0.71,0.2,0.73,0.71,0.5022357
0.16,0.5,0.7,0.23,0.72,0.71,0.502236
0.18,0.44,0.72,0.2,0.72,0.71,0.502236
0.17,0.44,0.73,0.23,0.72,0.71,0.5022365
0.17,0.41,0.7,0.22,0.75,0.7,0.5022368
0.17,0.47,0.71,0.25,0.76,0.71,0.5022368
0.18,0.49,0.71,0.26,0.74,0.72,0.5022373
0.17,0.47,0.72,0.26,0.74,0.7,0.5022375
0.16,0.49,0.73,0.28,0.73,0.71,0.5022376
0.17,0.49,0.75,0.24,0.74,0.72,0.5022376
0.17,0.44,0.71,0.22,0.74,0.7,0.5022377
0.17,0.47,0.7,0.25,0.74,0.7,0.5022377
0.16,0.44,0.73,0.25,0.74,0.71,0.5022379
0.17,0.47,0.74,0.27,0.74,0.72,0.5022379
0.18,0.48,0.71,0.27,0.72,0.71,0.5022379
0.16,0.49,0.75,0.27,0.73,0.71,0.502238
0.17,0.43,0.72,0.24,0.74,0.71,0.502238
0.18,0.46,0.73,0.26,0.74,0.72,0.502238
0.16,0.5,0.71,0.25,0.72,0.72,0.5022384
0.18,0.47,0.72,0.27,0.73,0.7,0.5022384
0.16,0.44,0.73,0.25,0.75,0.72,0.5022385
0.16,0.48,0.75,0.28,0.74,0.72,0.5022385
0.18,0.41,0.72,0.2,0.74,0.72,0.5022386
0.18,0.44,0.73,0.2,0.73,0.72,0.5022386
0.17,0.43,0.72,0.24,0.75,0.72,0.5022387
0.18,0.42,0.71,0.23,0.74,0.71,0.5022388
0.17,0.44,0.74,0.23,0.73,0.72,0.502239
0.17,0.41,0.71,0.22,0.76,0.71,0.5022392
0.18,0.5,0.75,0.29,0.73,0.72,0.5022392
0.17,0.48,0.71,0.27,0.72,0.7,0.5022395
0.17,0.48,0.72,0.27,0.75,0.71,0.5022395
0.18,0.42,0.71,0.23,0.75,0.72,0.5022395
0.16,0.44,0.72,0.25,0.74,0.7,0.5022397
0.17,0.44,0.72,0.22,0.75,0.71,0.5022399
0.17,0.47,0.72,0.22,0.73,0.7,0.5022399
0.16,0.4,0.71,0.22,0.75,0.71,0.50224
0.17,0.47,0.75,0.23,0.72,0.72,0.5022402
0.18,0.47,0.74,0.2,0.72,0.72,0.5022402
0.17,0.45,0.71,0.27,0.74,0.7,0.5022403
0.18,0.47,0.73,0.27,0.74,0.71,0.5022403
0.17,0.49,0.74,0.29,0.75,0.72,0.5022404
0.18,0.44,0.7,0.26,0.74,0.7,0.5022405
0.17,0.45,0.71,0.27,0.75,0.71,0.5022407
0.16,0.47,0.73,0.25,0.73,0.7,0.5022408
0.16,0.46,0.72,0.28,0.74,0.7,0.5022409
0.18,0.44,0.7,0.26,0.75,0.71,0.5022409
0.16,0.4,0.71,0.22,0.76,0.72,0.502241
0.16,0.45,0.7,0.2,0.76,0.7,0.502241
0.17,0.42,0.71,0.21,0.72,0.7,0.502241
0.16,0.46,0.71,0.22,0.75,0.7,0.5022411
0.16,0.46,0.72,0.28,0.75,0.71,0.5022413
0.16,0.42,0.7,0.25,0.75,0.7,0.5022414
0.17,0.45,0.71,0.27,0.76,0.72,0.5022414
0.17,0.49,0.72,0.27,0.72,0.72,0.5022414
0.18,0.44,0.7,0.26,0.76,0.72,0.5022416
0.16,0.47,0.73,0.24,0.76,0.71,0.5022418
0.16,0.46,0.72,0.28,0.76,0.72,0.5022419
0.17,0.47,0.73,0.22,0.74,0.71,0.5022419
0.16,0.44,0.73,0.25,0.75,0.71,0.502242
0.16,0.42,0.7,0.25,0.76,0.71,0.5022422
0.17,0.44,0.73,0.22,0.76,0.72,0.5022422
0.18,0.47,0.74,0.27,0.75,0.72,0.5022423
0.16,0.47,0.72,0.24,0.74,0.7,0.5022425
0.18,0.48,0.72,0.28,0.74,0.71,0.5022425
0.18,0.5,0.74,0.2,0.72,0.72,0.5022425
0.16,0.47,0.71,0.23,0.76,0.71,0.5022426
0.16,0.47,0.74,0.25,0.74,0.71,0.5022429
0.16,0.5,0.72,0.26,0.74,0.72,0.5022429
0.16,0.47,0.7,0.23,0.74,0.7,0.5022432
0.16,0.49,0.72,0.27,0.72,0.71,0.5022432
0.17,0.42,0.72,0.21,0.73,0.71,0.5022436
0.18,0.49,0.7,0.25,0.73,0.72,0.5022436
0.18,0.45,0.71,0.25,0.74,0.7,0.5022437
0.17,0.47,0.74,0.22,0.75,0.72,0.5022438
0.16,0.45,0.7,0.28,0.76,0.71,0.5022442
0.16,0.48,0.74,0.26,0.75,0.71,0.5022442
0.16,0.44,0.74,0.25,0.76,0.72,0.5022443
0.16,0.48,0.72,0.25,0.75,0.71,0.5022443
0.17,0.45,0.73,0.21,0.72,0.71,0.5022443
0.16,0.47,0.75,0.25,0.75,0.72,0.502245
0.16,0.48,0.7,0.24,0.75,0.71,0.5022452
0.16,0.48,0.73,0.26,0.73,0.7,0.5022453
0.16,0.48,0.71,0.25,0.73,0.7,0.5022454
0.17,0.49,0.7,0.25,0.73,0.71,0.5022456
0.17,0.42,0.7,0.2,0.75,0.7,0.5022457
0.17,0.49,0.73,0.28,0.74,0.72,0.5022457
0.18,0.45,0.72,0.25,0.75,0.71,0.5022457
0.16,0.42,0.71,0.23,0.75,0.7,0.5022459
0.16,0.45,0.74,0.24,0.72,0.71,0.5022459
0.16,0.49,0.74,0.27,0.76,0.72,0.502246
0.17,0.42,0.73,0.21,0.74,0.72,0.5022463
0.16,0.49,0.72,0.26,0.76,0.72,0.5022464
0.17,0.45,0.74,0.21,0.73,0.72,0.5022466
0.16,0.44,0.72,0.24,0.72,0.71,0.5022468
0.16,0.45,0.72,0.23,0.74,0.7,0.5022469
0.18,0.48,0.75,0.26,0.72,0.72,0.5022469
0.16,0.42,0.73,0.21,0.72,0.72,0.502247
0.16,0.49,0.73,0.27,0.74,0.71,0.5022472
0.17,0.47,0.73,0.26,0.72,0.72,0.5022472
0.18,0.46,0.72,0.25,0.72,0.72,0.5022472
0.17,0.43,0.71,0.23,0.72,0.71,0.5022474
0.16,0.44,0.72,0.24,0.73,0.72,0.5022475
0.16,0.48,0.74,0.27,0.72,0.72,0.5022475
0.17,0.45,0.71,0.2,0.74,0.7,0.5022476
0.18,0.45,0.73,0.25,0.76,0.72,0.5022478
0.18,0.49,0.71,0.26,0.75,0.72,0.502248
0.16,0.45,0.75,0.24,0.73,0.72,0.5022481
0.17,0.42,0.71,0.2,0.76,0.71,0.5022481
0.16,0.42,0.72,0.23,0.76,0.71,0.5022482
0.16,0.49,0.73,0.28,0.74,0.71,0.5022482
0.17,0.43,0.71,0.23,0.73,0.72,0.5022482
0.17,0.48,0.73,0.28,0.73,0.7,0.5022482
0.18,0.48,0.71,0.27,0.73,0.71,0.5022483
0.16,0.49,0.72,0.27,0.72,0.7,0.5022486
0.17,0.48,0.75,0.21,0.72,0.72,0.5022487
0.18,0.42,0.7,0.22,0.72,0.71,0.5022487
0.17,0.41,0.72,0.2,0.72,0.72,0.5022488
0.16,0.45,0.73,0.23,0.75,0.71,0.502249
0.16,0.4,0.7,0.21,0.72,0.7,0.5022491
0.16,0.49,0.74,0.28,0.72,0.7,0.5022492
0.16,0.5,0.71,0.25,0.73,0.72,0.5022492
0.18,0.48,0.74,0.25,0.75,0.72,0.5022492
0.17,0.45,0.7,0.26,0.72,0.7,0.5022493
0.16,0.46,0.71,0.27,0.72,0.7,0.5022495
0.18,0.42,0.7,0.22,0.73,0.72,0.5022495
0.17,0.45,0.72,0.2,0.75,0.71,0.5022496
0.16,0.5,0.75,0.29,0.75,0.72,0.5022497
0.16,0.43,0.72,0.22,0.72,0.7,0.5022499
0.17,0.45,0.7,0.26,0.73,0.71,0.5022499
0.17,0.48,0.74,0.28,0.74,0.71,0.5022499
0.16,0.4,0.7,0.21,0.73,0.71,0.50225
0.18,0.46,0.73,0.24,0.72,0.71,0.50225
0.16,0.46,0.71,0.27,0.73,0.71,0.5022501
0.17,0.48,0.71,0.27,0.73,0.7,0.5022503
0.18,0.43,0.7,0.23,0.75,0.7,0.5022503
0.16,0.48,0.74,0.23,0.74,0.71,0.5022506
0.17,0.45,0.7,0.26,0.74,0.72,0.5022506
0.16,0.46,0.71,0.27,0.74,0.72,0.5022507
0.17,0.49,0.74,0.29,0.76,0.72,0.5022508
0.16,0.4,0.7,0.21,0.74,0.72,0.502251
0.16,0.45,0.74,0.23,0.76,0.72,0.5022511
0.17,0.49,0.72,0.27,0.73,0.72,0.5022515
0.17,0.45,0.73,0.2,0.76,0.72,0.5022516
0.17,0.48,0.75,0.28,0.75,0.72,0.5022517
0.18,0.46,0.71,0.23,0.74,0.7,0.5022517
0.17,0.46,0.71,0.28,0.76,0.7,0.5022519
0.18,0.46,0.74,0.24,0.73,0.72,0.502252
0.16,0.43,0.73,0.22,0.73,0.71,0.5022523
0.18,0.43,0.71,0.23,0.76,0.71,0.5022524
0.18,0.48,0.72,0.2,0.75,0.72,0.5022525
0.18,0.49,0.73,0.22,0.74,0.72,0.5022525
0.16,0.48,0.75,0.23,0.75,0.72,0.5022526
0.17,0.46,0.72,0.26,0.74,0.7,0.5022528
0.17,0.46,0.74,0.26,0.74,0.72,0.5022528
0.16,0.47,0.75,0.27,0.74,0.72,0.5022531
0.18,0.45,0.73,0.25,0.74,0.72,0.5022532
0.16,0.46,0.74,0.22,0.72,0.71,0.5022533
0.18,0.48,0.71,0.2,0.73,0.71,0.5022533
0.16,0.4,0.7,0.21,0.76,0.7,0.5022534
0.18,0.49,0.75,0.28,0.73,0.72,0.5022534
0.18,0.46,0.72,0.23,0.75,0.71,0.5022536
0.18,0.49,0.72,0.22,0.72,0.71,0.5022536
0.16,0.49,0.72,0.27,0.73,0.71,0.5022538
0.16,0.43,0.71,0.21,0.75,0.7,0.5022539
0.18,0.41,0.7,0.22,0.73,0.7,0.502254
0.18,0.49,0.71,0.21,0.74,0.72,0.502254
0.18,0.49,0.75,0.24,0.72,0.72,0.502254
0.16,0.43,0.73,0.24,0.75,0.72,0.5022541
0.18,0.5,0.74,0.24,0.73,0.72,0.5022541
0.17,0.48,0.74,0.2,0.75,0.72,0.5022543
0.18,0.44,0.71,0.22,0.72,0.7,0.5022544
0.18,0.48,0.7,0.26,0.72,0.71,0.5022544
0.18,0.49,0.7,0.25,0.74,0.72,0.5022544
0.17,0.42,0.72,0.23,0.75,0.72,0.5022546
0.16,0.43,0.74,0.22,0.74,0.72,0.5022547
0.18,0.5,0.72,0.23,0.73,0.72,0.5022547
0.17,0.46,0.73,0.26,0.75,0.71,0.5022549
0.18,0.49,0.7,0.21,0.72,0.71,0.5022551
0.16,0.46,0.75,0.22,0.73,0.72,0.5022553
0.18,0.46,0.73,0.23,0.76,0.72,0.5022555
0.17,0.44,0.71,0.26,0.74,0.7,0.5022556
0.16,0.45,0.72,0.27,0.74,0.7,0.5022558
0.18,0.47,0.72,0.28,0.74,0.71,0.5022558
0.18,0.41,0.71,0.22,0.75,0.72,0.5022559
0.18,0.47,0.72,0.28,0.73,0.7,0.5022559
0.18,0.47,0.72,0.28,0.75,0.72,0.5022559
0.16,0.46,0.71,0.26,0.76,0.7,0.502256
0.17,0.44,0.71,0.26,0.75,0.71,0.502256
0.18,0.43,0.7,0.25,0.74,0.7,0.502256
0.16,0.43,0.72,0.21,0.76,0.71,0.5022561
0.16,0.46,0.72,0.21,0.74,0.7,0.5022561
0.17,0.49,0.73,0.28,0.75,0.72,0.5022561
0.16,0.45,0.72,0.27,0.75,0.71,0.5022562
0.16,0.5,0.7,0.24,0.72,0.72,0.5022562
0.17,0.48,0.7,0.26,0.72,0.7,0.5022563
0.17,0.48,0.73,0.29,0.73,0.7,0.5022563
0.18,0.41,0.71,0.22,0.74,0.71,0.5022563
0.18,0.5,0.7,0.22,0.73,0.72,0.5022563
0.18,0.43,0.7,0.25,0.75,0.71,0.5022564
0.18,0.44,0.72,0.22,0.73,0.71,0.5022565
0.17,0.44,0.71,0.26,0.76,0.72,0.5022566
0.16,0.45,0.72,0.27,0.76,0.72,0.5022568
0.17,0.46,0.74,0.26,0.76,0.72,0.5022569
0.18,0.43,0.7,0.25,0.76,0.72,0.502257
0.16,0.41,0.7,0.24,0.75,0.7,0.5022573
0.17,0.49,0.71,0.26,0.72,0.72,0.5022577
0.16,0.41,0.71,0.2,0.73,0.7,0.5022578
0.16,0.41,0.7,0.24,0.76,0.71,0.502258
0.16,0.46,0.73,0.21,0.75,0.71,0.502258
0.17,0.49,0.75,0.26,0.75,0.72,0.5022581
0.18,0.47,0.73,0.22,0.72,0.71,0.5022582
0.16,0.44,0.72,0.2,0.72,0.7,0.5022584
0.18,0.44,0.73,0.22,0.74,0.72,0.5022586
0.17,0.41,0.7,0.24,0.76,0.7,0.5022588
0.18,0.48,0.71,0.27,0.74,0.71,0.5022588
0.16,0.47,0.72,0.28,0.75,0.7,0.5022591
0.17,0.44,0.71,0.24,0.75,0.7,0.5022591
0.17,0.47,0.74,0.25,0.72,0.71,0.5022593
0.18,0.44,0.7,0.21,0.75,0.7,0.5022594
0.17,0.49,0.73,0.2,0.74,0.72,0.5022596
0.16,0.49,0.71,0.26,0.72,0.71,0.5022597
0.16,0.46,0.74,0.21,0.76,0.72,0.5022599
0.17,0.5,0.74,0.22,0.73,0.72,0.5022599
0.16,0.48,0.73,0.29,0.73,0.7,0.50226
0.16,0.49,0.75,0.29,0.74,0.71,0.50226
0.18,0.47,0.74,0.22,0.73,0.72,0.50226
0.16,0.5,0.71,0.25,0.74,0.72,0.5022601
0.16,0.46,0.7,0.26,0.72,0.72,0.5022602
0.16,0.41,0.72,0.2,0.74,0.71,0.5022603
0.16,0.44,0.73,0.2,0.73,0.71,0.5022606
0.17,0.49,0.72,0.2,0.72,0.71,0.5022606
0.17,0.44,0.72,0.24,0.76,0.71,0.5022611
0.17,0.47,0.75,0.25,0.73,0.72,0.5022612
0.17,0.5,0.72,0.21,0.73,0.72,0.5022613
0.18,0.44,0.71,0.21,0.76,0.71,0.5022613
0.17,0.49,0.72,0.27,0.74,0.72,0.5022619
0.17,0.46,0.73,0.25,0.72,0.72,0.5022622
0.16,0.47,0.74,0.26,0.72,0.72,0.5022623
0.17,0.47,0.73,0.24,0.75,0.71,0.5022623
0.18,0.42,0.7,0.2,0.73,0.7,0.5022623
0.18,0.45,0.72,0.24,0.72,0.72,0.5022626
0.16,0.47,0.73,0.27,0.74,0.7,0.5022627
0.16,0.47,0.74,0.2,0.72,0.71,0.5022627
0.17,0.42,0.71,0.23,0.73,0.7,0.5022627
0.16,0.43,0.72,0.23,0.72,0.71,0.5022628
0.16,0.44,0.74,0.2,0.74,0.72,0.5022628
0.18,0.46,0.71,0.21,0.76,0.71,0.5022628
0.18,0.5,0.75,0.22,0.72,0.72,0.5022628
0.16,0.41,0.73,0.2,0.75,0.72,0.5022629
0.18,0.47,0.72,0.23,0.75,0.71,0.5022629
0.17,0.45,0.72,0.23,0.72,0.7,0.5022633
0.16,0.43,0.72,0.23,0.73,0.72,0.5022635
0.18,0.46,0.7,0.21,0.74,0.7,0.5022635
0.18,0.45,0.71,0.2,0.72,0.7,0.5022636
0.17,0.5,0.7,0.2,0.73,0.72,0.5022638
0.18,0.48,0.72,0.24,0.76,0.72,0.5022638
0.17,0.42,0.71,0.22,0.72,0.71,0.5022639
0.18,0.47,0.71,0.23,0.73,0.7,0.502264
0.17,0.47,0.74,0.24,0.76,0.72,0.5022641
0.18,0.47,0.7,0.22,0.75,0.71,0.5022641
0.16,0.41,0.73,0.2,0.72,0.72,0.5022644
0.16,0.49,0.72,0.27,0.74,0.71,0.5022644
0.16,0.47,0.74,0.27,0.75,0.71,0.5022645
0.16,0.47,0.75,0.2,0.73,0.72,0.5022645
0.17,0.42,0.71,0.22,0.73,0.72,0.5022646
0.18,0.42,0.71,0.2,0.74,0.71,0.5022647
0.16,0.45,0.71,0.26,0.72,0.7,0.5022648
0.18,0.48,0.73,0.25,0.74,0.71,0.5022648
0.17,0.42,0.72,0.23,0.74,0.71,0.5022649
0.17,0.44,0.7,0.25,0.72,0.7,0.5022649
0.18,0.48,0.7,0.26,0.73,0.71,0.502265
0.18,0.47,0.71,0.27,0.72,0.71,0.5022651
0.17,0.45,0.73,0.23,0.73,0.71,0.5022652
0.17,0.48,0.72,0.28,0.72,0.71,0.5022652
0.18,0.47,0.73,0.21,0.76,0.72,0.5022652
0.18,0.48,0.71,0.24,0.74,0.71,0.5022652
0.18,0.49,0.7,0.25,0.75,0.72,0.5022652
0.16,0.45,0.71,0.26,0.73,0.71,0.5022653
0.18,0.48,0.7,0.23,0.76,0.72,0.5022653
0.17,0.44,0.7,0.25,0.73,0.71,0.5022654
0.18,0.47,0.71,0.27,0.73,0.72,0.5022654
0.18,0.45,0.72,0.2,0.73,0.71,0.5022655
0.16,0.48,0.72,0.28,0.72,0.7,0.5022656
0.18,0.45,0.71,0.27,0.75,0.7,0.5022657
0.18,0.49,0.73,0.26,0.75,0.72,0.5022658
0.16,0.45,0.71,0.26,0.74,0.72,0.5022659
0.18,0.41,0.7,0.21,0.72,0.71,0.5022659
0.17,0.44,0.7,0.25,0.74,0.72,0.5022661
0.17,0.42,0.7,0.22,0.76,0.7,0.5022662
0.16,0.47,0.75,0.27,0.76,0.72,0.5022663
0.18,0.48,0.72,0.25,0.72,0.7,0.5022663
0.18,0.41,0.7,0.21,0.73,0.72,0.5022666
0.18,0.48,0.7,0.24,0.72,0.7,0.5022666
0.18,0.49,0.71,0.25,0.75,0.72,0.5022666
0.16,0.49,0.73,0.28,0.72,0.72,0.502267
0.16,0.5,0.7,0.24,0.73,0.72,0.502267
0.17,0.48,0.74,0.23,0.72,0.71,0.502267
0.18,0.42,0.72,0.2,0.75,0.72,0.502267
0.16,0.5,0.74,0.2,0.73,0.72,0.5022671
0.17,0.45,0.74,0.23,0.74,0.72,0.5022671
0.18,0.45,0.72,0.27,0.76,0.71,0.5022675
0.18,0.45,0.73,0.2,0.74,0.72,0.5022675
0.18,0.49,0.72,0.26,0.73,0.71,0.5022675
0.17,0.45,0.71,0.22,0.75,0.7,0.5022676
0.17,0.48,0.73,0.29,0.74,0.71,0.502268
0.16,0.46,0.75,0.26,0.74,0.72,0.5022681
0.17,0.45,0.74,0.25,0.74,0.72,0.5022681
0.17,0.49,0.71,0.26,0.73,0.72,0.5022682
0.18,0.49,0.7,0.25,0.73,0.71,0.5022682
0.16,0.42,0.71,0.25,0.76,0.7,0.5022684
0.16,0.45,0.72,0.25,0.75,0.7,0.5022684
0.18,0.48,0.73,0.2,0.72,0.71,0.5022685
0.17,0.48,0.75,0.23,0.73,0.72,0.5022687
0.18,0.44,0.73,0.24,0.74,0.72,0.5022687
0.17,0.48,0.74,0.23,0.76,0.72,0.5022688
0.18,0.5,0.74,0.28,0.74,0.72,0.5022688
0.16,0.48,0.75,0.26,0.72,0.71,0.5022689
0.17,0.45,0.72,0.22,0.76,0.71,0.5022693
0.17,0.47,0.72,0.21,0.75,0.71,0.5022696
0.18,0.48,0.74,0.27,0.76,0.72,0.5022697
0.18,0.46,0.72,0.26,0.72,0.7,0.5022698
0.17,0.48,0.73,0.23,0.74,0.71,0.5022699
0.18,0.48,0.74,0.2,0.73,0.72,0.50227
0.16,0.42,0.73,0.23,0.75,0.72,0.5022701
0.17,0.48,0.72,0.22,0.76,0.72,0.5022702
0.16,0.45,0.73,0.25,0.76,0.71,0.5022703
0.17,0.4,0.7,0.21,0.74,0.7,0.5022704
0.17,0.43,0.71,0.21,0.73,0.7,0.5022705
0.16,0.49,0.71,0.26,0.73,0.71,0.5022706
0.17,0.47,0.71,0.21,0.73,0.7,0.5022706
0.17,0.47,0.73,0.28,0.74,0.71,0.5022706
0.17,0.47,0.73,0.28,0.75,0.72,0.5022707
0.18,0.46,0.72,0.27,0.74,0.71,0.5022707
0.18,0.47,0.71,0.28,0.73,0.7,0.5022707
0.18,0.46,0.72,0.27,0.75,0.72,0.5022708
0.17,0.49,0.73,0.24,0.75,0.72,0.5022709
0.17,0.41,0.72,0.22,0.75,0.72,0.5022711
0.16,0.44,0.72,0.26,0.74,0.7,0.5022712
0.16,0.48,0.74,0.29,0.74,0.71,0.5022712
0.16,0.48,0.74,0.29,0.75,0.72,0.5022712
0.16,0.49,0.74,0.29,0.74,0.72,0.5022712
0.17,0.43,0.71,0.25,0.74,0.7,0.5022712
0.17,0.48,0.71,0.22,0.74,0.71,0.5022712
0.17,0.48,0.72,0.23,0.72,0.7,0.5022714
0.16,0.44,0.72,0.26,0.75,0.71,0.5022715
0.17,0.47,0.7,0.2,0.75,0.71,0.5022715
0.18,0.46,0.73,0.26,0.73,0.71,0.5022715
0.17,0.43,0.71,0.25,0.75,0.71,0.5022716
0.18,0.43,0.7,0.25,0.76,0.7,0.5022718
0.16,0.43,0.72,0.24,0.73,0.7,0.5022719
0.16,0.44,0.72,0.26,0.76,0.72,0.502272
0.17,0.46,0.72,0.21,0.72,0.7,0.502272
0.18,0.42,0.7,0.24,0.74,0.7,0.502272
0.17,0.43,0.71,0.25,0.76,0.72,0.5022721
0.17,0.49,0.74,0.25,0.73,0.71,0.5022721
0.17,0.48,0.7,0.21,0.76,0.72,0.5022722
0.16,0.46,0.73,0.24,0.72,0.7,0.5022725
0.17,0.43,0.72,0.21,0.74,0.71,0.5022725
0.17,0.48,0.7,0.22,0.72,0.7,0.5022725
0.17,0.49,0.72,0.24,0.73,0.71,0.5022725
0.17,0.49,0.72,0.27,0.75,0.72,0.5022725
0.18,0.42,0.7,0.24,0.75,0.71,0.5022725
0.17,0.49,0.71,0.23,0.75,0.72,0.5022726
0.17,0.4,0.71,0.21,0.75,0.71,0.5022728
0.18,0.49,0.74,0.26,0.72,0.71,0.5022729
0.18,0.4,0.71,0.21,0.75,0.72,0.502273
0.18,0.42,0.7,0.24,0.76,0.72,0.502273
0.16,0.48,0.75,0.25,0.76,0.72,0.5022731
0.17,0.5,0.74,0.26,0.74,0.72,0.5022733
0.16,0.4,0.7,0.23,0.75,0.7,0.5022736
0.17,0.48,0.72,0.28,0.73,0.71,0.5022736
0.17,0.46,0.73,0.21,0.73,0.71,0.5022737
0.16,0.43,0.73,0.24,0.74,0.71,0.5022739
0.17,0.49,0.7,0.23,0.73,0.71,0.5022739
0.17,0.5,0.72,0.25,0.74,0.72,0.5022739
0.16,0.4,0.7,0.23,0.76,0.71,0.5022742
0.17,0.45,0.7,0.28,0.75,0.7,0.5022743
0.16,0.46,0.74,0.24,0.73,0.71,0.5022744
0.18,0.46,0.72,0.25,0.76,0.71,0.5022744
0.18,0.49,0.75,0.26,0.73,0.72,0.5022744
0.17,0.45,0.7,0.28,0.76,0.71,0.5022745
0.17,0.43,0.73,0.21,0.75,0.72,0.5022747
0.17,0.49,0.7,0.25,0.72,0.72,0.5022749
0.17,0.5,0.73,0.26,0.72,0.71,0.502275
0.16,0.43,0.71,0.23,0.76,0.7,0.5022751
0.17,0.4,0.72,0.21,0.76,0.72,0.5022751
0.17,0.46,0.72,0.28,0.75,0.7,0.5022753
0.17,0.46,0.74,0.21,0.74,0.72,0.5022755
0.16,0.45,0.7,0.25,0.72,0.72,0.5022756
0.17,0.5,0.7,0.24,0.74,0.72,0.5022756
0.18,0.44,0.71,0.24,0.73,0.7,0.5022756
0.16,0.48,0.74,0.21,0.76,0.72,0.5022757
0.17,0.5,0.71,0.25,0.72,0.71,0.5022757
0.18,0.48,0.7,0.26,0.74,0.71,0.5022757
0.16,0.48,0.72,0.28,0.73,0.7,0.5022761
0.16,0.49,0.75,0.23,0.75,0.72,0.5022761
0.16,0.49,0.75,0.3,0.76,0.72,0.5022761
0.16,0.46,0.75,0.24,0.74,0.72,0.5022762
0.16,0.49,0.75,0.24,0.72,0.71,0.5022762
0.17,0.43,0.7,0.2,0.76,0.7,0.5022762
0.16,0.46,0.72,0.23,0.75,0.7,0.5022764
0.18,0.46,0.7,0.25,0.75,0.7,0.5022765
0.16,0.48,0.73,0.21,0.74,0.71,0.5022767
0.17,0.49,0.74,0.21,0.72,0.71,0.5022767
0.18,0.47,0.7,0.27,0.72,0.7,0.5022767
0.17,0.46,0.73,0.28,0.76,0.71,0.5022769
0.16,0.49,0.7,0.25,0.72,0.71,0.5022771
0.16,0.49,0.73,0.28,0.73,0.72,0.5022771
0.18,0.47,0.72,0.24,0.72,0.7,0.5022772
0.18,0.47,0.72,0.27,0.76,0.71,0.5022773
0.16,0.46,0.74,0.25,0.72,0.72,0.5022774
0.16,0.49,0.73,0.22,0.75,0.72,0.5022774
0.18,0.44,0.72,0.24,0.74,0.71,0.5022774
0.16,0.49,0.74,0.23,0.73,0.71,0.5022775
0.16,0.48,0.72,0.2,0.76,0.72,0.5022776
0.17,0.45,0.73,0.24,0.72,0.72,0.5022777
0.18,0.47,0.7,0.26,0.76,0.71,0.5022777
0.16,0.46,0.73,0.23,0.76,0.71,0.502278
0.16,0.48,0.72,0.21,0.72,0.7,0.502278
0.16,0.5,0.7,0.24,0.74,0.72,0.5022781
0.17,0.41,0.72,0.2,0.72,0.71,0.5022781
0.18,0.48,0.71,0.27,0.72,0.72,0.5022781
0.17,0.49,0.75,0.21,0.73,0.72,0.5022782
0.17,0.48,0.73,0.29,0.75,0.71,0.5022784
0.16,0.5,0.74,0.24,0.74,0.72,0.5022785
0.16,0.49,0.72,0.22,0.73,0.71,0.5022786
0.16,0.48,0.71,0.2,0.74,0.71,0.5022787
0.18,0.47,0.73,0.24,0.73,0.71,0.5022787
0.16,0.41,0.71,0.22,0.74,0.7,0.5022788
0.17,0.49,0.71,0.26,0.74,0.72,0.5022788
0.18,0.44,0.72,0.23,0.72,0.72,0.5022788
0.18,0.47,0.71,0.27,0.74,0.7,0.5022789
0.17,0.47,0.73,0.27,0.72,0.7,0.5022791
0.16,0.44,0.72,0.22,0.73,0.7,0.5022792
0.18,0.44,0.73,0.24,0.75,0.72,0.5022793
0.16,0.42,0.72,0.22,0.72,0.71,0.5022794
0.16,0.49,0.71,0.21,0.75,0.72,0.5022795
0.18,0.44,0.7,0.23,0.76,0.7,0.5022797
0.17,0.48,0.71,0.27,0.72,0.71,0.5022798
0.16,0.5,0.72,0.23,0.74,0.72,0.5022799
0.16,0.5,0.75,0.25,0.72,0.71,0.5022799
0.17,0.46,0.72,0.2,0.76,0.71,0.5022799
0.17,0.47,0.72,0.27,0.72,0.71,0.5022799
0.16,0.48,0.7,0.2,0.72,0.7,0.50228
0.17,0.44,0.74,0.2,0.72,0.72,0.50228
0.16,0.42,0.72,0.22,0.73,0.72,0.5022801
0.17,0.47,0.72,0.27,0.73,0.72,0.5022801
0.18,0.46,0.71,0.26,0.72,0.71,0.5022801
0.16,0.5,0.73,0.24,0.72,0.71,0.5022802
0.18,0.47,0.74,0.24,0.74,0.72,0.5022802
0.16,0.48,0.73,0.28,0.72,0.71,0.5022803
0.16,0.44,0.71,0.25,0.72,0.7,0.5022804
0.16,0.48,0.73,0.28,0.73,0.72,0.5022804
0.18,0.46,0.71,0.26,0.73,0.72,0.5022804
0.17,0.41,0.73,0.2,0.73,0.72,0.5022805
0.18,0.48,0.73,0.29,0.75,0.71,0.5022806
0.17,0.47,0.74,0.27,0.73,0.71,0.5022807
0.16,0.44,0.71,0.25,0.73,0.71,0.5022808
0.16,0.47,0.73,0.22,0.72,0.7,0.5022808
0.16,0.49,0.7,0.21,0.73,0.71,0.5022808
0.17,0.43,0.7,0.24,0.72,0.7,0.5022809
0.17,0.44,0.71,0.26,0.76,0.7,0.5022809
0.16,0.44,0.73,0.22,0.74,0.71,0.502281
0.16,0.41,0.72,0.22,0.75,0.71,0.5022811
0.17,0.41,0.71,0.21,0.72,0.71,0.5022811
0.18,0.47,0.71,0.28,0.74,0.7,0.5022812
0.17,0.43,0.7,0.24,0.73,0.71,0.5022813
0.16,0.44,0.71,0.25,0.74,0.72,0.5022814
0.16,0.49,0.74,0.29,0.75,0.72,0.5022814
0.16,0.49,0.71,0.26,0.74,0.71,0.5022815
0.16,0.5,0.71,0.23,0.72,0.71,0.5022815
0.17,0.41,0.71,0.21,0.73,0.72,0.5022817
0.18,0.48,0.72,0.28,0.74,0.72,0.5022818
0.17,0.43,0.7,0.24,0.74,0.72,0.5022819
0.16,0.48,0.71,0.27,0.72,0.7,0.502282
0.17,0.5,0.75,0.27,0.72,0.71,0.502282
0.17,0.46,0.7,0.23,0.75,0.7,0.5022822
0.17,0.47,0.72,0.25,0.76,0.71,0.5022822
0.16,0.5,0.7,0.22,0.74,0.72,0.5022823
0.16,0.47,0.74,0.22,0.73,0.71,0.5022824
0.16,0.44,0.74,0.22,0.75,0.72,0.5022829
0.18,0.42,0.7,0.22,0.74,0.7,0.5022831
0.17,0.47,0.7,0.24,0.76,0.71,0.5022832
0.17,0.47,0.73,0.26,0.76,0.71,0.5022832
0.16,0.49,0.72,0.27,0.72,0.72,0.5022833
0.16,0.41,0.73,0.22,0.76,0.72,0.5022834
0.17,0.47,0.71,0.25,0.74,0.7,0.5022835
0.18,0.4,0.7,0.2,0.72,0.71,0.5022837
0.18,0.45,0.71,0.22,0.73,0.7,0.5022838
0.17,0.48,0.72,0.28,0.74,0.71,0.5022839
0.16,0.47,0.75,0.22,0.74,0.72,0.502284
0.16,0.44,0.71,0.21,0.76,0.7,0.5022841
0.18,0.45,0.74,0.23,0.72,0.72,0.5022842
0.17,0.48,0.73,0.27,0.75,0.71,0.5022843
0.18,0.4,0.7,0.2,0.73,0.72,0.5022843
0.17,0.45,0.72,0.25,0.73,0.7,0.5022846
0.17,0.48,0.71,0.26,0.75,0.71,0.5022849
0.18,0.42,0.71,0.22,0.75,0.71,0.502285
0.16,0.47,0.73,0.29,0.75,0.7,0.5022853
0.18,0.45,0.72,0.22,0.74,0.71,0.5022854
0.17,0.46,0.73,0.27,0.74,0.71,0.5022855
0.17,0.46,0.73,0.27,0.75,0.72,0.5022856
0.17,0.49,0.7,0.25,0.73,0.72,0.5022856
0.18,0.49,0.74,0.29,0.74,0.72,0.5022856
0.16,0.47,0.74,0.28,0.74,0.71,0.5022858
0.16,0.47,0.74,0.28,0.75,0.72,0.5022858
0.17,0.49,0.73,0.28,0.76,0.72,0.5022859
0.18,0.49,0.74,0.29,0.73,0.71,0.5022859
0.16,0.42,0.73,0.21,0.72,0.71,0.502286
0.17,0.48,0.73,0.25,0.72,0.7,0.502286
0.18,0.45,0.72,0.26,0.74,0.71,0.502286
0.18,0.45,0.72,0.26,0.75,0.72,0.5022861
0.17,0.48,0.72,0.27,0.73,0.7,0.5022862
0.17,0.49,0.75,0.29,0.76,0.72,0.5022862
0.18,0.48,0.73,0.29,0.76,0.72,0.5022862
0.17,0.45,0.73,0.25,0.74,0.71,0.5022863
0.16,0.41,0.73,0.22,0.75,0.72,0.5022866
0.16,0.47,0.74,0.29,0.76,0.71,0.5022867
0.17,0.48,0.7,0.26,0.73,0.7,0.5022867
0.18,0.42,0.72,0.22,0.76,0.72,0.5022869
0.18,0.45,0.73,0.22,0.75,0.72,0.5022871
0.18,0.47,0.7,0.27,0.73,0.7,0.5022871
0.16,0.43,0.72,0.25,0.75,0.71,0.5022872
0.16,0.42,0.71,0.2,0.74,0.7,0.5022873
0.16,0.49,0.73,0.28,0.74,0.72,0.5022873
0.17,0.48,0.74,0.25,0.73,0.71,0.5022875
0.18,0.48,0.73,0.22,0.73,0.71,0.5022875
0.17,0.42,0.71,0.24,0.75,0.71,0.5022876
0.16,0.43,0.72,0.25,0.76,0.72,0.5022877
0.16,0.45,0.71,0.2,0.76,0.7,0.5022878
0.16,0.45,0.75,0.21,0.72,0.72,0.5022878
0.16,0.49,0.7,0.25,0.73,0.71,0.502288
0.17,0.42,0.71,0.24,0.76,0.72,0.5022881
0.17,0.45,0.74,0.25,0.75,0.72,0.5022881
0.17,0.49,0.74,0.29,0.74,0.71,0.5022881
0.17,0.4,0.72,0.21,0.75,0.72,0.5022882
0.18,0.48,0.71,0.27,0.73,0.72,0.5022882
0.16,0.42,0.74,0.21,0.73,0.72,0.5022883
0.16,0.47,0.72,0.23,0.76,0.71,0.5022883
0.17,0.45,0.71,0.24,0.76,0.7,0.5022883
0.16,0.45,0.72,0.2,0.73,0.7,0.5022886
0.18,0.41,0.7,0.23,0.75,0.71,0.5022887
0.18,0.48,0.74,0.22,0.74,0.72,0.5022888
0.16,0.48,0.74,0.28,0.72,0.7,0.5022889
0.17,0.48,0.75,0.25,0.74,0.72,0.5022889
0.16,0.46,0.7,0.21,0.75,0.7,0.5022891
0.18,0.41,0.7,0.23,0.76,0.72,0.5022892
0.16,0.42,0.72,0.2,0.75,0.71,0.5022894
0.16,0.47,0.71,0.23,0.74,0.7,0.5022894
0.16,0.48,0.73,0.25,0.75,0.71,0.5022895
0.17,0.44,0.7,0.27,0.75,0.7,0.5022895
0.17,0.49,0.71,0.26,0.75,0.72,0.5022895
0.16,0.45,0.71,0.28,0.75,0.7,0.5022896
0.17,0.44,0.7,0.27,0.76,0.71,0.5022897
0.18,0.43,0.72,0.21,0.72,0.71,0.5022897
0.16,0.45,0.71,0.28,0.76,0.71,0.5022899
0.16,0.47,0.7,0.22,0.76,0.71,0.5022899
0.17,0.48,0.71,0.27,0.73,0.71,0.50229
0.16,0.49,0.75,0.27,0.76,0.72,0.5022902
0.16,0.45,0.73,0.2,0.74,0.71,0.5022903
0.16,0.48,0.75,0.28,0.73,0.71,0.5022903
0.16,0.45,0.72,0.27,0.76,0.7,0.5022904
0.16,0.48,0.71,0.24,0.75,0.71,0.5022906
0.16,0.49,0.73,0.26,0.76,0.72,0.5022909
0.16,0.48,0.72,0.25,0.73,0.7,0.5022912
0.16,0.42,0.73,0.2,0.76,0.72,0.5022915
0.17,0.43,0.71,0.23,0.74,0.7,0.5022915
0.16,0.44,0.7,0.24,0.72,0.72,0.5022916
0.16,0.49,0.74,0.29,0.76,0.72,0.5022917
0.18,0.43,0.73,0.21,0.73,0.72,0.5022918
0.18,0.48,0.72,0.28,0.75,0.72,0.5022919
0.16,0.45,0.74,0.2,0.75,0.72,0.502292
0.16,0.49,0.74,0.27,0.74,0.71,0.502292
0.16,0.48,0.7,0.24,0.73,0.7,0.5022921
0.16,0.49,0.71,0.25,0.76,0.72,0.5022921
0.18,0.46,0.74,0.21,0.72,0.72,0.5022922
0.18,0.43,0.7,0.2,0.74,0.7,0.5022923
0.17,0.46,0.72,0.23,0.73,0.7,0.5022924
0.16,0.49,0.72,0.26,0.74,0.71,0.5022926
0.16,0.48,0.71,0.27,0.73,0.7,0.5022927
0.16,0.48,0.74,0.2,0.73,0.71,0.5022928
0.16,0.45,0.74,0.24,0.72,0.72,0.5022929
0.17,0.46,0.75,0.24,0.72,0.72,0.5022929
0.17,0.43,0.72,0.23,0.75,0.71,0.5022932
0.16,0.49,0.72,0.27,0.73,0.72,0.5022935
0.16,0.5,0.74,0.28,0.75,0.72,0.5022935
0.17,0.44,0.73,0.23,0.72,0.72,0.5022937
0.18,0.4,0.7,0.2,0.76,0.71,0.5022939
0.17,0.46,0.73,0.23,0.74,0.71,0.502294
0.16,0.46,0.73,0.26,0.73,0.7,0.5022941
0.16,0.48,0.75,0.2,0.74,0.72,0.5022941
0.16,0.49,0.73,0.27,0.72,0.7,0.5022941
0.18,0.43,0.71,0.2,0.75,0.71,0.5022941
0.18,0.49,0.74,0.28,0.73,0.71,0.5022941
0.18,0.46,0.71,0.2,0.73,0.7,0.5022942
0.16,0.49,0.71,0.26,0.72,0.7,0.5022944
0.17,0.48,0.72,0.28,0.75,0.71,0.5022944
0.18,0.48,0.7,0.26,0.72,0.72,0.5022947
0.17,0.43,0.73,0.23,0.76,0.72,0.502295
0.16,0.47,0.73,0.27,0.72,0.71,0.5022951
0.16,0.47,0.73,0.27,0.73,0.72,0.5022952
0.17,0.46,0.72,0.26,0.72,0.71,0.5022952
0.18,0.49,0.73,0.28,0.72,0.72,0.5022952
0.17,0.46,0.72,0.26,0.73,0.72,0.5022953
0.18,0.49,0.75,0.28,0.74,0.72,0.5022953
0.18,0.43,0.72,0.22,0.72,0.72,0.5022955
0.16,0.46,0.74,0.26,0.74,0.71,0.5022956
0.17,0.46,0.74,0.23,0.75,0.72,0.5022956
0.18,0.46,0.72,0.2,0.74,0.71,0.5022956
0.16,0.5,0.75,0.29,0.73,0.71,0.5022957
0.18,0.45,0.71,0.25,0.72,0.71,0.5022957
0.18,0.43,0.72,0.2,0.76,0.72,0.5022959
0.18,0.45,0.71,0.25,0.73,0.72,0.5022959
0.17,0.49,0.7,0.25,0.74,0.72,0.5022963
0.16,0.43,0.71,0.24,0.72,0.7,0.5022964
0.17,0.48,0.7,0.26,0.72,0.71,0.5022966
0.16,0.41,0.72,0.21,0.72,0.71,0.5022967
0.16,0.43,0.71,0.24,0.73,0.71,0.5022968
0.16,0.49,0.75,0.26,0.73,0.71,0.5022968
0.17,0.46,0.7,0.27,0.76,0.7,0.502297
0.18,0.46,0.73,0.2,0.75,0.72,0.5022971
0.16,0.43,0.71,0.24,0.74,0.72,0.5022972
0.17,0.49,0.75,0.23,0.74,0.72,0.5022972
0.16,0.41,0.72,0.21,0.73,0.72,0.5022973
0.16,0.46,0.75,0.26,0.75,0.72,0.5022973
0.17,0.42,0.7,0.23,0.72,0.7,0.5022974
0.16,0.49,0.73,0.28,0.75,0.72,0.5022976
0.17,0.42,0.7,0.23,0.73,0.71,0.5022977
0.18,0.47,0.7,0.27,0.74,0.7,0.5022977
0.17,0.44,0.73,0.22,0.72,0.71,0.5022978
0.18,0.47,0.72,0.26,0.73,0.7,0.5022979
0.18,0.49,0.74,0.22,0.74,0.72,0.5022979
0.17,0.42,0.7,0.23,0.74,0.72,0.5022982
0.18,0.48,0.71,0.27,0.74,0.72,0.5022983
0.18,0.48,0.73,0.2,0.75,0.72,0.5022983
0.16,0.45,0.7,0.27,0.73,0.7,0.5022988
0.17,0.4,0.71,0.2,0.72,0.71,0.5022989
0.16,0.48,0.7,0.26,0.72,0.7,0.502299
0.16,0.49,0.7,0.25,0.74,0.71,0.502299
0.16,0.45,0.7,0.27,0.74,0.71,0.5022991
0.18,0.5,0.75,0.24,0.73,0.72,0.5022991
0.18,0.47,0.73,0.26,0.74,0.71,0.5022992
0.17,0.4,0.71,0.2,0.73,0.72,0.5022994
0.16,0.45,0.7,0.27,0.75,0.72,0.5022995
0.17,0.41,0.7,0.21,0.75,0.7,0.5022995
0.17,0.44,0.74,0.22,0.73,0.72,0.5022996
0.18,0.49,0.72,0.21,0.74,0.72,0.5022996
0.18,0.49,0.73,0.22,0.72,0.71,0.5022996
0.18,0.48,0.72,0.2,0.73,0.71,0.5022997
0.18,0.5,0.73,0.23,0.73,0.72,0.5022997
0.16,0.49,0.71,0.26,0.72,0.72,0.5023
0.17,0.44,0.71,0.21,0.74,0.7,0.5023001
0.18,0.48,0.74,0.28,0.74,0.72,0.5023001
0.17,0.49,0.75,0.29,0.74,0.72,0.5023002
0.16,0.44,0.72,0.24,0.74,0.7,0.5023005
0.17,0.48,0.71,0.27,0.74,0.71,0.5023005
0.17,0.47,0.75,0.22,0.72,0.72,0.5023006
0.18,0.47,0.74,0.26,0.75,0.72,0.5023006
0.16,0.46,0.74,0.27,0.74,0.71,0.5023007
0.16,0.46,0.74,0.27,0.75,0.72,0.5023008
0.17,0.45,0.73,0.26,0.74,0.71,0.5023009
0.17,0.45,0.73,0.26,0.75,0.72,0.5023009
0.18,0.49,0.71,0.21,0.72,0.71,0.5023012
0.16,0.47,0.73,0.24,0.73,0.7,0.5023013
0.17,0.41,0.71,0.21,0.76,0.71,0.5023014
0.16,0.46,0.72,0.26,0.76,0.7,0.5023015
0.18,0.44,0.72,0.25,0.74,0.71,0.5023015
0.17,0.44,0.72,0.21,0.75,0.71,0.5023016
0.18,0.5,0.71,0.22,0.73,0.72,0.5023016
0.18,0.44,0.72,0.25,0.75,0.72,0.5023017
0.18,0.49,0.7,0.2,0.74,0.72,0.502302
0.16,0.44,0.73,0.24,0.75,0.71,0.5023021
0.18,0.48,0.72,0.28,0.76,0.72,0.5023022
0.16,0.46,0.7,0.25,0.76,0.7,0.5023023
0.16,0.47,0.74,0.24,0.74,0.71,0.5023027
0.16,0.42,0.72,0.24,0.75,0.71,0.5023032
0.17,0.44,0.73,0.21,0.76,0.72,0.5023033
0.17,0.47,0.73,0.21,0.74,0.71,0.5023034
0.16,0.42,0.72,0.24,0.76,0.72,0.5023035
0.18,0.46,0.71,0.28,0.76,0.72,0.5023036
0.18,0.46,0.71,0.28,0.75,0.71,0.5023037
0.16,0.44,0.74,0.24,0.76,0.72,0.5023038
0.16,0.49,0.72,0.27,0.74,0.72,0.5023038
0.18,0.46,0.71,0.28,0.74,0.7,0.5023039
0.17,0.41,0.71,0.23,0.75,0.71,0.502304
0.18,0.42,0.7,0.24,0.75,0.7,0.5023041
0.16,0.47,0.75,0.24,0.75,0.72,0.5023043
0.16,0.47,0.71,0.27,0.75,0.7,0.5023044
0.17,0.41,0.71,0.23,0.76,0.72,0.5023044
0.17,0.42,0.71,0.2,0.72,0.7,0.5023044
0.18,0.45,0.71,0.24,0.74,0.7,0.5023046
0.17,0.47,0.74,0.21,0.75,0.72,0.5023048
0.16,0.44,0.71,0.27,0.75,0.7,0.502305
0.18,0.48,0.7,0.26,0.73,0.72,0.502305
0.17,0.43,0.7,0.26,0.75,0.7,0.5023051
0.16,0.44,0.71,0.27,0.76,0.71,0.5023052
0.17,0.43,0.7,0.26,0.76,0.71,0.5023053
0.17,0.49,0.74,0.2,0.74,0.72,0.5023053
0.17,0.5,0.75,0.22,0.73,0.72,0.5023053
0.16,0.48,0.72,0.28,0.72,0.71,0.5023055
0.18,0.4,0.7,0.22,0.75,0.71,0.5023056
0.18,0.42,0.71,0.24,0.76,0.71,0.5023058
0.18,0.48,0.75,0.25,0.72,0.72,0.5023058
0.18,0.4,0.7,0.22,0.76,0.72,0.502306
0.18,0.45,0.72,0.24,0.75,0.71,0.502306
0.17,0.42,0.72,0.2,0.73,0.71,0.5023064
0.17,0.45,0.73,0.2,0.72,0.71,0.5023066
0.16,0.45,0.74,0.23,0.72,0.71,0.5023067
0.17,0.47,0.72,0.29,0.74,0.7,0.5023068
0.17,0.5,0.73,0.21,0.73,0.72,0.5023069
0.17,0.49,0.7,0.25,0.75,0.72,0.502307
0.17,0.49,0.73,0.2,0.72,0.71,0.502307
0.17,0.48,0.7,0.26,0.73,0.71,0.5023071
0.18,0.45,0.73,0.24,0.76,0.72,0.5023074
0.16,0.42,0.71,0.22,0.75,0.7,0.5023078
0.16,0.43,0.7,0.23,0.72,0.72,0.5023079
0.16,0.49,0.73,0.28,0.76,0.72,0.502308
0.16,0.45,0.75,0.23,0.73,0.72,0.5023082
0.17,0.48,0.74,0.27,0.74,0.71,0.5023082
0.17,0.45,0.74,0.2,0.73,0.72,0.5023083
0.16,0.45,0.72,0.22,0.74,0.7,0.5023084
0.18,0.48,0.74,0.24,0.75,0.72,0.5023084
0.17,0.42,0.73,0.2,0.74,0.72,0.5023085
0.18,0.43,0.71,0.23,0.72,0.7,0.5023086
0.18,0.48,0.71,0.27,0.75,0.72,0.5023086
0.18,0.48,0.73,0.24,0.76,0.72,0.5023086
0.16,0.44,0.74,0.23,0.72,0.72,0.5023089
0.17,0.5,0.71,0.2,0.73,0.72,0.5023093
0.16,0.48,0.73,0.29,0.74,0.71,0.5023095
0.17,0.48,0.75,0.27,0.75,0.72,0.5023095
0.16,0.42,0.72,0.22,0.76,0.71,0.5023096
0.17,0.49,0.74,0.28,0.72,0.72,0.5023097
0.16,0.45,0.73,0.22,0.75,0.71,0.5023099
0.16,0.48,0.7,0.26,0.73,0.7,0.5023099
0.16,0.5,0.75,0.29,0.72,0.72,0.5023099
0.18,0.47,0.71,0.22,0.75,0.71,0.5023099
0.18,0.48,0.73,0.27,0.72,0.72,0.50231
0.17,0.48,0.75,0.2,0.72,0.72,0.5023101
0.16,0.49,0.71,0.26,0.73,0.72,0.5023103
0.18,0.43,0.72,0.23,0.73,0.71,0.5023103
0.18,0.48,0.71,0.23,0.76,0.72,0.5023103
0.18,0.49,0.74,0.26,0.75,0.72,0.5023103
0.16,0.46,0.73,0.26,0.72,0.71,0.5023104
0.16,0.46,0.73,0.26,0.73,0.72,0.5023104
0.17,0.43,0.73,0.22,0.72,0.72,0.5023105
0.18,0.48,0.72,0.24,0.74,0.71,0.5023105
0.18,0.46,0.73,0.23,0.72,0.71,0.5023107
0.17,0.45,0.72,0.25,0.72,0.71,0.5023108
0.17,0.45,0.72,0.25,0.73,0.72,0.5023109
0.18,0.46,0.7,0.2,0.76,0.71,0.5023109
0.17,0.48,0.71,0.27,0.75,0.71,0.5023112
0.18,0.49,0.72,0.25,0.75,0.72,0.5023112
0.16,0.45,0.74,0.22,0.76,0.72,0.5023115
0.16,0.48,0.74,0.22,0.74,0.71,0.5023116
0.18,0.47,0.7,0.22,0.73,0.7,0.5023116
0.18,0.44,0.71,0.24,0.72,0.71,0.5023117
0.18,0.44,0.71,0.24,0.73,0.72,0.5023119
0.18,0.43,0.73,0.23,0.74,0.72,0.502312
0.18,0.46,0.74,0.23,0.73,0.72,0.502312
0.18,0.43,0.7,0.22,0.75,0.7,0.5023121
0.18,0.48,0.7,0.23,0.74,0.71,0.5023121
0.16,0.43,0.72,0.21,0.72,0.7,0.5023125
0.17,0.47,0.71,0.28,0.73,0.7,0.5023125
0.18,0.49,0.73,0.26,0.73,0.71,0.5023125
0.18,0.48,0.71,0.24,0.72,0.7,0.5023127
0.16,0.48,0.75,0.22,0.75,0.72,0.5023128
0.18,0.42,0.72,0.21,0.72,0.72,0.5023128
0.16,0.42,0.71,0.23,0.72,0.7,0.5023129
0.16,0.5,0.75,0.2,0.73,0.72,0.5023129
0.17,0.43,0.71,0.25,0.75,0.7,0.5023129
0.18,0.5,0.75,0.28,0.74,0.72,0.5023129
0.18,0.49,0.7,0.24,0.75,0.72,0.502313
0.17,0.46,0.72,0.25,0.74,0.7,0.5023131
0.16,0.4,0.71,0.21,0.73,0.7,0.5023132
0.16,0.42,0.71,0.23,0.73,0.71,0.5023132
0.18,0.5,0.73,0.27,0.74,0.72,0.5023132
0.17,0.47,0.71,0.28,0.72,0.7,0.5023133
0.17,0.48,0.72,0.28,0.73,0.72,0.5023133
0.18,0.49,0.71,0.25,0.73,0.71,0.5023133
0.16,0.42,0.71,0.23,0.74,0.72,0.5023135
0.18,0.46,0.7,0.27,0.73,0.71,0.5023135
0.18,0.46,0.71,0.22,0.74,0.7,0.5023135
0.18,0.46,0.7,0.27,0.72,0.7,0.5023136
0.18,0.46,0.7,0.27,0.74,0.72,0.5023136
0.18,0.43,0.71,0.22,0.76,0.71,0.5023137
0.18,0.49,0.75,0.23,0.72,0.72,0.5023138
0.16,0.43,0.73,0.21,0.73,0.71,0.5023142
0.16,0.49,0.72,0.27,0.75,0.72,0.5023142
0.17,0.41,0.7,0.22,0.72,0.7,0.5023142
0.16,0.48,0.74,0.3,0.76,0.71,0.5023144
0.17,0.46,0.73,0.25,0.75,0.71,0.5023144
0.16,0.4,0.72,0.2,0.72,0.71,0.5023145
0.16,0.44,0.7,0.26,0.73,0.7,0.5023145
0.17,0.43,0.72,0.25,0.76,0.71,0.5023145
0.17,0.41,0.7,0.22,0.73,0.71,0.5023146
0.17,0.48,0.75,0.28,0.74,0.72,0.5023147
0.18,0.46,0.72,0.22,0.75,0.71,0.5023147
0.16,0.44,0.7,0.26,0.74,0.71,0.5023148
0.16,0.46,0.74,0.21,0.72,0.71,0.5023149
0.16,0.4,0.72,0.2,0.73,0.72,0.502315
0.16,0.44,0.7,0.26,0.75,0.72,0.5023151
0.17,0.41,0.7,0.22,0.74,0.72,0.5023151
0.18,0.47,0.74,0.27,0.74,0.72,0.5023151
0.16,0.4,0.72,0.21,0.74,0.71,0.5023152
0.17,0.48,0.73,0.22,0.76,0.72,0.5023153
0.18,0.48,0.7,0.26,0.74,0.72,0.5023154
0.18,0.5,0.74,0.28,0.72,0.71,0.5023155
0.16,0.48,0.72,0.28,0.73,0.71,0.5023157
0.17,0.49,0.74,0.24,0.75,0.72,0.5023157
0.17,0.46,0.74,0.25,0.76,0.72,0.5023159
0.18,0.46,0.73,0.22,0.76,0.72,0.5023159
0.16,0.43,0.74,0.21,0.74,0.72,0.5023161
0.16,0.45,0.74,0.26,0.75,0.72,0.5023161
0.16,0.46,0.75,0.21,0.73,0.72,0.5023164
0.17,0.44,0.73,0.25,0.75,0.72,0.5023166
0.17,0.49,0.75,0.25,0.75,0.72,0.5023168
0.18,0.44,0.71,0.21,0.72,0.7,0.5023168
0.16,0.4,0.7,0.2,0.76,0.7,0.5023169
0.18,0.41,0.7,0.21,0.73,0.7,0.5023169
0.17,0.48,0.72,0.22,0.74,0.71,0.502317
0.17,0.48,0.73,0.29,0.75,0.72,0.502317
0.18,0.47,0.7,0.27,0.72,0.71,0.502317
0.16,0.43,0.71,0.2,0.75,0.7,0.5023171
0.16,0.4,0.73,0.21,0.75,0.72,0.5023172
0.17,0.44,0.72,0.24,0.72,0.7,0.5023172
0.17,0.47,0.72,0.21,0.73,0.7,0.5023172
0.17,0.49,0.72,0.23,0.75,0.72,0.5023174
0.16,0.49,0.7,0.25,0.72,0.72,0.5023175
0.17,0.47,0.71,0.2,0.75,0.71,0.5023176
0.17,0.48,0.71,0.21,0.76,0.72,0.5023176
0.17,0.5,0.75,0.26,0.74,0.72,0.5023177
0.16,0.49,0.75,0.28,0.74,0.71,0.5023178
0.17,0.48,0.7,0.26,0.74,0.71,0.5023178
0.18,0.43,0.72,0.24,0.75,0.72,0.5023178
0.17,0.49,0.73,0.24,0.73,0.71,0.5023179
0.18,0.44,0.72,0.21,0.73,0.71,0.5023183
0.17,0.46,0.72,0.28,0.76,0.72,0.5023185
0.17,0.5,0.73,0.25,0.74,0.72,0.5023185
0.17,0.46,0.72,0.28,0.75,0.71,0.5023186
0.16,0.43,0.72,0.2,0.76,0.71,0.5023187
0.16,0.47,0.73,0.29,0.76,0.72,0.5023187
0.17,0.44,0.73,0.24,0.73,0.71,0.5023187
0.18,0.41,0.71,0.21,0.74,0.71,0.5023187
0.16,0.47,0.73,0.29,0.75,0.71,0.5023188
0.17,0.48,0.71,0.22,0.72,0.7,0.5023188
0.16,0.46,0.72,0.2,0.74,0.7,0.5023189
0.17,0.46,0.72,0.28,0.74,0.7,0.5023189
0.18,0.45,0.71,0.27,0.76,0.72,0.5023189
0.17,0.47,0.7,0.27,0.72,0.7,0.502319
0.18,0.45,0.71,0.27,0.75,0.71,0.502319
0.18,0.48,0.71,0.27,0.76,0.72,0.502319
0.16,0.47,0.73,0.29,0.74,0.7,0.5023192
0.17,0.47,0.7,0.2,0.73,0.7,0.5023192
0.17,0.48,0.7,0.21,0.74,0.71,0.5023193
0.18,0.45,0.71,0.27,0.74,0.7,0.5023193
0.17,0.47,0.74,0.24,0.72,0.71,0.5023194
0.17,0.49,0.71,0.23,0.73,0.71,0.5023194
0.18,0.47,0.72,0.28,0.74,0.7,0.5023194
0.18,0.47,0.73,0.21,0.72,0.71,0.5023196
0.16,0.41,0.72,0.23,0.75,0.71,0.5023197
0.17,0.49,0.7,0.22,0.75,0.72,0.5023198
0.16,0.41,0.72,0.23,0.76,0.72,0.5023199
0.16,0.48,0.73,0.29,0.75,0.71,0.5023199
0.18,0.44,0.73,0.21,0.74,0.72,0.5023199
0.17,0.48,0.71,0.27,0.72,0.72,0.50232
0.17,0.5,0.74,0.26,0.72,0.71,0.50232
0.16,0.46,0.73,0.2,0.75,0.71,0.5023201
0.17,0.44,0.74,0.24,0.74,0.72,0.5023202
0.17,0.5,0.71,0.24,0.74,0.72,0.5023202
0.17,0.41,0.7,0.23,0.76,0.7,0.5023204
0.18,0.47,0.73,0.28,0.75,0.71,0.5023204
0.17,0.44,0.71,0.23,0.75,0.7,0.5023205
0.18,0.47,0.71,0.28,0.74,0.71,0.5023205
0.17,0.47,0.75,0.24,0.73,0.72,0.5023206
0.18,0.41,0.72,0.21,0.75,0.72,0.5023206
0.18,0.47,0.74,0.21,0.73,0.72,0.5023207
0.16,0.43,0.71,0.26,0.75,0.7,0.5023208
0.16,0.43,0.71,0.26,0.76,0.71,0.5023209
0.16,0.49,0.71,0.26,0.74,0.72,0.5023209
0.17,0.4,0.71,0.22,0.75,0.71,0.5023209
0.17,0.5,0.72,0.25,0.72,0.71,0.5023209
0.17,0.42,0.7,0.25,0.75,0.7,0.5023212
0.17,0.4,0.71,0.22,0.76,0.72,0.5023213
0.18,0.45,0.7,0.23,0.76,0.7,0.5023213
0.16,0.46,0.74,0.2,0.76,0.72,0.5023214
0.17,0.42,0.7,0.25,0.76,0.71,0.5023214
0.18,0.47,0.74,0.28,0.76,0.72,0.5023216
0.17,0.44,0.72,0.23,0.76,0.71,0.5023218
0.16,0.44,0.72,0.26,0.75,0.7,0.5023222
0.16,0.47,0.73,0.26,0.74,0.7,0.5023222
0.16,0.48,0.71,0.27,0.72,0.71,0.5023222
0.18,0.46,0.71,0.25,0.75,0.7,0.5023223
0.17,0.5,0.7,0.24,0.72,0.71,0.5023224
0.16,0.49,0.74,0.22,0.75,0.72,0.5023225
0.17,0.47,0.73,0.23,0.75,0.71,0.5023226
0.18,0.44,0.7,0.2,0.75,0.7,0.5023226
0.18,0.47,0.71,0.26,0.76,0.71,0.5023226
0.16,0.48,0.73,0.2,0.76,0.72,0.5023231
0.17,0.47,0.71,0.28,0.74,0.7,0.5023231
0.17,0.48,0.72,0.28,0.74,0.72,0.5023233
0.16,0.47,0.74,0.26,0.75,0.71,0.5023234
0.16,0.5,0.75,0.24,0.74,0.72,0.5023234
0.18,0.5,0.75,0.21,0.72,0.72,0.5023235
0.16,0.44,0.73,0.26,0.76,0.71,0.5023236
0.17,0.47,0.74,0.23,0.76,0.72,0.5023238
0.18,0.44,0.71,0.2,0.76,0.71,0.5023238
0.16,0.49,0.73,0.22,0.73,0.71,0.5023244
0.16,0.49,0.75,0.28,0.72,0.72,0.5023246
0.16,0.42,0.7,0.22,0.72,0.72,0.5023247
0.16,0.47,0.75,0.26,0.76,0.72,0.5023247
0.16,0.48,0.73,0.21,0.72,0.7,0.5023247
0.16,0.49,0.72,0.27,0.76,0.72,0.5023247
0.16,0.5,0.73,0.23,0.74,0.72,0.5023247
0.17,0.48,0.74,0.27,0.72,0.72,0.5023247
0.18,0.47,0.7,0.26,0.74,0.7,0.5023247
0.16,0.48,0.72,0.2,0.74,0.71,0.5023248
0.16,0.49,0.72,0.21,0.75,0.72,0.5023249
0.17,0.42,0.71,0.22,0.73,0.7,0.5023249
0.18,0.47,0.72,0.29,0.76,0.71,0.5023249
0.18,0.48,0.72,0.28,0.75,0.71,0.5023249
0.17,0.45,0.72,0.22,0.72,0.7,0.5023251
0.18,0.47,0.73,0.26,0.72,0.72,0.5023252
0.18,0.48,0.74,0.27,0.72,0.71,0.5023253
0.18,0.45,0.71,0.26,0.75,0.7,0.5023254
0.16,0.5,0.74,0.24,0.72,0.71,0.5023256
0.16,0.43,0.74,0.22,0.72,0.72,0.5023257
0.18,0.48,0.7,0.26,0.75,0.72,0.5023258
0.16,0.45,0.73,0.25,0.73,0.72,0.502326
0.16,0.48,0.72,0.28,0.74,0.71,0.502326
0.16,0.45,0.73,0.25,0.72,0.71,0.5023261
0.18,0.48,0.75,0.27,0.73,0.72,0.5023263
0.16,0.45,0.73,0.25,0.72,0.7,0.5023264
0.17,0.42,0.72,0.22,0.74,0.71,0.5023264
0.17,0.45,0.73,0.22,0.73,0.71,0.5023264
0.18,0.45,0.72,0.26,0.76,0.71,0.5023266
0.16,0.48,0.71,0.2,0.72,0.7,0.5023267
0.16,0.49,0.71,0.21,0.73,0.71,0.5023267
0.18,0.47,0.73,0.2,0.76,0.72,0.5023267
0.17,0.44,0.72,0.24,0.72,0.71,0.5023268
0.18,0.42,0.73,0.2,0.72,0.72,0.5023268
0.16,0.5,0.72,0.23,0.72,0.71,0.5023269
0.17,0.44,0.72,0.24,0.73,0.72,0.5023269
0.18,0.47,0.7,0.27,0.73,0.71,0.5023271
0.17,0.48,0.73,0.29,0.76,0.72,0.5023272
0.16,0.5,0.71,0.22,0.74,0.72,0.5023273
0.16,0.45,0.74,0.25,0.73,0.71,0.5023278
0.17,0.45,0.74,0.22,0.74,0.72,0.5023278
0.17,0.48,0.74,0.22,0.72,0.71,0.5023279
0.16,0.49,0.7,0.2,0.75,0.72,0.502328
0.16,0.49,0.7,0.25,0.73,0.72,0.502328
0.17,0.42,0.73,0.21,0.72,0.72,0.502328
0.17,0.42,0.73,0.22,0.75,0.72,0.5023281
0.16,0.47,0.72,0.28,0.73,0.71,0.5023282
0.17,0.46,0.71,0.23,0.75,0.7,0.5023282
0.18,0.48,0.74,0.26,0.76,0.72,0.5023282
0.16,0.47,0.72,0.28,0.74,0.72,0.5023283
0.17,0.46,0.71,0.27,0.73,0.71,0.5023283
0.17,0.46,0.71,0.27,0.74,0.72,0.5023283
0.18,0.43,0.71,0.23,0.72,0.71,0.5023283
0.17,0.46,0.71,0.27,0.72,0.7,0.5023284
0.17,0.47,0.71,0.24,0.76,0.71,0.5023284
0.18,0.43,0.71,0.23,0.73,0.72,0.5023284
0.16,0.47,0.72,0.28,0.72,0.7,0.5023285
0.16,0.48,0.75,0.25,0.72,0.71,0.5023285
0.17,0.45,0.7,0.21,0.76,0.7,0.5023285
0.17,0.48,0.7,0.26,0.75,0.71,0.5023285
0.17,0.42,0.7,0.21,0.76,0.7,0.5023289
0.17,0.48,0.75,0.22,0.73,0.72,0.502329
0.18,0.45,0.7,0.26,0.73,0.71,0.502329
0.16,0.45,0.75,0.25,0.74,0.72,0.5023291
0.18,0.45,0.7,0.26,0.74,0.72,0.5023291
0.16,0.45,0.72,0.24,0.75,0.7,0.5023292
0.17,0.47,0.72,0.25,0.74,0.7,0.5023292
0.18,0.45,0.7,0.26,0.72,0.7,0.5023292
0.16,0.42,0.71,0.24,0.76,0.7,0.5023293
0.17,0.47,0.7,0.27,0.73,0.7,0.5023294
0.16,0.5,0.7,0.22,0.72,0.71,0.5023296
0.17,0.47,0.75,0.27,0.74,0.72,0.5023298
0.17,0.48,0.72,0.26,0.75,0.71,0.5023298
0.17,0.48,0.74,0.29,0.75,0.71,0.5023298
0.17,0.49,0.74,0.28,0.76,0.72,0.5023298
0.16,0.41,0.71,0.22,0.72,0.7,0.5023299
0.18,0.46,0.72,0.25,0.72,0.7,0.5023299
0.17,0.48,0.71,0.27,0.73,0.72,0.50233
0.17,0.45,0.71,0.21,0.75,0.7,0.5023301
0.16,0.41,0.71,0.22,0.73,0.71,0.5023302
0.16,0.48,0.73,0.29,0.76,0.71,0.5023302
0.16,0.45,0.73,0.24,0.76,0.71,0.5023304
0.17,0.47,0.7,0.24,0.74,0.7,0.5023304
0.18,0.46,0.74,0.26,0.74,0.72,0.5023304
0.16,0.41,0.71,0.22,0.74,0.72,0.5023305
0.16,0.43,0.7,0.25,0.73,0.7,0.5023306
0.17,0.48,0.75,0.29,0.76,0.72,0.5023307
0.17,0.49,0.72,0.27,0.76,0.72,0.5023307
0.16,0.43,0.7,0.25,0.74,0.71,0.5023308
0.18,0.41,0.72,0.2,0.72,0.72,0.5023308
0.18,0.47,0.71,0.28,0.75,0.71,0.5023308
0.16,0.43,0.7,0.25,0.75,0.72,0.502331
0.17,0.45,0.72,0.21,0.76,0.71,0.5023311
0.18,0.46,0.73,0.25,0.73,0.71,0.5023311
0.17,0.48,0.7,0.25,0.75,0.71,0.5023312
0.17,0.48,0.73,0.27,0.73,0.7,0.5023314
0.16,0.49,0.71,0.26,0.75,0.72,0.5023315
0.17,0.4,0.7,0.21,0.72,0.7,0.5023318
0.16,0.44,0.74,0.25,0.75,0.72,0.5023319
0.17,0.4,0.7,0.21,0.73,0.71,0.5023321
0.17,0.48,0.71,0.26,0.73,0.7,0.5023321
0.16,0.48,0.75,0.24,0.76,0.72,0.5023322
0.18,0.46,0.74,0.25,0.74,0.72,0.5023322
0.17,0.49,0.73,0.28,0.74,0.71,0.5023323
0.18,0.48,0.73,0.29,0.75,0.72,0.5023323
0.18,0.49,0.74,0.25,0.72,0.71,0.5023324
0.16,0.48,0.71,0.27,0.73,0.71,0.5023325
0.17,0.4,0.7,0.21,0.74,0.72,0.5023326
0.17,0.43,0.73,0.24,0.75,0.72,0.5023327
0.18,0.43,0.7,0.24,0.76,0.7,0.5023327
0.18,0.48,0.73,0.29,0.74,0.71,0.5023328
0.16,0.43,0.72,0.23,0.73,0.7,0.5023333
0.17,0.48,0.72,0.28,0.75,0.72,0.5023333
0.18,0.49,0.75,0.25,0.73,0.72,0.5023333
0.16,0.47,0.73,0.23,0.76,0.71,0.5023336
0.16,0.46,0.73,0.23,0.72,0.7,0.5023337
0.16,0.46,0.73,0.28,0.76,0.72,0.5023337
0.17,0.43,0.71,0.2,0.73,0.7,0.5023337
0.17,0.43,0.74,0.21,0.72,0.72,0.5023337
0.16,0.46,0.73,0.28,0.75,0.71,0.5023338
0.17,0.45,0.72,0.27,0.76,0.72,0.5023339
0.17,0.45,0.72,0.27,0.75,0.71,0.502334
0.16,0.46,0.73,0.28,0.74,0.7,0.5023341
0.17,0.4,0.7,0.2,0.74,0.7,0.5023341
0.18,0.42,0.72,0.23,0.75,0.72,0.5023341
0.17,0.46,0.72,0.27,0.75,0.7,0.5023342
0.17,0.49,0.75,0.28,0.72,0.71,0.5023342
0.17,0.45,0.72,0.27,0.74,0.7,0.5023343
0.18,0.46,0.72,0.24,0.76,0.71,0.5023344
0.16,0.48,0.74,0.25,0.75,0.71,0.5023345
0.18,0.44,0.71,0.26,0.76,0.72,0.5023345
0.18,0.44,0.71,0.26,0.75,0.71,0.5023347
0.16,0.43,0.73,0.23,0.74,0.71,0.5023348
0.16,0.46,0.74,0.23,0.73,0.71,0.5023349
0.17,0.46,0.72,0.2,0.72,0.7,0.502335
0.18,0.44,0.71,0.26,0.74,0.7,0.502335
0.16,0.49,0.74,0.26,0.76,0.72,0.5023351
0.17,0.43,0.72,0.2,0.74,0.71,0.5023351
0.16,0.47,0.72,0.23,0.74,0.7,0.5023353
0.17,0.46,0.73,0.27,0.76,0.71,0.5023354
0.16,0.47,0.71,0.22,0.76,0.71,0.5023355
0.16,0.46,0.71,0.21,0.75,0.7,0.5023356
0.16,0.48,0.72,0.24,0.75,0.71,0.5023357
0.17,0.4,0.71,0.2,0.75,0.71,0.5023358
0.17,0.46,0.73,0.2,0.73,0.71,0.502336
0.16,0.46,0.75,0.23,0.74,0.72,0.5023361
0.16,0.43,0.74,0.23,0.75,0.72,0.5023363
0.16,0.48,0.72,0.28,0.75,0.71,0.5023363
0.18,0.48,0.7,0.26,0.76,0.72,0.5023363
0.16,0.49,0.72,0.25,0.76,0.72,0.5023365
0.16,0.49,0.75,0.23,0.72,0.71,0.5023365
0.17,0.43,0.73,0.2,0.75,0.72,0.5023367
0.16,0.4,0.72,0.22,0.76,0.72,0.5023369
0.16,0.42,0.71,0.25,0.75,0.7,0.5023369
0.16,0.48,0.73,0.25,0.73,0.7,0.5023369
0.16,0.42,0.71,0.25,0.76,0.71,0.502337
0.16,0.43,0.71,0.22,0.76,0.7,0.502337
0.17,0.48,0.7,0.26,0.72,0.72,0.502337
0.17,0.46,0.74,0.2,0.74,0.72,0.5023371
0.18,0.44,0.71,0.23,0.73,0.7,0.5023372
0.16,0.47,0.7,0.22,0.74,0.7,0.5023374
0.18,0.47,0.7,0.27,0.74,0.71,0.5023374
0.16,0.49,0.73,0.26,0.74,0.71,0.5023375
0.16,0.5,0.75,0.28,0.75,0.72,0.5023375
0.18,0.41,0.7,0.23,0.74,0.7,0.5023375
0.17,0.4,0.72,0.2,0.76,0.72,0.5023376
0.17,0.41,0.7,0.24,0.75,0.7,0.5023377
0.17,0.41,0.7,0.24,0.76,0.71,0.5023378
0.16,0.48,0.71,0.24,0.73,0.7,0.5023379
0.16,0.48,0.7,0.23,0.75,0.71,0.502338
0.16,0.46,0.72,0.22,0.75,0.7,0.5023381
0.16,0.5,0.73,0.27,0.75,0.72,0.5023383
0.18,0.47,0.72,0.23,0.72,0.7,0.5023383
0.18,0.44,0.72,0.23,0.74,0.71,0.5023385
0.16,0.47,0.71,0.27,0.72,0.72,0.5023386
0.16,0.49,0.7,0.25,0.74,0.72,0.5023387
0.17,0.47,0.73,0.26,0.72,0.7,0.5023387
0.16,0.49,0.71,0.25,0.74,0.71,0.5023388
0.16,0.44,0.7,0.28,0.76,0.7,0.5023389
0.16,0.49,0.7,0.24,0.76,0.72,0.502339
0.16,0.46,0.73,0.22,0.76,0.71,0.5023391
0.17,0.46,0.7,0.26,0.72,0.72,0.5023391
0.18,0.47,0.73,0.23,0.73,0.71,0.5023392
0.16,0.49,0.74,0.27,0.72,0.7,0.5023393
0.16,0.48,0.7,0.26,0.72,0.71,0.5023394
0.17,0.49,0.75,0.2,0.73,0.72,0.5023395
0.16,0.48,0.75,0.27,0.72,0.72,0.5023397
0.17,0.47,0.74,0.26,0.73,0.71,0.5023397
0.18,0.44,0.73,0.23,0.75,0.72,0.5023397
0.16,0.49,0.72,0.26,0.72,0.7,0.5023399
0.17,0.47,0.7,0.27,0.74,0.7,0.50234
0.17,0.47,0.74,0.26,0.72,0.72,0.50234
0.17,0.48,0.71,0.27,0.74,0.72,0.50234
0.16,0.5,0.74,0.28,0.73,0.71,0.5023401
0.18,0.47,0.74,0.23,0.74,0.72,0.5023401
0.18,0.46,0.73,0.25,0.72,0.72,0.5023407
0.17,0.47,0.75,0.26,0.74,0.72,0.5023409
0.17,0.44,0.71,0.25,0.76,0.7,0.5023411
0.16,0.49,0.7,0.25,0.72,0.7,0.5023412
0.18,0.47,0.71,0.28,0.76,0.71,0.5023412
0.16,0.44,0.75,0.22,0.72,0.72,0.5023414
0.16,0.44,0.72,0.21,0.73,0.7,0.5023416
0.18,0.44,0.7,0.22,0.76,0.7,0.5023416
0.16,0.41,0.71,0.21,0.74,0.7,0.5023417
0.16,0.44,0.73,0.24,0.73,0.72,0.502342
0.16,0.44,0.73,0.24,0.72,0.71,0.5023421
0.16,0.49,0.71,0.26,0.76,0.72,0.5023421
0.17,0.46,0.71,0.27,0.76,0.7,0.5023422
0.16,0.41,0.7,0.21,0.72,0.72,0.5023423
0.18,0.48,0.72,0.28,0.73,0.72,0.5023425
0.17,0.47,0.73,0.25,0.76,0.71,0.5023427
0.16,0.44,0.73,0.21,0.74,0.71,0.5023429
0.16,0.48,0.71,0.27,0.74,0.71,0.5023429
0.16,0.47,0.73,0.21,0.72,0.7,0.502343
0.18,0.48,0.72,0.28,0.72,0.71,0.502343
0.16,0.41,0.72,0.21,0.75,0.71,0.5023433
0.16,0.42,0.74,0.21,0.72,0.72,0.5023434
0.17,0.43,0.72,0.23,0.72,0.71,0.5023434
0.17,0.43,0.72,0.23,0.73,0.72,0.5023434
0.16,0.46,0.72,0.27,0.73,0.71,0.5023436
0.16,0.46,0.72,0.27,0.74,0.72,0.5023436
0.17,0.48,0.72,0.28,0.76,0.72,0.5023436
0.16,0.47,0.73,0.28,0.75,0.7,0.5023438
0.16,0.46,0.72,0.27,0.72,0.7,0.5023439
0.16,0.47,0.74,0.21,0.73,0.71,0.5023439
0.17,0.45,0.71,0.26,0.74,0.72,0.502344
0.17,0.45,0.71,0.26,0.73,0.71,0.5023441
0.16,0.44,0.74,0.21,0.75,0.72,0.5023442
0.17,0.45,0.71,0.26,0.72,0.7,0.5023442
0.16,0.47,0.74,0.28,0.76,0.71,0.5023446
0.18,0.5,0.74,0.23,0.73,0.72,0.5023447
0.16,0.47,0.71,0.28,0.72,0.7,0.5023449
0.18,0.45,0.74,0.22,0.72,0.72,0.5023449
0.18,0.49,0.73,0.21,0.74,0.72,0.5023449
0.16,0.41,0.73,0.21,0.76,0.72,0.502345
0.16,0.47,0.75,0.21,0.74,0.72,0.502345
0.17,0.47,0.72,0.29,0.75,0.7,0.5023451
0.18,0.44,0.7,0.25,0.73,0.71,0.5023451
0.18,0.44,0.7,0.25,0.74,0.72,0.5023451
0.18,0.42,0.71,0.22,0.72,0.71,0.5023453
0.18,0.44,0.7,0.25,0.72,0.7,0.5023453
0.18,0.42,0.71,0.22,0.73,0.72,0.5023454
0.17,0.45,0.72,0.24,0.73,0.7,0.5023456
0.18,0.42,0.7,0.21,0.74,0.7,0.5023457
0.17,0.42,0.71,0.24,0.74,0.7,0.5023458
0.17,0.41,0.73,0.2,0.72,0.72,0.5023459
0.18,0.45,0.71,0.21,0.73,0.7,0.5023462
0.17,0.45,0.73,0.24,0.74,0.71,0.5023467
0.17,0.48,0.73,0.24,0.72,0.7,0.5023467
0.18,0.5,0.72,0.22,0.73,0.72,0.5023468
0.17,0.48,0.74,0.29,0.75,0.72,0.502347
0.18,0.42,0.71,0.21,0.75,0.71,0.502347
0.16,0.42,0.7,0.24,0.73,0.7,0.5023471
0.16,0.44,0.71,0.2,0.76,0.7,0.5023471
0.16,0.49,0.75,0.3,0.75,0.72,0.5023471
0.17,0.48,0.7,0.26,0.73,0.72,0.5023471
0.18,0.45,0.71,0.28,0.76,0.7,0.5023471
0.16,0.42,0.7,0.24,0.74,0.71,0.5023472
0.18,0.45,0.72,0.21,0.74,0.71,0.5023472
0.18,0.49,0.72,0.21,0.72,0.71,0.5023472
0.18,0.47,0.73,0.28,0.75,0.72,0.5023473
0.16,0.42,0.7,0.24,0.75,0.72,0.5023474
0.17,0.48,0.74,0.24,0.73,0.71,0.5023475
0.18,0.49,0.71,0.2,0.74,0.72,0.5023475
0.16,0.4,0.71,0.21,0.72,0.7,0.5023476
0.17,0.48,0.74,0.29,0.74,0.71,0.5023476
0.16,0.49,0.75,0.3,0.74,0.71,0.5023477
0.18,0.47,0.7,0.27,0.75,0.71,0.5023477
0.16,0.4,0.71,0.21,0.73,0.71,0.5023478
0.17,0.45,0.74,0.24,0.75,0.72,0.5023478
0.16,0.46,0.71,0.25,0.76,0.7,0.5023479
0.18,0.47,0.73,0.28,0.74,0.71,0.5023479
0.16,0.43,0.74,0.24,0.75,0.72,0.502348
0.16,0.4,0.71,0.21,0.74,0.72,0.5023481
0.16,0.48,0.74,0.27,0.72,0.7,0.5023481
0.17,0.48,0.75,0.24,0.74,0.72,0.5023483
0.18,0.45,0.73,0.21,0.75,0.72,0.5023483
0.18,0.42,0.72,0.21,0.76,0.72,0.5023485
0.16,0.47,0.72,0.29,0.74,0.7,0.5023488
0.16,0.42,0.73,0.2,0.72,0.71,0.5023489
0.16,0.48,0.75,0.27,0.73,0.71,0.502349
0.16,0.45,0.73,0.27,0.76,0.72,0.5023491
0.17,0.42,0.73,0.23,0.75,0.72,0.5023492
0.18,0.48,0.73,0.21,0.73,0.71,0.5023492
0.16,0.45,0.73,0.27,0.75,0.71,0.5023493
0.16,0.49,0.7,0.25,0.75,0.72,0.5023494
0.17,0.45,0.71,0.23,0.76,0.7,0.5023494
0.16,0.47,0.72,0.27,0.75,0.7,0.5023495
0.17,0.44,0.72,0.26,0.76,0.72,0.5023496
0.18,0.5,0.7,0.21,0.73,0.72,0.5023496
0.17,0.44,0.72,0.26,0.75,0.71,0.5023497
0.18,0.49,0.7,0.2,0.72,0.71,0.5023497
0.16,0.45,0.75,0.2,0.72,0.72,0.5023498
0.16,0.48,0.7,0.26,0.73,0.71,0.5023498
0.16,0.48,0.74,0.29,0.76,0.71,0.5023499
0.18,0.48,0.74,0.21,0.74,0.72,0.5023499
0.16,0.45,0.72,0.26,0.76,0.7,0.50235
0.16,0.48,0.72,0.28,0.76,0.71,0.5023503
0.17,0.48,0.71,0.27,0.75,0.72,0.5023503
0.16,0.47,0.7,0.26,0.75,0.7,0.5023506
0.16,0.42,0.74,0.2,0.73,0.72,0.5023507
0.18,0.43,0.71,0.25,0.75,0.71,0.5023507
0.18,0.43,0.71,0.25,0.76,0.72,0.5023507
0.18,0.41,0.72,0.22,0.75,0.72,0.5023512
0.18,0.46,0.72,0.27,0.73,0.7,0.5023512
0.18,0.45,0.7,0.28,0.76,0.71,0.5023522
0.17,0.5,0.74,0.21,0.73,0.72,0.5023523
0.17,0.47,0.71,0.28,0.73,0.71,0.5023524
0.18,0.4,0.7,0.2,0.72,0.7,0.5023524
0.18,0.49,0.74,0.27,0.73,0.71,0.5023524
0.16,0.48,0.73,0.29,0.74,0.7,0.5023525
0.18,0.43,0.72,0.2,0.72,0.71,0.5023526
0.18,0.45,0.7,0.28,0.75,0.7,0.5023527
0.17,0.46,0.75,0.23,0.72,0.72,0.502353
0.18,0.49,0.75,0.27,0.74,0.72,0.502353
0.17,0.49,0.74,0.2,0.72,0.71,0.5023531
0.16,0.41,0.71,0.24,0.75,0.7,0.5023534
0.16,0.41,0.71,0.24,0.76,0.71,0.5023534
0.16,0.48,0.71,0.27,0.75,0.71,0.5023534
0.17,0.43,0.71,0.22,0.74,0.7,0.5023535
0.18,0.46,0.74,0.2,0.72,0.72,0.5023538
0.18,0.4,0.71,0.2,0.73,0.71,0.502354
0.17,0.46,0.72,0.22,0.73,0.7,0.5023541
0.18,0.43,0.73,0.2,0.73,0.72,0.5023541
0.16,0.46,0.71,0.26,0.72,0.72,0.5023542
0.17,0.4,0.7,0.22,0.75,0.7,0.5023542
0.16,0.46,0.73,0.25,0.73,0.7,0.5023543
0.17,0.4,0.7,0.23,0.76,0.71,0.5023545
0.16,0.43,0.7,0.27,0.76,0.7,0.5023546
0.17,0.4,0.7,0.23,0.75,0.7,0.5023546
0.17,0.43,0.72,0.22,0.75,0.71,0.5023547
0.17,0.5,0.72,0.2,0.73,0.72,0.5023547
0.16,0.43,0.72,0.25,0.74,0.7,0.5023548
0.17,0.45,0.7,0.25,0.72,0.72,0.502355
0.18,0.48,0.72,0.23,0.76,0.72,0.502355
0.16,0.47,0.71,0.28,0.73,0.7,0.5023551
0.16,0.47,0.75,0.26,0.72,0.72,0.5023551
0.17,0.46,0.73,0.22,0.74,0.71,0.5023551
0.16,0.46,0.74,0.25,0.74,0.71,0.5023553
0.16,0.48,0.72,0.28,0.73,0.72,0.5023554
0.17,0.4,0.71,0.22,0.76,0.71,0.5023556
0.18,0.47,0.72,0.22,0.75,0.71,0.5023556
0.18,0.49,0.73,0.25,0.75,0.72,0.5023556
0.17,0.46,0.74,0.25,0.72,0.72,0.5023557
0.18,0.4,0.72,0.2,0.74,0.72,0.5023557
0.18,0.48,0.73,0.24,0.74,0.71,0.5023558
0.17,0.43,0.73,0.22,0.76,0.72,0.5023559
0.17,0.46,0.74,0.22,0.75,0.72,0.502356
0.17,0.47,0.72,0.29,0.75,0.71,0.502356
0.16,0.49,0.75,0.25,0.73,0.71,0.5023562
0.16,0.46,0.75,0.25,0.75,0.72,0.5023564
0.17,0.46,0.72,0.29,0.76,0.7,0.5023564
0.18,0.45,0.73,0.24,0.72,0.72,0.5023568
0.18,0.46,0.71,0.2,0.76,0.71,0.5023569
0.16,0.49,0.74,0.29,0.73,0.72,0.502357
0.17,0.48,0.73,0.28,0.73,0.72,0.5023571
0.17,0.48,0.7,0.26,0.74,0.72,0.5023573
0.18,0.5,0.74,0.27,0.74,0.72,0.5023573
0.18,0.48,0.71,0.23,0.74,0.71,0.5023574
0.17,0.49,0.75,0.22,0.74,0.72,0.5023575
0.16,0.49,0.74,0.29,0.72,0.71,0.5023576
0.17,0.48,0.73,0.28,0.72,0.71,0.5023576
0.18,0.48,0.7,0.22,0.76,0.72,0.5023576
0.18,0.49,0.71,0.24,0.75,0.72,0.5023576
0.18,0.47,0.72,0.27,0.73,0.72,0.5023577
0.18,0.44,0.71,0.25,0.74,0.7,0.5023578
0.18,0.47,0.71,0.22,0.73,0.7,0.5023578
0.18,0.47,0.7,0.21,0.75,0.71,0.502358
0.18,0.47,0.7,0.27,0.76,0.71,0.5023582
0.18,0.47,0.72,0.25,0.73,0.7,0.5023582
0.18,0.47,0.72,0.27,0.72,0.71,0.5023582
0.18,0.49,0.72,0.25,0.73,0.71,0.5023584
0.18,0.48,0.72,0.24,0.72,0.7,0.5023585
0.16,0.43,0.73,0.23,0.73,0.72,0.5023586
0.16,0.48,0.73,0.29,0.75,0.72,0.5023586
0.18,0.5,0.72,0.26,0.74,0.72,0.5023586
0.16,0.43,0.73,0.23,0.72,0.71,0.5023587
0.18,0.44,0.72,0.25,0.75,0.71,0.5023587
0.18,0.46,0.7,0.2,0.74,0.7,0.5023589
0.18,0.47,0.73,0.25,0.74,0.71,0.502359
0.16,0.45,0.72,0.26,0.74,0.72,0.5023593
0.16,0.47,0.72,0.29,0.75,0.7,0.5023593
0.16,0.45,0.72,0.26,0.73,0.71,0.5023594
0.17,0.41,0.71,0.21,0.72,0.7,0.5023594
0.17,0.47,0.7,0.27,0.72,0.71,0.5023594
0.16,0.45,0.72,0.26,0.72,0.7,0.5023597
0.18,0.44,0.73,0.25,0.76,0.72,0.5023597
0.18,0.47,0.74,0.25,0.75,0.72,0.5023597
0.17,0.44,0.73,0.21,0.72,0.71,0.5023599
0.18,0.48,0.7,0.23,0.72,0.7,0.5023599
0.17,0.44,0.71,0.25,0.74,0.72,0.5023601
0.17,0.47,0.73,0.28,0.73,0.7,0.5023601
0.16,0.49,0.7,0.25,0.76,0.72,0.5023602
0.17,0.44,0.71,0.25,0.73,0.71,0.5023602
0.18,0.46,0.7,0.28,0.74,0.7,0.5023602
0.18,0.49,0.7,0.24,0.73,0.71,0.5023602
0.17,0.48,0.74,0.22,0.76,0.72,0.5023603
0.18,0.5,0.73,0.27,0.72,0.71,0.5023603
0.16,0.48,0.7,0.26,0.74,0.71,0.5023604
0.17,0.42,0.72,0.22,0.72,0.71,0.5023604
0.16,0.4,0.7,0.2,0.72,0.72,0.5023605
0.17,0.42,0.72,0.22,0.73,0.72,0.5023605
0.17,0.44,0.71,0.25,0.72,0.7,0.5023605
0.17,0.48,0.71,0.27,0.76,0.72,0.5023607
0.17,0.41,0.72,0.21,0.73,0.71,0.5023609
0.17,0.44,0.74,0.21,0.73,0.72,0.5023611
0.16,0.41,0.74,0.2,0.72,0.72,0.5023615
0.17,0.47,0.75,0.21,0.72,0.72,0.5023616
0.18,0.43,0.7,0.24,0.74,0.72,0.5023616
0.18,0.43,0.7,0.24,0.73,0.71,0.5023617
0.18,0.43,0.7,0.24,0.72,0.7,0.5023618
0.16,0.44,0.72,0.23,0.74,0.7,0.5023619
0.16,0.48,0.75,0.29,0.75,0.72,0.5023619
0.16,0.47,0.7,0.27,0.72,0.7,0.502362
0.17,0.47,0.74,0.28,0.75,0.72,0.502362
0.17,0.49,0.73,0.23,0.75,0.72,0.5023621
0.16,0.47,0.73,0.23,0.73,0.7,0.5023623
0.17,0.41,0.73,0.21,0.74,0.72,0.5023624
0.17,0.47,0.71,0.28,0.74,0.71,0.5023624
0.16,0.48,0.71,0.27,0.72,0.72,0.5023625
0.17,0.48,0.73,0.22,0.74,0.71,0.5023625
0.16,0.41,0.71,0.23,0.75,0.7,0.5023626
0.17,0.47,0.74,0.28,0.74,0.71,0.5023627
0.18,0.46,0.73,0.27,0.75,0.72,0.5023627
0.17,0.48,0.72,0.21,0.76,0.72,0.5023628
0.16,0.44,0.73,0.23,0.75,0.71,0.5023629
0.17,0.5,0.74,0.25,0.74,0.72,0.502363
0.17,0.41,0.7,0.2,0.75,0.7,0.5023631
0.17,0.49,0.74,0.24,0.73,0.71,0.5023631
0.18,0.41,0.71,0.21,0.72,0.71,0.5023631
0.18,0.41,0.71,0.21,0.73,0.72,0.5023631
0.16,0.47,0.74,0.23,0.74,0.71,0.5023632
0.17,0.44,0.71,0.2,0.74,0.7,0.5023633
0.18,0.46,0.73,0.27,0.74,0.71,0.5023634
0.17,0.47,0.72,0.2,0.75,0.71,0.5023636
0.18,0.45,0.73,0.24,0.72,0.71,0.5023638
0.16,0.41,0.7,0.23,0.73,0.7,0.5023639
0.16,0.41,0.72,0.23,0.76,0.71,0.5023639
0.16,0.44,0.74,0.23,0.76,0.72,0.5023639
0.16,0.41,0.7,0.23,0.74,0.71,0.502364
0.16,0.41,0.7,0.23,0.75,0.72,0.5023641
0.16,0.47,0.75,0.23,0.75,0.72,0.5023641
0.17,0.44,0.72,0.2,0.75,0.71,0.5023643
0.17,0.41,0.71,0.2,0.76,0.71,0.5023644
0.18,0.46,0.71,0.29,0.76,0.7,0.5023645
0.17,0.49,0.72,0.23,0.73,0.71,0.5023647
0.17,0.49,0.71,0.22,0.75,0.72,0.5023648
0.17,0.5,0.72,0.24,0.74,0.72,0.5023648
0.17,0.5,0.75,0.26,0.72,0.71,0.5023648
0.18,0.45,0.74,0.24,0.73,0.72,0.5023648
0.16,0.44,0.73,0.26,0.76,0.72,0.502365
0.16,0.44,0.73,0.26,0.75,0.71,0.5023651
0.17,0.48,0.71,0.21,0.74,0.71,0.5023651
0.17,0.48,0.72,0.22,0.72,0.7,0.5023651
0.17,0.44,0.73,0.2,0.76,0.72,0.5023653
0.18,0.48,0.75,0.24,0.72,0.72,0.5023653
0.16,0.48,0.72,0.28,0.74,0.72,0.5023654
0.16,0.47,0.71,0.28,0.74,0.7,0.5023655
0.17,0.43,0.72,0.25,0.76,0.72,0.5023657
0.17,0.47,0.73,0.2,0.74,0.71,0.5023657
0.17,0.43,0.72,0.25,0.75,0.71,0.5023659
0.17,0.47,0.71,0.2,0.73,0.7,0.5023659
0.17,0.5,0.73,0.25,0.72,0.71,0.5023659
0.18,0.42,0.7,0.23,0.75,0.7,0.5023659
0.18,0.45,0.71,0.23,0.74,0.7,0.502366
0.17,0.48,0.7,0.2,0.76,0.72,0.5023662
0.17,0.47,0.72,0.29,0.76,0.71,0.5023663
0.17,0.45,0.72,0.26,0.74,0.7,0.5023664
0.17,0.47,0.74,0.2,0.75,0.72,0.5023664
0.18,0.45,0.72,0.23,0.75,0.71,0.5023668
0.16,0.46,0.72,0.29,0.76,0.71,0.502367
0.18,0.42,0.71,0.23,0.76,0.71,0.502367
0.18,0.42,0.71,0.24,0.76,0.72,0.5023671
0.17,0.45,0.71,0.28,0.76,0.71,0.5023672
0.17,0.45,0.73,0.26,0.75,0.71,0.5023672
0.17,0.48,0.74,0.26,0.74,0.71,0.5023672
0.18,0.47,0.7,0.27,0.73,0.72,0.5023672
0.17,0.49,0.7,0.22,0.73,0.71,0.5023673
0.18,0.42,0.71,0.24,0.75,0.71,0.5023673
0.16,0.42,0.72,0.22,0.72,0.7,0.5023674
0.18,0.47,0.72,0.26,0.76,0.71,0.5023674
0.16,0.49,0.75,0.22,0.75,0.72,0.5023675
0.17,0.48,0.7,0.21,0.72,0.7,0.5023675
0.18,0.45,0.73,0.23,0.76,0.72,0.5023675
0.16,0.46,0.72,0.29,0.75,0.7,0.5023676
0.17,0.5,0.71,0.24,0.72,0.71,0.5023676
0.17,0.45,0.71,0.28,0.75,0.7,0.5023677
0.17,0.48,0.7,0.26,0.75,0.72,0.5023677
0.17,0.5,0.7,0.23,0.74,0.72,0.5023677
0.18,0.44,0.7,0.27,0.76,0.71,0.5023678
0.16,0.45,0.74,0.22,0.72,0.71,0.5023679
0.17,0.48,0.75,0.26,0.75,0.72,0.5023679
0.18,0.48,0.74,0.23,0.75,0.72,0.5023681
0.17,0.45,0.74,0.26,0.76,0.72,0.5023682
0.18,0.44,0.7,0.27,0.75,0.7,0.5023684
0.16,0.42,0.73,0.22,0.73,0.71,0.5023686
0.16,0.48,0.74,0.2,0.76,0.72,0.5023686
0.16,0.48,0.73,0.29,0.76,0.72,0.5023687
0.16,0.45,0.75,0.22,0.73,0.72,0.5023689
0.18,0.47,0.7,0.25,0.76,0.71,0.502369
0.18,0.46,0.7,0.24,0.75,0.7,0.5023691
0.18,0.48,0.73,0.28,0.75,0.71,0.5023693
0.16,0.48,0.74,0.29,0.73,0.7,0.5023694
0.17,0.47,0.7,0.27,0.73,0.71,0.5023694
0.16,0.5,0.74,0.23,0.74,0.72,0.5023695
0.18,0.47,0.71,0.28,0.75,0.72,0.5023698
0.16,0.42,0.74,0.22,0.74,0.72,0.50237
0.16,0.48,0.75,0.29,0.74,0.71,0.50237
0.16,0.49,0.73,0.21,0.75,0.72,0.50237
0.16,0.49,0.74,0.22,0.73,0.71,0.50237
0.18,0.47,0.71,0.26,0.74,0.7,0.50237
0.16,0.45,0.71,0.25,0.72,0.72,0.5023702
0.18,0.48,0.71,0.27,0.75,0.71,0.5023702
0.16,0.4,0.71,0.23,0.76,0.71,0.5023703
0.16,0.42,0.71,0.21,0.75,0.7,0.5023705
0.18,0.46,0.7,0.28,0.75,0.7,0.5023706
0.16,0.42,0.7,0.26,0.76,0.7,0.5023708
0.16,0.48,0.73,0.2,0.74,0.71,0.5023708
0.16,0.5,0.75,0.24,0.72,0.71,0.5023708
0.16,0.46,0.75,0.25,0.72,0.72,0.5023709
0.18,0.43,0.71,0.22,0.72,0.7,0.5023709
0.16,0.45,0.72,0.21,0.74,0.7,0.502371
0.16,0.48,0.7,0.26,0.75,0.71,0.502371
0.17,0.44,0.7,0.24,0.72,0.72,0.5023714
0.16,0.42,0.72,0.21,0.76,0.71,0.5023716
0.17,0.45,0.74,0.24,0.72,0.72,0.5023717
0.16,0.45,0.73,0.21,0.75,0.71,0.5023718
0.18,0.43,0.72,0.22,0.73,0.71,0.5023719
0.18,0.46,0.73,0.22,0.72,0.71,0.5023719
0.16,0.48,0.74,0.28,0.73,0.72,0.5023721
0.16,0.5,0.72,0.22,0.74,0.72,0.5023721
0.16,0.5,0.73,0.23,0.72,0.71,0.5023723
0.17,0.46,0.74,0.25,0.72,0.71,0.5023723
0.16,0.47,0.7,0.27,0.73,0.7,0.5023724
0.16,0.48,0.71,0.27,0.73,0.72,0.5023724
0.17,0.47,0.73,0.27,0.73,0.72,0.5023724
0.16,0.49,0.72,0.21,0.73,0.71,0.5023725
0.18,0.48,0.72,0.28,0.73,0.7,0.5023725
0.17,0.47,0.71,0.28,0.75,0.71,0.5023726
0.16,0.45,0.74,0.21,0.76,0.72,0.5023727
0.16,0.48,0.74,0.28,0.72,0.71,0.5023727
0.18,0.46,0.74,0.22,0.73,0.72,0.5023727
0.17,0.47,0.73,0.27,0.72,0.71,0.5023729
0.18,0.43,0.73,0.22,0.74,0.72,0.5023729
0.17,0.46,0.75,0.25,0.73,0.72,0.5023731
0.16,0.48,0.72,0.2,0.72,0.7,0.5023732
0.16,0.48,0.74,0.21,0.74,0.71,0.5023732
0.16,0.49,0.71,0.2,0.75,0.72,0.5023733
0.18,0.46,0.72,0.26,0.73,0.72,0.5023733
0.17,0.47,0.72,0.24,0.76,0.71,0.5023734
0.18,0.44,0.73,0.23,0.72,0.72,0.5023734
0.18,0.49,0.75,0.29,0.75,0.72,0.5023735
0.17,0.49,0.75,0.28,0.76,0.72,0.5023736
0.16,0.48,0.75,0.21,0.75,0.72,0.5023738
0.18,0.46,0.72,0.26,0.72,0.71,0.5023738
0.17,0.43,0.71,0.24,0.75,0.7,0.5023739
0.17,0.46,0.72,0.24,0.74,0.7,0.502374
0.18,0.49,0.75,0.22,0.72,0.72,0.502374
0.17,0.48,0.73,0.26,0.75,0.71,0.5023744
0.17,0.49,0.73,0.27,0.76,0.72,0.5023746
0.17,0.46,0.73,0.24,0.75,0.71,0.5023747
0.17,0.43,0.72,0.24,0.76,0.71,0.5023748
0.16,0.5,0.71,0.22,0.72,0.71,0.5023749
0.18,0.43,0.7,0.21,0.75,0.7,0.5023749
0.16,0.46,0.73,0.27,0.74,0.7,0.5023753
0.16,0.44,0.72,0.25,0.74,0.72,0.5023754
0.16,0.48,0.72,0.28,0.75,0.72,0.5023754
0.17,0.46,0.74,0.24,0.76,0.72,0.5023754
0.16,0.44,0.72,0.25,0.73,0.71,0.5023755
0.16,0.5,0.7,0.21,0.74,0.72,0.5023757
0.16,0.42,0.73,0.22,0.73,0.72,0.5023758
0.16,0.44,0.72,0.25,0.72,0.7,0.5023758
0.16,0.49,0.7,0.2,0.73,0.71,0.5023758
0.18,0.43,0.71,0.21,0.76,0.71,0.5023758
0.18,0.49,0.75,0.29,0.74,0.72,0.5023758
0.16,0.42,0.73,0.22,0.72,0.71,0.5023759
0.16,0.43,0.72,0.2,0.72,0.7,0.5023759
0.17,0.47,0.7,0.23,0.76,0.71,0.5023759
0.16,0.47,0.71,0.28,0.75,0.7,0.502376
0.17,0.47,0.71,0.24,0.74,0.7,0.502376
0.17,0.48,0.71,0.25,0.75,0.71,0.502376
0.17,0.49,0.75,0.24,0.75,0.72,0.502376
0.18,0.46,0.71,0.21,0.74,0.7,0.502376
0.16,0.46,0.74,0.27,0.75,0.71,0.5023761
0.16,0.49,0.75,0.27,0.74,0.71,0.5023762
0.17,0.46,0.7,0.22,0.75,0.7,0.5023762
0.17,0.49,0.71,0.26,0.76,0.72,0.5023765
0.18,0.46,0.72,0.21,0.75,0.71,0.5023765
0.17,0.43,0.71,0.24,0.74,0.72,0.5023766
0.16,0.46,0.71,0.28,0.75,0.72,0.5023767
0.17,0.43,0.71,0.24,0.73,0.71,0.5023767
0.17,0.49,0.74,0.28,0.74,0.71,0.5023767
0.16,0.4,0.71,0.2,0.73,0.7,0.5023769
0.16,0.46,0.75,0.27,0.76,0.72,0.5023769
0.16,0.43,0.73,0.2,0.73,0.71,0.502377
0.16,0.46,0.71,0.28,0.74,0.71,0.502377
0.16,0.47,0.75,0.28,0.75,0.72,0.502377
0.17,0.43,0.71,0.24,0.72,0.7,0.502377
0.18,0.46,0.73,0.21,0.76,0.72,0.5023771
0.18,0.47,0.7,0.27,0.74,0.72,0.5023771
0.16,0.46,0.74,0.2,0.72,0.71,0.5023772
0.17,0.45,0.7,0.27,0.75,0.72,0.5023772
0.16,0.46,0.71,0.28,0.73,0.7,0.5023773
0.17,0.48,0.72,0.26,0.73,0.7,0.5023773
0.17,0.45,0.7,0.27,0.74,0.71,0.5023774
0.17,0.46,0.74,0.27,0.75,0.72,0.5023774
0.17,0.49,0.72,0.27,0.74,0.71,0.5023776
0.17,0.45,0.7,0.27,0.73,0.7,0.5023777
0.16,0.46,0.75,0.2,0.73,0.72,0.502378
0.17,0.41,0.72,0.21,0.73,0.72,0.5023782
0.17,0.48,0.7,0.26,0.76,0.72,0.5023782
0.16,0.4,0.72,0.2,0.74,0.71,0.5023783
0.16,0.43,0.74,0.2,0.74,0.72,0.5023783
0.17,0.41,0.72,0.21,0.72,0.71,0.5023783
0.18,0.42,0.7,0.23,0.74,0.72,0.5023784
0.18,0.45,0.73,0.26,0.75,0.72,0.5023785
0.18,0.47,0.72,0.27,0.74,0.7,0.5023785
0.18,0.42,0.7,0.23,0.73,0.71,0.5023786
0.18,0.42,0.7,0.23,0.72,0.7,0.5023788
0.17,0.44,0.72,0.23,0.72,0.7,0.5023789
0.18,0.47,0.73,0.27,0.75,0.71,0.502379
0.17,0.48,0.7,0.25,0.73,0.7,0.5023791
0.16,0.49,0.75,0.26,0.76,0.72,0.5023792
0.17,0.47,0.7,0.27,0.74,0.71,0.5023796
0.18,0.47,0.74,0.27,0.76,0.72,0.5023796
0.16,0.4,0.73,0.2,0.75,0.72,0.5023797
0.17,0.44,0.73,0.23,0.73,0.71,0.5023797
0.18,0.47,0.72,0.29,0.76,0.72,0.5023797
0.18,0.47,0.71,0.28,0.76,0.72,0.5023798
0.16,0.48,0.7,0.26,0.72,0.72,0.5023799
0.17,0.49,0.73,0.28,0.72,0.7,0.5023799
0.18,0.44,0.71,0.2,0.72,0.7,0.50238
0.17,0.47,0.74,0.23,0.72,0.71,0.5023801
0.18,0.47,0.72,0.29,0.75,0.71,0.5023804
0.17,0.47,0.75,0.23,0.73,0.72,0.5023806
0.18,0.41,0.7,0.2,0.73,0.7,0.5023806
0.16,0.48,0.73,0.24,0.75,0.71,0.5023807
0.17,0.44,0.74,0.23,0.74,0.72,0.5023807
0.16,0.49,0.73,0.25,0.76,0.72,0.5023808
0.18,0.44,0.72,0.2,0.73,0.71,0.5023809
0.16,0.47,0.72,0.22,0.76,0.71,0.502381
0.16,0.43,0.73,0.25,0.76,0.72,0.5023811
0.16,0.47,0.75,0.26,0.72,0.71,0.5023811
0.16,0.4,0.7,0.22,0.73,0.7,0.5023813
0.16,0.4,0.7,0.22,0.74,0.71,0.5023813
0.18,0.47,0.72,0.29,0.74,0.7,0.5023813
0.16,0.4,0.7,0.22,0.75,0.72,0.5023814
0.16,0.43,0.73,0.25,0.75,0.71,0.5023814
0.18,0.4,0.71,0.2,0.73,0.72,0.5023815
0.18,0.4,0.71,0.2,0.72,0.71,0.5023816
0.18,0.41,0.71,0.2,0.74,0.71,0.5023818
0.18,0.44,0.73,0.2,0.74,0.72,0.5023819
0.16,0.49,0.74,0.26,0.74,0.71,0.5023821
0.18,0.47,0.73,0.2,0.72,0.71,0.5023821
0.16,0.5,0.74,0.27,0.75,0.72,0.5023822
0.17,0.42,0.72,0.24,0.76,0.72,0.5023822
0.16,0.47,0.73,0.25,0.74,0.7,0.5023823
0.16,0.45,0.72,0.28,0.76,0.71,0.5023824
0.17,0.42,0.72,0.24,0.75,0.71,0.5023824
0.17,0.44,0.71,0.22,0.75,0.7,0.5023824
0.16,0.44,0.72,0.25,0.75,0.7,0.5023825
0.16,0.48,0.71,0.27,0.74,0.72,0.5023825
0.18,0.47,0.74,0.2,0.73,0.72,0.5023825
0.17,0.41,0.7,0.22,0.76,0.7,0.5023827
0.16,0.45,0.72,0.28,0.75,0.7,0.5023829
0.16,0.47,0.7,0.27,0.74,0.7,0.5023829
0.17,0.44,0.71,0.27,0.76,0.71,0.5023829
0.16,0.47,0.74,0.25,0.75,0.71,0.502383
0.17,0.44,0.72,0.22,0.76,0.71,0.502383
0.17,0.47,0.71,0.28,0.76,0.71,0.502383
0.18,0.41,0.72,0.2,0.75,0.72,0.502383
0.16,0.48,0.71,0.23,0.75,0.71,0.5023831
0.16,0.47,0.71,0.22,0.74,0.7,0.5023833
0.18,0.46,0.7,0.28,0.76,0.7,0.5023833
0.16,0.44,0.73,0.25,0.76,0.71,0.5023834
0.16,0.49,0.71,0.24,0.76,0.72,0.5023834
0.17,0.44,0.71,0.27,0.75,0.7,0.5023835
0.16,0.48,0.72,0.24,0.73,0.7,0.5023836
0.16,0.47,0.75,0.25,0.76,0.72,0.5023837
0.16,0.49,0.72,0.25,0.74,0.71,0.5023837
0.16,0.47,0.7,0.21,0.76,0.71,0.5023839
0.17,0.47,0.73,0.22,0.75,0.71,0.5023839
0.18,0.41,0.71,0.23,0.76,0.72,0.5023839
0.18,0.43,0.7,0.26,0.76,0.71,0.5023839
0.16,0.5,0.72,0.26,0.75,0.72,0.502384
0.18,0.41,0.71,0.23,0.75,0.71,0.5023842
0.18,0.48,0.74,0.26,0.72,0.71,0.5023843
0.16,0.5,0.75,0.28,0.73,0.71,0.5023844
0.17,0.47,0.74,0.22,0.76,0.72,0.5023844
0.18,0.43,0.7,0.26,0.75,0.7,0.5023845
0.16,0.46,0.7,0.2,0.75,0.7,0.5023847
0.18,0.48,0.75,0.26,0.73,0.72,0.5023848
0.18,0.5,0.75,0.2,0.72,0.72,0.5023848
0.16,0.49,0.73,0.26,0.72,0.7,0.5023852
0.16,0.5,0.73,0.27,0.73,0.71,0.5023853
0.16,0.48,0.72,0.28,0.76,0.72,0.5023855
0.18,0.5,0.74,0.29,0.72,0.71,0.5023855
0.17,0.5,0.75,0.29,0.72,0.72,0.5023858
0.16,0.48,0.7,0.23,0.73,0.7,0.5023859
0.18,0.45,0.71,0.25,0.75,0.7,0.5023859
0.16,0.49,0.7,0.24,0.74,0.71,0.5023861
0.18,0.49,0.74,0.28,0.72,0.72,0.5023864
0.18,0.45,0.72,0.25,0.76,0.71,0.5023865
0.16,0.44,0.71,0.24,0.72,0.72,0.5023866
0.18,0.42,0.7,0.25,0.76,0.7,0.5023866
0.16,0.49,0.71,0.25,0.72,0.7,0.5023867
0.16,0.45,0.75,0.24,0.72,0.72,0.5023869
0.18,0.47,0.7,0.27,0.75,0.72,0.502387
0.18,0.48,0.74,0.25,0.76,0.72,0.5023872
0.16,0.41,0.7,0.25,0.76,0.7,0.5023874
0.16,0.45,0.73,0.24,0.72,0.7,0.5023874
0.16,0.47,0.74,0.27,0.73,0.72,0.5023875
0.17,0.45,0.72,0.21,0.72,0.7,0.5023876
0.16,0.46,0.7,0.27,0.73,0.72,0.5023877
0.17,0.42,0.71,0.21,0.73,0.7,0.5023877
0.17,0.48,0.74,0.28,0.75,0.71,0.5023877
0.16,0.46,0.7,0.27,0.72,0.71,0.5023879
0.16,0.45,0.74,0.24,0.73,0.71,0.5023881
0.16,0.47,0.74,0.27,0.72,0.71,0.5023881
0.17,0.46,0.73,0.26,0.73,0.72,0.5023881
0.17,0.48,0.75,0.28,0.76,0.72,0.5023881
0.17,0.43,0.7,0.23,0.72,0.72,0.5023883
0.17,0.44,0.74,0.23,0.72,0.72,0.5023883
0.17,0.45,0.73,0.21,0.73,0.71,0.5023883
0.17,0.46,0.7,0.26,0.76,0.7,0.5023884
0.16,0.48,0.75,0.24,0.72,0.71,0.5023885
0.17,0.42,0.72,0.21,0.74,0.71,0.5023887
0.17,0.46,0.73,0.26,0.72,0.71,0.5023888
0.16,0.45,0.75,0.24,0.74,0.72,0.5023889
0.17,0.45,0.74,0.21,0.74,0.72,0.5023891
0.18,0.45,0.72,0.25,0.73,0.72,0.5023894
0.17,0.48,0.74,0.21,0.72,0.71,0.5023896
0.18,0.5,0.75,0.23,0.73,0.72,0.5023897
0.17,0.42,0.73,0.21,0.75,0.72,0.5023898
0.16,0.48,0.7,0.26,0.73,0.72,0.5023899
0.17,0.47,0.7,0.27,0.75,0.71,0.5023899
0.17,0.48,0.75,0.21,0.73,0.72,0.5023899
0.18,0.45,0.72,0.25,0.72,0.71,0.5023899
0.18,0.49,0.74,0.21,0.74,0.72,0.5023902
0.17,0.47,0.71,0.28,0.75,0.7,0.5023903
0.18,0.47,0.71,0.28,0.74,0.72,0.5023903
0.16,0.45,0.72,0.23,0.75,0.7,0.5023904
0.18,0.43,0.73,0.22,0.72,0.72,0.5023907
0.16,0.42,0.71,0.23,0.76,0.7,0.5023908
0.18,0.46,0.72,0.24,0.72,0.7,0.502391
0.18,0.47,0.71,0.28,0.73,0.71,0.502391
0.16,0.45,0.73,0.23,0.76,0.71,0.5023911
0.18,0.43,0.71,0.24,0.73,0.7,0.5023911
0.18,0.46,0.73,0.24,0.73,0.71,0.5023915
0.18,0.5,0.73,0.22,0.73,0.72,0.5023917
0.16,0.43,0.72,0.24,0.74,0.72,0.5023918
0.18,0.43,0.72,0.24,0.74,0.71,0.5023918
0.18,0.47,0.71,0.28,0.72,0.7,0.5023918
0.18,0.46,0.74,0.24,0.74,0.72,0.502392
0.16,0.43,0.72,0.24,0.73,0.71,0.5023921
0.16,0.48,0.75,0.23,0.76,0.72,0.5023921
0.17,0.46,0.7,0.28,0.73,0.7,0.5023923
0.16,0.45,0.71,0.27,0.75,0.72,0.5023924
0.18,0.49,0.74,0.24,0.72,0.71,0.5023924
0.16,0.43,0.72,0.24,0.72,0.7,0.5023925
0.16,0.46,0.75,0.27,0.75,0.72,0.5023925
0.16,0.48,0.71,0.27,0.75,0.72,0.5023925
0.17,0.42,0.7,0.2,0.76,0.7,0.5023925
0.16,0.45,0.71,0.27,0.74,0.71,0.5023927
0.17,0.49,0.75,0.27,0.72,0.71,0.5023928
0.18,0.49,0.72,0.2,0.74,0.72,0.5023928
0.18,0.49,0.75,0.24,0.73,0.72,0.5023928
0.18,0.49,0.73,0.21,0.72,0.71,0.502393
0.16,0.45,0.71,0.27,0.73,0.7,0.5023931
0.17,0.45,0.71,0.2,0.75,0.7,0.5023931
0.16,0.46,0.72,0.25,0.76,0.7,0.5023932
0.17,0.44,0.7,0.26,0.75,0.72,0.5023933
0.17,0.45,0.74,0.26,0.75,0.72,0.5023933
0.16,0.47,0.7,0.27,0.75,0.7,0.5023934
0.17,0.42,0.71,0.23,0.74,0.72,0.5023935
0.17,0.44,0.7,0.26,0.74,0.71,0.5023935
0.16,0.41,0.73,0.21,0.73,0.72,0.5023936
0.17,0.45,0.72,0.2,0.76,0.71,0.5023936
0.17,0.42,0.71,0.23,0.73,0.71,0.5023937
0.17,0.44,0.7,0.26,0.73,0.7,0.5023939
0.17,0.46,0.72,0.26,0.75,0.7,0.502394
0.17,0.42,0.71,0.23,0.72,0.7,0.5023941
0.16,0.48,0.74,0.3,0.76,0.72,0.5023943
0.18,0.43,0.7,0.23,0.76,0.7,0.5023943
0.17,0.47,0.73,0.29,0.76,0.72,0.5023944
0.16,0.48,0.73,0.28,0.76,0.71,0.5023945
0.17,0.46,0.73,0.26,0.76,0.71,0.5023945
0.18,0.44,0.73,0.25,0.75,0.72,0.5023946
0.18,0.5,0.71,0.21,0.73,0.72,0.5023947
0.16,0.47,0.71,0.28,0.73,0.71,0.502395
0.17,0.43,0.71,0.26,0.76,0.7,0.502395
0.18,0.46,0.72,0.23,0.76,0.71,0.502395
0.16,0.48,0.74,0.3,0.75,0.71,0.5023951
0.18,0.46,0.72,0.28,0.76,0.72,0.5023951
0.16,0.46,0.7,0.24,0.76,0.7,0.5023952
0.17,0.47,0.73,0.29,0.75,0.71,0.5023952
0.16,0.43,0.72,0.22,0.73,0.7,0.5023955
0.16,0.46,0.73,0.22,0.72,0.7,0.5023956
0.18,0.49,0.71,0.2,0.72,0.71,0.5023956
0.18,0.41,0.7,0.22,0.74,0.72,0.5023958
0.18,0.46,0.72,0.28,0.75,0.71,0.5023958
0.16,0.47,0.71,0.26,0.75,0.7,0.5023959
0.16,0.48,0.71,0.27,0.76,0.71,0.502396
0.17,0.46,0.71,0.29,0.75,0.7,0.502396
0.18,0.41,0.7,0.22,0.73,0.71,0.502396
0.16,0.46,0.74,0.22,0.73,0.71,0.5023962
0.17,0.43,0.74,0.2,0.72,0.72,0.5023962
0.16,0.43,0.73,0.22,0.74,0.71,0.5023963
0.18,0.41,0.7,0.22,0.72,0.7,0.5023963
0.17,0.4,0.72,0.2,0.73,0.72,0.5023965
0.16,0.46,0.75,0.22,0.74,0.72,0.5023968
0.17,0.4,0.72,0.2,0.72,0.71,0.5023969
0.16,0.4,0.71,0.22,0.74,0.7,0.502397
0.18,0.47,0.7,0.27,0.76,0.72,0.5023971
0.16,0.43,0.74,0.22,0.75,0.72,0.5023972
0.16,0.49,0.75,0.22,0.72,0.71,0.5023975
0.17,0.5,0.75,0.21,0.73,0.72,0.5023975
0.16,0.42,0.73,0.24,0.76,0.72,0.5023976
0.16,0.48,0.72,0.28,0.74,0.7,0.5023976
0.16,0.47,0.72,0.29,0.75,0.71,0.502398
0.16,0.4,0.72,0.22,0.75,0.71,0.5023982
0.16,0.44,0.72,0.27,0.76,0.71,0.5023983
0.16,0.44,0.72,0.27,0.75,0.7,0.5023988
0.17,0.41,0.72,0.23,0.76,0.72,0.502399
0.17,0.43,0.71,0.26,0.76,0.71,0.5023991
0.17,0.47,0.73,0.25,0.72,0.7,0.5023991
0.17,0.44,0.72,0.25,0.73,0.7,0.5023993
0.18,0.44,0.71,0.22,0.73,0.7,0.5023993
0.17,0.47,0.74,0.25,0.73,0.71,0.5023995
0.16,0.43,0.71,0.21,0.76,0.7,0.5023996
0.17,0.43,0.71,0.26,0.75,0.7,0.5023997
0.18,0.48,0.73,0.23,0.76,0.72,0.5023997
0.17,0.47,0.7,0.27,0.72,0.72,0.5023998
0.18,0.47,0.73,0.29,0.76,0.71,0.5023998
0.17,0.44,0.73,0.25,0.74,0.71,0.5023999
0.18,0.44,0.72,0.22,0.74,0.71,0.5023999
0.18,0.47,0.72,0.22,0.72,0.7,0.5023999
0.16,0.48,0.7,0.26,0.74,0.72,0.5024
0.17,0.5,0.73,0.2,0.73,0.72,0.5024
0.18,0.49,0.74,0.25,0.75,0.72,0.5024
0.17,0.47,0.75,0.25,0.74,0.72,0.5024001
0.18,0.41,0.7,0.22,0.74,0.7,0.5024001
0.18,0.47,0.73,0.22,0.73,0.71,0.5024003
0.16,0.46,0.72,0.21,0.75,0.7,0.5024004
0.17,0.47,0.7,0.27,0.76,0.71,0.5024004
0.18,0.42,0.7,0.25,0.76,0.71,0.5024005
0.18,0.44,0.73,0.22,0.75,0.72,0.5024006
0.18,0.47,0.74,0.22,0.74,0.72,0.5024006
0.17,0.49,0.75,0.28,0.72,0.72,0.5024008
0.16,0.46,0.73,0.21,0.76,0.71,0.5024009
0.18,0.41,0.71,0.22,0.75,0.71,0.5024009
0.18,0.42,0.7,0.25,0.75,0.7,0.5024011
0.18,0.5,0.75,0.27,0.74,0.72,0.5024012
0.18,0.4,0.71,0.22,0.76,0.72,0.5024013
0.18,0.48,0.74,0.27,0.72,0.72,0.5024017
0.18,0.41,0.72,0.22,0.76,0.72,0.5024018
0.18,0.47,0.7,0.27,0.72,0.72,0.5024018
0.18,0.49,0.72,0.24,0.75,0.72,0.5024019
0.17,0.47,0.71,0.28,0.74,0.72,0.502402
0.17,0.44,0.71,0.24,0.76,0.7,0.5024022
0.18,0.5,0.73,0.28,0.72,0.71,0.5024022
0.16,0.47,0.7,0.27,0.72,0.71,0.5024024
0.17,0.46,0.7,0.28,0.74,0.7,0.5024025
0.18,0.48,0.71,0.22,0.76,0.72,0.5024025
0.18,0.48,0.72,0.23,0.74,0.71,0.5024025
0.16,0.47,0.73,0.27,0.75,0.7,0.5024027
0.16,0.48,0.71,0.27,0.76,0.72,0.5024028
0.18,0.5,0.73,0.26,0.74,0.72,0.5024028
0.16,0.44,0.75,0.21,0.72,0.72,0.502403
0.16,0.47,0.74,0.27,0.76,0.71,0.5024031
0.16,0.46,0.74,0.26,0.73,0.72,0.5024033
0.18,0.49,0.73,0.25,0.73,0.71,0.5024033
0.16,0.44,0.75,0.23,0.72,0.72,0.5024035
0.16,0.43,0.71,0.23,0.72,0.72,0.5024036
0.16,0.44,0.72,0.27,0.76,0.7,0.5024037
0.16,0.45,0.7,0.26,0.73,0.72,0.5024037
0.18,0.47,0.71,0.21,0.75,0.71,0.5024037
0.16,0.41,0.73,0.21,0.72,0.71,0.5024038
0.16,0.45,0.7,0.26,0.72,0.71,0.5024039
0.16,0.46,0.74,0.26,0.72,0.71,0.5024041
0.17,0.45,0.73,0.25,0.73,0.72,0.5024042
0.16,0.4,0.7,0.24,0.76,0.7,0.5024044
0.18,0.44,0.7,0.21,0.76,0.7,0.5024044
0.16,0.48,0.73,0.29,0.74,0.72,0.5024045
0.18,0.48,0.73,0.28,0.72,0.7,0.5024045
0.18,0.48,0.74,0.28,0.73,0.71,0.5024046
0.17,0.47,0.72,0.29,0.76,0.72,0.5024047
0.18,0.5,0.74,0.27,0.72,0.71,0.5024047
0.18,0.48,0.75,0.28,0.74,0.72,0.5024048
0.18,0.5,0.71,0.25,0.74,0.72,0.5024048
0.16,0.44,0.72,0.2,0.73,0.7,0.5024049
0.18,0.49,0.7,0.23,0.75,0.72,0.5024049
0.16,0.47,0.71,0.28,0.74,0.71,0.502405
0.17,0.45,0.73,0.25,0.72,0.71,0.502405
0.17,0.47,0.72,0.28,0.74,0.72,0.502405
0.18,0.49,0.71,0.24,0.73,0.71,0.5024051
0.16,0.48,0.73,0.29,0.73,0.71,0.5024053
0.16,0.41,0.71,0.2,0.74,0.7,0.5024054
0.18,0.48,0.7,0.22,0.74,0.71,0.5024054
0.16,0.44,0.73,0.2,0.74,0.71,0.5024056
0.17,0.43,0.74,0.22,0.72,0.72,0.5024056
0.17,0.47,0.72,0.28,0.73,0.71,0.5024056
0.17,0.42,0.7,0.22,0.72,0.72,0.5024057
0.18,0.48,0.71,0.23,0.72,0.7,0.5024057
0.18,0.46,0.71,0.27,0.74,0.72,0.5024059
0.18,0.44,0.72,0.24,0.73,0.72,0.502406
0.16,0.47,0.73,0.2,0.72,0.7,0.5024061
0.16,0.48,0.73,0.29,0.72,0.7,0.5024062
0.16,0.44,0.74,0.2,0.75,0.72,0.5024063
0.18,0.5,0.72,0.26,0.72,0.71,0.5024063
0.16,0.41,0.72,0.2,0.75,0.71,0.5024064
0.16,0.47,0.74,0.2,0.73,0.71,0.5024064
0.17,0.46,0.71,0.29,0.76,0.7,0.5024064
0.18,0.45,0.71,0.27,0.76,0.7,0.5024064
0.18,0.45,0.74,0.21,0.72,0.72,0.5024064
0.18,0.44,0.72,0.24,0.72,0.71,0.5024065
0.18,0.46,0.71,0.27,0.73,0.71,0.5024065
0.17,0.47,0.72,0.28,0.72,0.7,0.5024066
0.17,0.49,0.74,0.23,0.75,0.72,0.5024066
0.18,0.47,0.7,0.21,0.73,0.7,0.5024066
0.16,0.47,0.75,0.2,0.74,0.72,0.5024067
0.18,0.42,0.72,0.21,0.72,0.71,0.5024068
0.17,0.45,0.72,0.23,0.73,0.7,0.5024072
0.16,0.41,0.73,0.2,0.76,0.72,0.5024073
0.17,0.5,0.75,0.25,0.74,0.72,0.5024073
0.18,0.46,0.71,0.27,0.72,0.7,0.5024075
0.17,0.42,0.71,0.23,0.74,0.7,0.5024076
0.17,0.45,0.73,0.23,0.74,0.71,0.5024077
0.16,0.48,0.74,0.26,0.72,0.7,0.5024078
0.17,0.48,0.73,0.21,0.76,0.72,0.5024078
0.17,0.48,0.73,0.23,0.72,0.7,0.5024078
0.18,0.42,0.73,0.21,0.73,0.72,0.5024079
0.16,0.45,0.73,0.26,0.73,0.7,0.502408
0.17,0.48,0.74,0.23,0.73,0.71,0.502408
0.17,0.45,0.74,0.23,0.75,0.72,0.5024081
0.16,0.48,0.75,0.26,0.73,0.71,0.5024082
0.16,0.47,0.72,0.29,0.76,0.71,0.5024083
0.17,0.42,0.72,0.23,0.75,0.71,0.5024083
0.17,0.48,0.75,0.23,0.74,0.72,0.5024083
0.16,0.45,0.74,0.26,0.74,0.71,0.5024085
0.16,0.44,0.71,0.26,0.75,0.72,0.5024086
0.16,0.42,0.72,0.23,0.74,0.72,0.5024088
0.18,0.42,0.73,0.21,0.72,0.72,0.5024088
0.16,0.44,0.71,0.26,0.74,0.71,0.502409
0.16,0.42,0.72,0.23,0.73,0.71,0.5024091
0.16,0.45,0.75,0.26,0.75,0.72,0.5024091
0.17,0.42,0.73,0.23,0.76,0.72,0.5024091
0.17,0.5,0.73,0.24,0.74,0.72,0.5024091
0.18,0.42,0.7,0.2,0.74,0.7,0.5024093
0.16,0.44,0.71,0.26,0.73,0.7,0.5024094
0.16,0.47,0.74,0.29,0.76,0.72,0.5024094
0.17,0.44,0.74,0.25,0.75,0.72,0.5024094
0.16,0.42,0.72,0.23,0.72,0.7,0.5024095
0.17,0.49,0.72,0.22,0.75,0.72,0.5024095
0.17,0.47,0.7,0.27,0.73,0.72,0.5024096
0.18,0.45,0.71,0.2,0.73,0.7,0.5024096
0.18,0.46,0.7,0.28,0.75,0.71,0.5024096
0.17,0.43,0.7,0.25,0.75,0.72,0.5024098
0.17,0.49,0.73,0.23,0.73,0.71,0.5024098
0.17,0.46,0.73,0.28,0.76,0.72,0.5024099
0.18,0.45,0.72,0.2,0.74,0.71,0.5024099
0.18,0.42,0.71,0.2,0.75,0.71,0.50241
0.17,0.43,0.7,0.25,0.74,0.71,0.5024101
0.16,0.47,0.74,0.29,0.75,0.71,0.5024102
0.16,0.48,0.7,0.26,0.75,0.72,0.5024102
0.18,0.45,0.73,0.2,0.75,0.72,0.5024103
0.16,0.45,0.72,0.25,0.76,0.7,0.5024104
0.17,0.43,0.7,0.25,0.73,0.7,0.5024105
0.17,0.46,0.73,0.28,0.75,0.71,0.5024107
0.17,0.48,0.72,0.21,0.74,0.71,0.5024107
0.17,0.5,0.74,0.25,0.72,0.71,0.5024107
0.18,0.45,0.72,0.27,0.76,0.72,0.5024108
0.17,0.41,0.71,0.22,0.74,0.72,0.5024109
0.18,0.42,0.72,0.2,0.76,0.72,0.5024109
0.18,0.46,0.72,0.26,0.73,0.7,0.502411
0.17,0.41,0.71,0.22,0.73,0.71,0.5024112
0.18,0.43,0.73,0.24,0.75,0.72,0.5024112
0.17,0.48,0.71,0.2,0.76,0.72,0.5024113
0.18,0.46,0.73,0.26,0.74,0.71,0.5024113
0.18,0.48,0.73,0.2,0.73,0.71,0.5024114
0.17,0.41,0.71,0.22,0.72,0.7,0.5024115
0.17,0.45,0.71,0.22,0.76,0.7,0.5024115
0.18,0.48,0.74,0.2,0.74,0.72,0.5024115
0.18,0.49,0.74,0.26,0.73,0.71,0.5024115
0.18,0.46,0.74,0.26,0.75,0.72,0.5024116
0.18,0.49,0.75,0.26,0.74,0.72,0.5024116
0.18,0.45,0.72,0.27,0.75,0.71,0.5024117
0.17,0.47,0.71,0.28,0.75,0.72,0.5024118
0.16,0.4,0.73,0.2,0.73,0.72,0.502412
0.17,0.5,0.71,0.23,0.74,0.72,0.5024122
0.17,0.47,0.72,0.2,0.73,0.7,0.5024123
0.16,0.47,0.7,0.27,0.73,0.71,0.5024124
0.17,0.49,0.71,0.22,0.73,0.71,0.5024126
0.17,0.5,0.72,0.24,0.72,0.71,0.5024126
0.17,0.46,0.7,0.28,0.75,0.7,0.5024128
0.17,0.49,0.74,0.29,0.72,0.7,0.5024131
0.17,0.49,0.75,0.29,0.73,0.71,0.5024132
0.18,0.49,0.74,0.29,0.76,0.72,0.5024132
0.17,0.49,0.7,0.21,0.75,0.72,0.5024133
0.17,0.46,0.75,0.22,0.72,0.72,0.5024137
0.17,0.48,0.71,0.21,0.72,0.7,0.5024137
0.17,0.43,0.73,0.22,0.72,0.71,0.5024138
0.18,0.4,0.7,0.21,0.74,0.72,0.5024138
0.18,0.47,0.71,0.25,0.76,0.71,0.5024138
0.16,0.5,0.75,0.23,0.74,0.72,0.5024142
0.17,0.48,0.7,0.2,0.74,0.71,0.5024142
0.18,0.4,0.7,0.21,0.73,0.71,0.5024142
0.18,0.48,0.72,0.27,0.75,0.71,0.5024144
0.16,0.41,0.73,0.23,0.76,0.72,0.5024146
0.16,0.43,0.72,0.26,0.76,0.71,0.5024146
0.17,0.43,0.74,0.22,0.73,0.72,0.5024146
0.18,0.4,0.7,0.21,0.72,0.7,0.5024146
0.18,0.46,0.71,0.24,0.75,0.7,0.5024146
0.16,0.49,0.74,0.21,0.75,0.72,0.502415
0.17,0.46,0.72,0.28,0.76,0.7,0.502415
0.16,0.47,0.71,0.28,0.75,0.71,0.5024151
0.16,0.46,0.73,0.24,0.73,0.7,0.5024152
0.18,0.45,0.7,0.22,0.76,0.7,0.5024153
0.17,0.5,0.7,0.23,0.72,0.71,0.5024155
0.16,0.46,0.74,0.24,0.74,0.71,0.5024157
0.17,0.42,0.71,0.25,0.76,0.71,0.5024157
0.16,0.48,0.72,0.28,0.72,0.72,0.5024158
0.16,0.43,0.72,0.24,0.74,0.7,0.5024159
0.16,0.46,0.75,0.24,0.75,0.72,0.5024161
0.16,0.49,0.75,0.24,0.73,0.71,0.5024161
0.17,0.43,0.71,0.21,0.74,0.7,0.5024162
0.16,0.45,0.71,0.29,0.76,0.7,0.5024164
0.17,0.48,0.75,0.27,0.72,0.72,0.5024164
0.16,0.43,0.73,0.24,0.75,0.71,0.5024165
0.17,0.47,0.71,0.27,0.72,0.72,0.5024165
0.17,0.4,0.72,0.22,0.76,0.72,0.5024166
0.18,0.48,0.7,0.26,0.75,0.71,0.5024166
0.17,0.46,0.72,0.21,0.73,0.7,0.5024167
0.17,0.43,0.72,0.21,0.75,0.71,0.5024168
0.16,0.5,0.73,0.22,0.74,0.72,0.5024169
0.17,0.44,0.7,0.28,0.76,0.7,0.5024169
0.17,0.46,0.73,0.21,0.74,0.71,0.502417
0.18,0.47,0.7,0.25,0.74,0.7,0.502417
0.16,0.43,0.74,0.24,0.76,0.72,0.5024171
0.17,0.46,0.74,0.21,0.75,0.72,0.5024172
0.18,0.47,0.75,0.25,0.72,0.72,0.5024173
0.17,0.4,0.7,0.21,0.75,0.7,0.5024174
0.17,0.43,0.73,0.21,0.76,0.72,0.5024174
0.18,0.41,0.7,0.24,0.76,0.71,0.5024174
0.18,0.47,0.74,0.26,0.72,0.72,0.5024175
0.16,0.5,0.74,0.23,0.72,0.71,0.5024176
0.18,0.46,0.7,0.26,0.72,0.72,0.5024177
0.16,0.49,0.73,0.21,0.73,0.71,0.5024181
0.17,0.4,0.71,0.21,0.76,0.71,0.5024182
0.18,0.48,0.71,0.27,0.73,0.7,0.5024183
0.16,0.49,0.72,0.2,0.75,0.72,0.5024184
0.17,0.47,0.73,0.24,0.76,0.71,0.5024184
0.17,0.49,0.74,0.27,0.76,0.72,0.5024184
0.17,0.49,0.75,0.21,0.74,0.72,0.5024186
0.18,0.44,0.71,0.24,0.74,0.7,0.5024191
0.18,0.47,0.72,0.24,0.73,0.7,0.5024191
0.18,0.47,0.73,0.24,0.74,0.71,0.5024192
0.17,0.47,0.7,0.27,0.74,0.72,0.5024193
0.17,0.47,0.73,0.27,0.73,0.7,0.5024193
0.16,0.45,0.74,0.25,0.73,0.72,0.5024194
0.18,0.44,0.72,0.24,0.75,0.71,0.5024194
0.18,0.47,0.74,0.24,0.75,0.72,0.5024194
0.18,0.5,0.72,0.27,0.72,0.71,0.5024195
0.17,0.47,0.74,0.27,0.74,0.71,0.5024196
0.16,0.48,0.73,0.2,0.72,0.7,0.5024197
0.17,0.47,0.75,0.27,0.75,0.72,0.5024198
0.18,0.44,0.73,0.24,0.76,0.72,0.5024198
0.18,0.46,0.7,0.28,0.76,0.71,0.5024198
0.16,0.47,0.73,0.28,0.74,0.72,0.50242
0.17,0.5,0.75,0.3,0.73,0.71,0.50242
0.16,0.44,0.7,0.25,0.73,0.72,0.5024202
0.16,0.5,0.72,0.22,0.72,0.71,0.5024202
0.16,0.45,0.74,0.25,0.72,0.71,0.5024203
0.17,0.49,0.72,0.26,0.76,0.72,0.5024204
0.18,0.41,0.7,0.24,0.75,0.7,0.5024204
0.16,0.44,0.7,0.25,0.72,0.71,0.5024206
0.16,0.48,0.7,0.26,0.76,0.72,0.5024206
0.17,0.5,0.75,0.29,0.75,0.72,0.5024206
0.16,0.47,0.73,0.28,0.73,0.71,0.5024207
0.16,0.5,0.71,0.21,0.74,0.72,0.5024207
0.17,0.46,0.72,0.27,0.74,0.72,0.5024207
0.17,0.48,0.72,0.25,0.75,0.71,0.5024207
0.17,0.44,0.73,0.24,0.73,0.72,0.5024209
0.17,0.47,0.71,0.23,0.76,0.71,0.5024209
0.16,0.42,0.71,0.22,0.72,0.72,0.5024211
0.17,0.46,0.72,0.27,0.73,0.71,0.5024214
0.16,0.49,0.71,0.2,0.73,0.71,0.5024215
0.17,0.44,0.73,0.24,0.72,0.71,0.5024215
0.17,0.47,0.72,0.24,0.74,0.7,0.5024216
0.16,0.44,0.74,0.23,0.72,0.71,0.5024217
0.16,0.47,0.73,0.28,0.72,0.7,0.5024217
0.17,0.47,0.71,0.28,0.76,0.72,0.5024217
0.17,0.49,0.73,0.27,0.74,0.71,0.5024219
0.17,0.49,0.75,0.3,0.75,0.72,0.502422
0.18,0.45,0.71,0.26,0.74,0.72,0.502422
0.17,0.46,0.71,0.22,0.75,0.7,0.5024221
0.16,0.44,0.75,0.23,0.73,0.72,0.5024222
0.17,0.46,0.72,0.27,0.72,0.7,0.5024223
0.17,0.48,0.73,0.26,0.73,0.7,0.5024224
0.16,0.47,0.7,0.27,0.74,0.71,0.5024225
0.17,0.44,0.73,0.2,0.72,0.71,0.5024227
0.18,0.45,0.71,0.26,0.73,0.71,0.5024227
0.18,0.48,0.74,0.29,0.75,0.72,0.5024227
0.18,0.43,0.72,0.23,0.73,0.72,0.502423
0.17,0.41,0.71,0.2,0.72,0.7,0.5024232
0.17,0.47,0.75,0.2,0.72,0.72,0.5024232
0.17,0.49,0.7,0.25,0.76,0.72,0.5024232
0.17,0.46,0.7,0.28,0.76,0.7,0.5024233
0.17,0.44,0.74,0.2,0.73,0.72,0.5024234
0.17,0.48,0.7,0.24,0.75,0.71,0.5024235
0.18,0.43,0.72,0.23,0.72,0.71,0.5024236
0.18,0.45,0.71,0.26,0.72,0.7,0.5024237
0.17,0.41,0.7,0.21,0.72,0.72,0.5024238
0.17,0.49,0.71,0.26,0.74,0.71,0.5024239
0.16,0.44,0.72,0.22,0.74,0.7,0.502424
0.16,0.5,0.7,0.21,0.72,0.71,0.502424
0.17,0.45,0.7,0.2,0.76,0.7,0.502424
0.18,0.5,0.74,0.29,0.72,0.72,0.502424
0.17,0.41,0.72,0.2,0.73,0.71,0.5024241
0.17,0.47,0.7,0.23,0.74,0.7,0.5024241
0.16,0.47,0.73,0.22,0.73,0.7,0.5024242
0.16,0.44,0.73,0.22,0.75,0.71,0.5024243
0.16,0.47,0.74,0.22,0.74,0.71,0.5024243
0.17,0.48,0.71,0.25,0.73,0.7,0.5024243
0.16,0.47,0.75,0.22,0.75,0.72,0.5024246
0.16,0.44,0.74,0.22,0.76,0.72,0.5024248
0.16,0.41,0.71,0.22,0.75,0.7,0.5024249
0.16,0.46,0.74,0.28,0.76,0.72,0.5024249
0.16,0.49,0.74,0.25,0.76,0.72,0.5024249
0.18,0.45,0.73,0.23,0.72,0.71,0.5024249
0.16,0.43,0.71,0.25,0.75,0.72,0.5024251
0.17,0.41,0.73,0.2,0.74,0.72,0.5024251
0.18,0.45,0.74,0.23,0.73,0.72,0.5024252
0.16,0.47,0.71,0.28,0.76,0.71,0.5024253
0.18,0.48,0.75,0.23,0.72,0.72,0.5024254
0.16,0.41,0.72,0.22,0.76,0.71,0.5024255
0.16,0.43,0.71,0.25,0.74,0.71,0.5024256
0.16,0.48,0.74,0.24,0.75,0.71,0.5024256
0.17,0.49,0.72,0.27,0.72,0.7,0.5024256
0.16,0.45,0.7,0.28,0.76,0.72,0.5024257
0.16,0.46,0.74,0.28,0.75,0.71,0.5024257
0.17,0.45,0.73,0.27,0.76,0.72,0.5024257
0.16,0.43,0.71,0.25,0.73,0.7,0.502426
0.16,0.5,0.75,0.27,0.75,0.72,0.502426
0.16,0.45,0.7,0.28,0.75,0.71,0.5024261
0.16,0.41,0.72,0.22,0.74,0.72,0.5024263
0.16,0.47,0.73,0.22,0.76,0.71,0.5024263
0.18,0.5,0.75,0.3,0.74,0.72,0.5024263
0.16,0.41,0.72,0.22,0.73,0.71,0.5024267
0.17,0.42,0.7,0.24,0.75,0.72,0.5024267
0.17,0.45,0.73,0.27,0.75,0.71,0.5024267
0.16,0.45,0.7,0.28,0.74,0.7,0.5024268
0.17,0.45,0.72,0.25,0.74,0.7,0.5024268
0.17,0.5,0.74,0.29,0.72,0.71,0.5024268
0.17,0.48,0.74,0.25,0.74,0.71,0.5024269
0.17,0.48,0.75,0.25,0.75,0.72,0.502427
0.18,0.44,0.72,0.26,0.76,0.72,0.502427
0.17,0.42,0.7,0.24,0.74,0.71,0.5024271
0.17,0.45,0.73,0.25,0.75,0.71,0.5024271
0.17,0.45,0.74,0.25,0.76,0.72,0.5024275
0.16,0.49,0.72,0.24,0.76,0.72,0.5024276
0.17,0.42,0.7,0.24,0.73,0.7,0.5024276
0.18,0.44,0.72,0.26,0.75,0.71,0.5024279
0.18,0.45,0.71,0.22,0.74,0.7,0.5024279
0.16,0.5,0.73,0.26,0.75,0.72,0.502428
0.18,0.45,0.72,0.22,0.75,0.71,0.502428
0.18,0.46,0.71,0.28,0.76,0.7,0.5024281
0.16,0.48,0.72,0.23,0.75,0.71,0.5024282
0.16,0.48,0.74,0.28,0.73,0.7,0.5024282
0.18,0.45,0.73,0.22,0.76,0.72,0.5024282
0.16,0.48,0.75,0.28,0.74,0.71,0.5024283
0.17,0.42,0.71,0.25,0.75,0.7,0.5024283
0.18,0.42,0.7,0.22,0.75,0.7,0.5024283
0.16,0.49,0.73,0.25,0.74,0.71,0.5024284
0.18,0.42,0.71,0.22,0.76,0.71,0.5024287
0.18,0.46,0.71,0.29,0.76,0.71,0.5024287
0.18,0.48,0.74,0.22,0.75,0.72,0.5024288
0.17,0.4,0.71,0.21,0.74,0.72,0.502429
0.16,0.47,0.72,0.22,0.74,0.7,0.5024291
0.16,0.48,0.73,0.24,0.73,0.7,0.5024291
0.17,0.47,0.7,0.27,0.75,0.72,0.5024291
0.17,0.4,0.71,0.21,0.73,0.71,0.5024293
0.16,0.47,0.71,0.21,0.76,0.71,0.5024294
0.16,0.5,0.74,0.27,0.73,0.71,0.5024296
0.18,0.46,0.71,0.29,0.75,0.7,0.5024298
0.16,0.45,0.74,0.21,0.72,0.71,0.50243
0.16,0.42,0.72,0.21,0.72,0.7,0.5024303
0.16,0.49,0.74,0.26,0.72,0.7,0.5024303
0.16,0.45,0.75,0.21,0.73,0.72,0.5024304
0.16,0.5,0.71,0.25,0.75,0.72,0.5024307
0.16,0.46,0.71,0.2,0.75,0.7,0.5024309
0.16,0.49,0.71,0.24,0.74,0.71,0.5024309
0.18,0.49,0.75,0.28,0.75,0.72,0.5024309
0.16,0.42,0.73,0.21,0.73,0.71,0.5024311
0.16,0.42,0.72,0.25,0.76,0.71,0.5024312
0.16,0.49,0.7,0.23,0.76,0.72,0.5024312
0.16,0.47,0.72,0.27,0.72,0.72,0.5024315
0.16,0.48,0.7,0.22,0.75,0.71,0.5024315
0.16,0.48,0.71,0.23,0.73,0.7,0.5024315
0.18,0.46,0.72,0.28,0.74,0.7,0.5024315
0.16,0.5,0.72,0.26,0.73,0.71,0.5024316
0.16,0.42,0.74,0.21,0.74,0.72,0.5024319
0.16,0.49,0.72,0.25,0.72,0.7,0.5024321
0.16,0.4,0.73,0.22,0.76,0.72,0.5024322
0.16,0.44,0.71,0.28,0.76,0.7,0.5024322
0.17,0.47,0.75,0.26,0.72,0.72,0.5024323
0.16,0.47,0.7,0.21,0.74,0.7,0.5024325
0.17,0.46,0.71,0.26,0.72,0.72,0.5024325
0.16,0.47,0.7,0.27,0.75,0.71,0.5024327
0.17,0.41,0.71,0.24,0.76,0.71,0.5024327
0.17,0.46,0.74,0.24,0.72,0.71,0.5024328
0.17,0.49,0.74,0.29,0.73,0.72,0.5024329
0.17,0.46,0.75,0.24,0.73,0.72,0.502433
0.17,0.43,0.7,0.27,0.76,0.7,0.5024331
0.18,0.5,0.74,0.29,0.73,0.72,0.5024334
0.17,0.46,0.71,0.26,0.76,0.7,0.5024335
0.18,0.46,0.74,0.25,0.72,0.72,0.5024336
0.17,0.48,0.74,0.3,0.76,0.71,0.5024337
0.18,0.43,0.71,0.21,0.72,0.7,0.5024338
0.18,0.46,0.73,0.21,0.72,0.71,0.5024338
0.18,0.48,0.73,0.28,0.73,0.72,0.5024338
0.18,0.46,0.74,0.21,0.73,0.72,0.5024339
0.17,0.49,0.74,0.29,0.72,0.71,0.502434
0.18,0.45,0.7,0.25,0.72,0.72,0.5024341
0.16,0.42,0.71,0.2,0.75,0.7,0.5024342
0.16,0.45,0.72,0.2,0.74,0.7,0.5024342
0.18,0.43,0.72,0.21,0.73,0.71,0.5024342
0.16,0.45,0.73,0.2,0.75,0.71,0.5024344
0.16,0.49,0.7,0.24,0.72,0.7,0.5024344
0.16,0.45,0.74,0.2,0.76,0.72,0.5024346
0.16,0.42,0.72,0.2,0.76,0.71,0.5024347
0.18,0.43,0.73,0.21,0.74,0.72,0.5024347
0.18,0.4,0.7,0.23,0.76,0.71,0.5024348
0.17,0.47,0.72,0.28,0.75,0.7,0.5024349
0.18,0.48,0.73,0.28,0.72,0.71,0.5024349
0.18,0.49,0.75,0.21,0.72,0.72,0.502435
0.16,0.46,0.73,0.26,0.74,0.7,0.5024352
0.16,0.49,0.75,0.26,0.74,0.71,0.5024353
0.17,0.46,0.72,0.23,0.74,0.7,0.5024353
0.16,0.46,0.7,0.28,0.73,0.7,0.5024354
0.16,0.46,0.74,0.26,0.75,0.71,0.5024354
0.16,0.48,0.75,0.2,0.75,0.72,0.5024354
0.17,0.46,0.73,0.23,0.75,0.71,0.5024354
0.16,0.48,0.74,0.2,0.74,0.71,0.5024355
0.17,0.46,0.74,0.23,0.76,0.72,0.5024355
0.16,0.46,0.75,0.26,0.76,0.72,0.5024356
0.18,0.4,0.7,0.21,0.73,0.7,0.5024356
0.17,0.43,0.71,0.23,0.75,0.7,0.5024357
0.16,0.46,0.73,0.27,0.74,0.72,0.5024359
0.16,0.44,0.74,0.24,0.73,0.72,0.502436
0.17,0.43,0.72,0.23,0.76,0.71,0.502436
0.18,0.4,0.71,0.21,0.74,0.71,0.5024363
0.17,0.47,0.7,0.27,0.75,0.7,0.5024364
0.17,0.5,0.74,0.29,0.73,0.71,0.5024365
0.16,0.46,0.73,0.27,0.73,0.71,0.5024366
0.18,0.5,0.74,0.22,0.73,0.72,0.5024366
0.16,0.43,0.72,0.26,0.75,0.7,0.5024368
0.16,0.44,0.74,0.24,0.72,0.71,0.5024369
0.17,0.45,0.72,0.26,0.74,0.72,0.5024369
0.18,0.4,0.72,0.21,0.75,0.72,0.502437
0.16,0.43,0.7,0.24,0.73,0.72,0.5024371
0.17,0.4,0.7,0.23,0.76,0.7,0.5024373
0.17,0.48,0.75,0.29,0.75,0.72,0.5024373
0.18,0.5,0.71,0.26,0.72,0.71,0.5024373
0.16,0.43,0.7,0.24,0.72,0.71,0.5024374
0.16,0.46,0.73,0.27,0.72,0.7,0.5024376
0.17,0.45,0.72,0.26,0.73,0.71,0.5024376
0.17,0.43,0.73,0.23,0.73,0.72,0.502438
0.18,0.49,0.73,0.2,0.74,0.72,0.502438
0.18,0.47,0.74,0.28,0.75,0.72,0.5024381
0.18,0.47,0.73,0.26,0.75,0.71,0.5024383
0.18,0.47,0.74,0.26,0.76,0.72,0.5024383
0.18,0.47,0.72,0.26,0.74,0.7,0.5024384
0.16,0.46,0.71,0.29,0.75,0.7,0.5024385
0.16,0.48,0.74,0.28,0.76,0.71,0.5024385
0.17,0.43,0.73,0.23,0.72,0.71,0.5024386
0.18,0.43,0.7,0.2,0.75,0.7,0.5024386
0.17,0.45,0.72,0.26,0.72,0.7,0.5024387
0.18,0.43,0.71,0.2,0.76,0.71,0.5024387
0.18,0.44,0.71,0.25,0.74,0.72,0.5024387
0.18,0.46,0.72,0.2,0.75,0.71,0.502439
0.18,0.44,0.71,0.26,0.75,0.7,0.5024391
0.18,0.46,0.71,0.2,0.74,0.7,0.5024391
0.18,0.46,0.73,0.2,0.76,0.72,0.5024391
0.17,0.47,0.7,0.27,0.76,0.72,0.5024392
0.18,0.44,0.72,0.26,0.76,0.71,0.5024392
0.18,0.44,0.71,0.25,0.73,0.71,0.5024393
0.16,0.41,0.71,0.21,0.72,0.72,0.5024394
0.18,0.46,0.7,0.28,0.74,0.71,0.5024395
0.18,0.5,0.72,0.21,0.73,0.72,0.5024397
0.17,0.47,0.73,0.29,0.74,0.7,0.5024401
0.16,0.48,0.72,0.27,0.76,0.71,0.5024403
0.18,0.44,0.71,0.25,0.72,0.7,0.5024403
0.16,0.46,0.71,0.24,0.76,0.7,0.5024405
0.18,0.46,0.7,0.28,0.73,0.7,0.5024405
0.18,0.42,0.72,0.22,0.73,0.72,0.5024406
0.16,0.47,0.72,0.26,0.75,0.7,0.5024408
0.18,0.5,0.73,0.28,0.72,0.72,0.5024408
0.16,0.45,0.74,0.27,0.76,0.72,0.5024409
0.16,0.47,0.75,0.25,0.72,0.71,0.502441
0.16,0.49,0.75,0.3,0.75,0.71,0.502441
0.17,0.44,0.72,0.22,0.72,0.7,0.5024412
0.18,0.42,0.72,0.22,0.72,0.71,0.5024413
0.17,0.44,0.73,0.22,0.73,0.71,0.5024414
0.17,0.47,0.74,0.22,0.72,0.71,0.5024414
0.17,0.47,0.75,0.22,0.73,0.72,0.5024414
0.18,0.49,0.72,0.2,0.72,0.71,0.5024414
0.17,0.44,0.74,0.22,0.74,0.72,0.5024417
0.16,0.44,0.7,0.27,0.76,0.72,0.5024418
0.16,0.42,0.71,0.24,0.75,0.72,0.502442
0.17,0.44,0.73,0.26,0.76,0.72,0.502442
0.17,0.46,0.7,0.28,0.74,0.71,0.5024421
0.16,0.44,0.7,0.27,0.75,0.71,0.5024424
0.16,0.48,0.73,0.28,0.74,0.7,0.5024424
0.16,0.42,0.71,0.24,0.74,0.71,0.5024425
0.17,0.41,0.71,0.22,0.73,0.7,0.5024425
0.16,0.48,0.7,0.26,0.76,0.71,0.5024426
0.17,0.4,0.7,0.2,0.72,0.72,0.5024426
0.16,0.47,0.7,0.27,0.72,0.72,0.5024428
0.18,0.5,0.74,0.29,0.74,0.72,0.5024428
0.16,0.47,0.73,0.3,0.76,0.71,0.5024429
0.16,0.44,0.7,0.27,0.74,0.7,0.502443
0.16,0.47,0.7,0.25,0.75,0.7,0.502443
0.16,0.47,0.7,0.27,0.76,0.71,0.502443
0.17,0.41,0.72,0.22,0.74,0.71,0.502443
0.16,0.42,0.71,0.24,0.73,0.7,0.5024431
0.16,0.47,0.73,0.24,0.74,0.7,0.5024431
0.16,0.47,0.74,0.24,0.75,0.71,0.5024432
0.16,0.47,0.75,0.24,0.76,0.72,0.5024433
0.17,0.46,0.72,0.29,0.76,0.71,0.5024434
0.17,0.41,0.73,0.22,0.75,0.72,0.5024436
0.18,0.43,0.72,0.25,0.76,0.72,0.5024436
0.18,0.5,0.7,0.2,0.73,0.72,0.5024436
0.16,0.44,0.72,0.24,0.75,0.7,0.5024437
0.17,0.5,0.73,0.28,0.72,0.71,0.5024437
0.16,0.44,0.73,0.24,0.76,0.71,0.5024438
0.16,0.48,0.71,0.27,0.74,0.7,0.502444
0.17,0.41,0.7,0.23,0.75,0.72,0.502444
0.18,0.48,0.75,0.25,0.73,0.72,0.502444
0.16,0.47,0.73,0.3,0.75,0.7,0.5024441
0.18,0.48,0.74,0.25,0.72,0.71,0.5024441
0.18,0.41,0.73,0.2,0.72,0.72,0.5024443
0.16,0.4,0.72,0.21,0.74,0.72,0.5024444
0.18,0.45,0.71,0.28,0.76,0.71,0.5024444
0.18,0.45,0.72,0.25,0.72,0.7,0.5024444
0.18,0.45,0.73,0.25,0.73,0.71,0.5024444
0.16,0.47,0.71,0.28,0.74,0.72,0.5024445
0.17,0.41,0.7,0.23,0.74,0.71,0.5024445
0.17,0.46,0.72,0.29,0.75,0.7,0.5024445
0.18,0.45,0.74,0.25,0.74,0.72,0.5024445
0.17,0.46,0.71,0.29,0.76,0.71,0.5024448
0.16,0.4,0.72,0.21,0.73,0.71,0.5024449
0.17,0.41,0.7,0.23,0.73,0.7,0.5024451
0.17,0.44,0.71,0.21,0.75,0.7,0.5024452
0.17,0.44,0.72,0.21,0.76,0.71,0.5024452
0.16,0.41,0.71,0.24,0.76,0.7,0.5024453
0.17,0.5,0.74,0.2,0.73,0.72,0.5024453
0.16,0.46,0.7,0.28,0.74,0.7,0.5024455
0.18,0.45,0.71,0.28,0.75,0.7,0.5024456
0.17,0.41,0.7,0.21,0.76,0.7,0.5024457
0.17,0.47,0.74,0.21,0.76,0.72,0.5024457
0.17,0.47,0.73,0.21,0.75,0.71,0.5024458
0.18,0.49,0.73,0.24,0.75,0.72,0.502446
0.17,0.48,0.75,0.27,0.76,0.72,0.5024461
0.17,0.48,0.74,0.27,0.75,0.71,0.5024462
0.18,0.48,0.74,0.24,0.76,0.72,0.5024466
0.16,0.47,0.72,0.29,0.76,0.72,0.5024467
0.18,0.5,0.74,0.26,0.74,0.72,0.5024467
0.18,0.45,0.71,0.24,0.75,0.7,0.502447
0.18,0.45,0.72,0.24,0.76,0.71,0.502447
0.18,0.48,0.72,0.22,0.76,0.72,0.5024472
0.17,0.45,0.72,0.27,0.75,0.7,0.5024473
0.17,0.45,0.73,0.27,0.76,0.71,0.5024474
0.16,0.46,0.72,0.26,0.72,0.72,0.5024475
0.18,0.48,0.73,0.23,0.74,0.71,0.5024476
0.16,0.49,0.75,0.29,0.73,0.72,0.5024477
0.18,0.42,0.7,0.24,0.76,0.7,0.5024479
0.16,0.41,0.72,0.24,0.76,0.71,0.5024483
0.17,0.48,0.74,0.28,0.73,0.72,0.5024483
0.16,0.43,0.71,0.27,0.76,0.7,0.5024485
0.17,0.46,0.75,0.25,0.72,0.72,0.5024486
0.16,0.46,0.71,0.29,0.76,0.7,0.5024487
0.16,0.49,0.75,0.29,0.72,0.71,0.5024488
0.18,0.46,0.7,0.28,0.75,0.72,0.5024489
0.16,0.45,0.73,0.23,0.72,0.7,0.502449
0.17,0.45,0.71,0.25,0.72,0.72,0.502449
0.18,0.5,0.72,0.25,0.74,0.72,0.502449
0.16,0.45,0.74,0.23,0.73,0.71,0.5024491
0.16,0.48,0.74,0.3,0.74,0.7,0.5024491
0.18,0.47,0.72,0.21,0.75,0.71,0.5024491
0.16,0.45,0.75,0.23,0.74,0.72,0.5024492
0.16,0.48,0.75,0.23,0.72,0.71,0.5024492
0.18,0.49,0.71,0.23,0.75,0.72,0.5024493
0.17,0.48,0.74,0.28,0.72,0.71,0.5024495
0.18,0.47,0.73,0.27,0.73,0.72,0.5024495
0.17,0.42,0.7,0.26,0.76,0.7,0.5024498
0.17,0.4,0.71,0.23,0.76,0.71,0.50245
0.18,0.49,0.72,0.24,0.73,0.71,0.50245
0.16,0.42,0.72,0.23,0.73,0.7,0.5024502
0.17,0.42,0.74,0.21,0.72,0.72,0.5024503
0.18,0.45,0.74,0.24,0.72,0.72,0.5024503
0.18,0.5,0.73,0.28,0.73,0.72,0.5024503
0.16,0.42,0.73,0.23,0.74,0.71,0.5024506
0.18,0.48,0.71,0.22,0.74,0.71,0.5024506
0.18,0.5,0.73,0.26,0.72,0.71,0.5024507
0.17,0.45,0.72,0.2,0.72,0.7,0.5024508
0.18,0.47,0.73,0.27,0.72,0.71,0.5024508
0.17,0.45,0.73,0.2,0.73,0.71,0.5024509
0.18,0.49,0.75,0.3,0.76,0.72,0.5024509
0.16,0.42,0.74,0.23,0.75,0.72,0.502451
0.18,0.44,0.7,0.24,0.72,0.72,0.502451
0.18,0.48,0.7,0.21,0.76,0.72,0.502451
0.17,0.45,0.74,0.2,0.74,0.72,0.5024511
0.17,0.49,0.75,0.23,0.75,0.72,0.5024512
0.17,0.42,0.71,0.2,0.73,0.7,0.5024514
0.18,0.48,0.72,0.23,0.72,0.7,0.5024515
0.16,0.5,0.75,0.3,0.72,0.71,0.5024517
0.17,0.42,0.72,0.2,0.74,0.71,0.5024518
0.17,0.48,0.75,0.2,0.73,0.72,0.5024518
0.17,0.46,0.7,0.28,0.75,0.71,0.502452
0.17,0.48,0.74,0.2,0.72,0.71,0.502452
0.17,0.49,0.75,0.26,0.72,0.71,0.502452
0.16,0.45,0.73,0.26,0.74,0.72,0.5024521
0.18,0.5,0.7,0.24,0.74,0.72,0.5024521
0.17,0.42,0.73,0.2,0.75,0.72,0.5024523
0.17,0.46,0.73,0.26,0.72,0.7,0.5024523
0.17,0.46,0.74,0.26,0.73,0.71,0.5024523
0.17,0.46,0.75,0.26,0.74,0.72,0.5024524
0.18,0.46,0.73,0.23,0.73,0.71,0.5024524
0.18,0.46,0.74,0.23,0.74,0.72,0.5024524
0.16,0.45,0.72,0.22,0.75,0.7,0.5024525
0.16,0.45,0.73,0.22,0.76,0.71,0.5024525
0.16,0.47,0.7,0.27,0.73,0.72,0.5024525
0.16,0.47,0.72,0.29,0.75,0.72,0.5024526
0.18,0.46,0.72,0.23,0.72,0.7,0.5024526
0.18,0.47,0.71,0.21,0.73,0.7,0.5024526
0.16,0.48,0.75,0.22,0.76,0.72,0.5024527
0.17,0.48,0.74,0.21,0.76,0.72,0.5024527
0.18,0.47,0.7,0.2,0.75,0.71,0.5024527
0.17,0.47,0.75,0.28,0.75,0.72,0.5024528
0.18,0.49,0.75,0.23,0.73,0.72,0.5024528
0.16,0.45,0.73,0.26,0.73,0.71,0.5024529
0.16,0.42,0.71,0.22,0.76,0.7,0.502453
0.18,0.49,0.7,0.23,0.73,0.71,0.502453
0.18,0.49,0.74,0.23,0.72,0.71,0.502453
0.16,0.43,0.74,0.23,0.73,0.72,0.5024531
0.18,0.43,0.71,0.23,0.73,0.7,0.5024531
0.18,0.5,0.71,0.25,0.72,0.71,0.5024531
0.18,0.43,0.72,0.23,0.74,0.71,0.5024532
0.16,0.47,0.72,0.29,0.74,0.71,0.5024534
0.17,0.46,0.71,0.28,0.75,0.72,0.5024534
0.17,0.5,0.74,0.24,0.74,0.72,0.5024534
0.18,0.43,0.73,0.23,0.75,0.72,0.5024534
0.17,0.44,0.72,0.25,0.74,0.72,0.5024535
0.16,0.45,0.73,0.26,0.72,0.7,0.5024541
0.17,0.49,0.73,0.22,0.75,0.72,0.5024541
0.18,0.46,0.74,0.27,0.75,0.72,0.5024541
0.16,0.47,0.71,0.28,0.75,0.72,0.5024543
0.17,0.44,0.72,0.25,0.73,0.71,0.5024543
0.17,0.46,0.71,0.28,0.74,0.71,0.5024543
0.18,0.48,0.7,0.22,0.72,0.7,0.5024543
0.16,0.42,0.7,0.23,0.73,0.72,0.5024544
0.16,0.47,0.72,0.29,0.73,0.7,0.5024545
0.17,0.46,0.73,0.25,0.76,0.71,0.5024545
0.17,0.46,0.72,0.25,0.75,0.7,0.5024546
0.18,0.45,0.7,0.27,0.75,0.72,0.5024547
0.16,0.42,0.7,0.23,0.72,0.71,0.5024548
0.17,0.49,0.74,0.23,0.73,0.71,0.502455
0.17,0.44,0.72,0.25,0.72,0.7,0.5024553
0.17,0.46,0.71,0.28,0.73,0.7,0.5024553
0.17,0.5,0.75,0.25,0.72,0.71,0.5024554
0.17,0.43,0.71,0.25,0.76,0.7,0.5024556
0.18,0.45,0.7,0.27,0.74,0.71,0.5024556
0.18,0.5,0.7,0.25,0.72,0.71,0.5024556
0.16,0.46,0.7,0.28,0.75,0.7,0.5024557
0.16,0.46,0.74,0.28,0.76,0.71,0.5024557
0.17,0.42,0.73,0.22,0.73,0.72,0.5024557
0.18,0.43,0.71,0.24,0.74,0.72,0.5024557
0.16,0.46,0.73,0.28,0.75,0.7,0.5024558
0.17,0.48,0.73,0.21,0.74,0.71,0.5024561
0.17,0.48,0.72,0.2,0.76,0.72,0.5024562
0.18,0.43,0.71,0.24,0.73,0.71,0.5024564
0.17,0.5,0.72,0.23,0.74,0.72,0.5024565
0.18,0.46,0.72,0.22,0.76,0.71,0.5024565
0.18,0.43,0.7,0.22,0.76,0.7,0.5024566
0.18,0.5,0.75,0.29,0.72,0.71,0.5024566
0.18,0.45,0.7,0.27,0.73,0.7,0.5024567
0.16,0.43,0.75,0.22,0.72,0.72,0.502457
0.16,0.44,0.74,0.26,0.76,0.72,0.5024572
0.18,0.43,0.71,0.24,0.72,0.7,0.5024573
0.17,0.5,0.73,0.24,0.72,0.71,0.5024574
0.17,0.49,0.72,0.22,0.73,0.71,0.5024578
0.18,0.49,0.73,0.28,0.76,0.72,0.5024578
0.18,0.47,0.73,0.28,0.76,0.71,0.502458
0.16,0.46,0.74,0.21,0.73,0.71,0.5024581
0.16,0.46,0.75,0.21,0.74,0.72,0.5024581
0.17,0.49,0.71,0.21,0.75,0.72,0.5024581
0.16,0.4,0.71,0.2,0.72,0.72,0.5024582
0.16,0.46,0.73,0.21,0.72,0.7,0.5024582
0.18,0.5,0.72,0.27,0.72,0.72,0.5024583
0.16,0.43,0.7,0.26,0.76,0.72,0.5024584
0.16,0.46,0.73,0.29,0.76,0.71,0.5024584
0.18,0.47,0.72,0.25,0.76,0.71,0.5024584
0.16,0.43,0.72,0.21,0.73,0.7,0.5024585
0.18,0.46,0.7,0.28,0.76,0.72,0.5024585
0.16,0.43,0.73,0.21,0.74,0.71,0.5024586
0.17,0.43,0.73,0.25,0.76,0.72,0.5024586
0.18,0.48,0.73,0.27,0.75,0.71,0.5024587
0.16,0.43,0.74,0.21,0.75,0.72,0.5024589
0.16,0.43,0.7,0.26,0.75,0.71,0.502459
0.18,0.41,0.72,0.21,0.73,0.72,0.502459
0.16,0.49,0.75,0.21,0.72,0.71,0.5024593
0.17,0.45,0.72,0.28,0.76,0.71,0.5024593
0.16,0.41,0.71,0.23,0.75,0.72,0.5024594
0.16,0.46,0.73,0.29,0.75,0.7,0.5024596
0.18,0.44,0.74,0.22,0.72,0.72,0.5024596
0.17,0.48,0.71,0.2,0.74,0.71,0.5024597
0.16,0.43,0.7,0.26,0.74,0.7,0.5024598
0.16,0.49,0.75,0.21,0.75,0.72,0.5024598
0.17,0.48,0.72,0.21,0.72,0.7,0.5024598
0.17,0.47,0.75,0.24,0.74,0.72,0.5024599
0.18,0.5,0.73,0.28,0.74,0.72,0.5024599
0.16,0.41,0.71,0.23,0.74,0.71,0.50246
0.17,0.47,0.74,0.24,0.73,0.71,0.50246
0.16,0.4,0.71,0.21,0.74,0.7,0.5024602
0.17,0.47,0.73,0.24,0.72,0.7,0.5024602
0.17,0.5,0.71,0.23,0.72,0.71,0.5024604
0.17,0.44,0.72,0.24,0.73,0.7,0.5024605
0.16,0.41,0.71,0.23,0.73,0.7,0.5024606
0.17,0.44,0.73,0.24,0.74,0.71,0.5024606
0.17,0.44,0.74,0.24,0.75,0.72,0.5024606
0.17,0.45,0.72,0.28,0.75,0.7,0.5024606
0.17,0.5,0.7,0.22,0.74,0.72,0.5024606
0.18,0.44,0.71,0.27,0.76,0.71,0.5024606
0.16,0.4,0.72,0.21,0.75,0.71,0.5024607
0.18,0.42,0.72,0.24,0.76,0.72,0.5024607
0.18,0.49,0.74,0.29,0.74,0.71,0.5024607
0.16,0.47,0.75,0.27,0.73,0.71,0.5024608
0.16,0.47,0.74,0.27,0.72,0.7,0.5024609
0.18,0.48,0.71,0.26,0.75,0.71,0.5024609
0.18,0.47,0.7,0.24,0.76,0.71,0.5024611
0.16,0.4,0.73,0.21,0.76,0.72,0.5024613
0.16,0.5,0.75,0.3,0.73,0.71,0.5024613
0.17,0.5,0.72,0.27,0.72,0.71,0.5024613
0.18,0.5,0.75,0.29,0.72,0.72,0.5024614
0.16,0.5,0.74,0.22,0.74,0.72,0.5024615
0.17,0.49,0.7,0.21,0.73,0.71,0.5024618
0.18,0.44,0.71,0.27,0.75,0.7,0.5024618
0.17,0.4,0.7,0.22,0.75,0.72,0.5024619
0.18,0.47,0.74,0.21,0.74,0.72,0.5024619
0.17,0.46,0.7,0.28,0.76,0.71,0.502462
0.17,0.49,0.75,0.27,0.76,0.72,0.502462
0.18,0.44,0.72,0.21,0.74,0.71,0.502462
0.18,0.44,0.73,0.21,0.75,0.72,0.502462
0.18,0.44,0.71,0.21,0.73,0.7,0.5024621
0.16,0.47,0.7,0.27,0.74,0.72,0.5024622
0.18,0.47,0.71,0.25,0.74,0.7,0.5024622
0.18,0.47,0.73,0.21,0.73,0.71,0.5024622
0.16,0.47,0.74,0.26,0.76,0.71,0.5024623
0.17,0.4,0.7,0.22,0.74,0.71,0.5024623
0.18,0.46,0.7,0.23,0.75,0.7,0.5024626
0.18,0.47,0.72,0.21,0.72,0.7,0.5024626
0.16,0.5,0.75,0.23,0.72,0.71,0.5024627
0.17,0.4,0.7,0.22,0.73,0.7,0.502463
0.16,0.43,0.71,0.2,0.76,0.7,0.5024631
0.18,0.48,0.72,0.27,0.73,0.7,0.5024631
0.18,0.48,0.75,0.27,0.74,0.72,0.5024631
0.16,0.48,0.75,0.28,0.73,0.72,0.5024632
0.16,0.46,0.73,0.2,0.76,0.71,0.5024633
0.17,0.48,0.7,0.2,0.72,0.7,0.5024633
0.18,0.41,0.7,0.21,0.74,0.7,0.5024633
0.16,0.49,0.73,0.2,0.75,0.72,0.5024634
0.18,0.48,0.74,0.27,0.73,0.71,0.5024634
0.16,0.49,0.74,0.21,0.73,0.71,0.5024635
0.18,0.41,0.71,0.21,0.75,0.71,0.5024635
0.18,0.49,0.73,0.29,0.72,0.71,0.5024636
0.16,0.44,0.72,0.26,0.76,0.7,0.5024637
0.17,0.44,0.71,0.23,0.76,0.7,0.5024637
0.18,0.41,0.72,0.21,0.76,0.72,0.5024638
0.18,0.48,0.73,0.27,0.72,0.7,0.5024638
0.16,0.45,0.72,0.25,0.72,0.72,0.5024641
0.16,0.47,0.71,0.28,0.76,0.72,0.5024641
0.17,0.47,0.74,0.27,0.73,0.72,0.5024641
0.17,0.49,0.73,0.26,0.76,0.72,0.5024642
0.16,0.47,0.71,0.28,0.73,0.72,0.5024644
0.16,0.48,0.75,0.28,0.72,0.71,0.5024644
0.18,0.48,0.7,0.26,0.73,0.7,0.502465
0.17,0.45,0.75,0.24,0.72,0.72,0.5024652
0.17,0.5,0.74,0.28,0.75,0.72,0.5024652
0.18,0.49,0.73,0.29,0.72,0.7,0.5024652
0.16,0.42,0.71,0.26,0.76,0.7,0.5024653
0.16,0.47,0.71,0.28,0.72,0.71,0.5024653
0.17,0.48,0.73,0.25,0.75,0.71,0.5024653
0.17,0.5,0.74,0.29,0.72,0.72,0.5024653
0.16,0.5,0.72,0.21,0.74,0.72,0.5024654
0.17,0.46,0.7,0.27,0.73,0.72,0.5024654
0.17,0.47,0.74,0.27,0.72,0.71,0.5024654
0.16,0.5,0.73,0.22,0.72,0.71,0.5024655
0.16,0.44,0.75,0.2,0.72,0.72,0.5024656
0.18,0.49,0.74,0.3,0.74,0.71,0.5024656
0.18,0.46,0.73,0.26,0.73,0.72,0.5024657
0.17,0.47,0.72,0.23,0.76,0.71,0.5024658
0.17,0.44,0.71,0.24,0.72,0.72,0.5024659
0.16,0.46,0.7,0.28,0.76,0.7,0.502466
0.17,0.49,0.74,0.27,0.74,0.71,0.502466
0.17,0.46,0.7,0.27,0.72,0.71,0.5024663
0.18,0.45,0.71,0.26,0.76,0.7,0.5024663
0.17,0.45,0.75,0.23,0.72,0.72,0.5024667
0.17,0.41,0.7,0.25,0.76,0.7,0.5024668
0.17,0.49,0.73,0.29,0.72,0.7,0.5024668
0.18,0.46,0.73,0.26,0.72,0.71,0.5024669
0.16,0.49,0.72,0.2,0.73,0.71,0.5024671
0.17,0.49,0.71,0.25,0.76,0.72,0.5024671
0.17,0.5,0.75,0.3,0.74,0.72,0.5024672
0.16,0.41,0.73,0.2,0.72,0.71,0.5024673
0.18,0.44,0.74,0.23,0.72,0.72,0.5024675
0.16,0.41,0.74,0.2,0.73,0.72,0.5024679
0.18,0.44,0.7,0.2,0.76,0.7,0.5024679
0.18,0.5,0.72,0.27,0.73,0.72,0.5024679
0.16,0.48,0.75,0.25,0.73,0.71,0.502468
0.17,0.48,0.71,0.24,0.75,0.71,0.5024681
0.17,0.5,0.75,0.29,0.73,0.71,0.5024681
0.17,0.49,0.72,0.26,0.74,0.71,0.5024682
0.16,0.48,0.74,0.25,0.72,0.7,0.5024683
0.18,0.43,0.7,0.23,0.72,0.72,0.5024684
0.16,0.46,0.72,0.28,0.75,0.72,0.5024685
0.16,0.45,0.74,0.25,0.74,0.71,0.5024686
0.16,0.45,0.75,0.25,0.75,0.72,0.5024686
0.16,0.5,0.74,0.29,0.72,0.71,0.5024686
0.16,0.44,0.73,0.25,0.74,0.72,0.5024687
0.16,0.45,0.73,0.25,0.73,0.7,0.5024687
0.18,0.45,0.74,0.2,0.72,0.72,0.5024687
0.16,0.49,0.75,0.25,0.76,0.72,0.5024688
0.17,0.48,0.75,0.22,0.74,0.72,0.5024689
0.17,0.45,0.74,0.22,0.75,0.72,0.502469
0.17,0.45,0.73,0.22,0.74,0.71,0.5024691
0.17,0.48,0.74,0.3,0.76,0.72,0.5024691
0.16,0.5,0.71,0.21,0.72,0.71,0.5024693
0.17,0.45,0.72,0.22,0.73,0.7,0.5024693
0.17,0.47,0.7,0.22,0.76,0.71,0.5024693
0.17,0.48,0.74,0.22,0.73,0.71,0.5024693
0.16,0.46,0.72,0.28,0.74,0.71,0.5024694
0.17,0.47,0.71,0.23,0.74,0.7,0.5024694
0.17,0.48,0.72,0.25,0.73,0.7,0.5024694
0.17,0.5,0.73,0.28,0.73,0.71,0.5024695
0.16,0.44,0.73,0.25,0.73,0.71,0.5024696
0.17,0.45,0.71,0.27,0.75,0.72,0.5024696
0.17,0.48,0.73,0.22,0.72,0.7,0.5024697
0.16,0.5,0.7,0.2,0.74,0.72,0.5024701
0.18,0.42,0.72,0.2,0.72,0.71,0.5024701
0.18,0.47,0.73,0.29,0.76,0.72,0.5024701
0.17,0.42,0.71,0.22,0.74,0.7,0.5024703
0.17,0.42,0.72,0.22,0.75,0.71,0.5024703
0.17,0.49,0.73,0.27,0.72,0.7,0.5024703
0.17,0.42,0.73,0.22,0.76,0.72,0.5024704
0.16,0.46,0.72,0.28,0.73,0.7,0.5024705
0.17,0.45,0.71,0.27,0.74,0.71,0.5024705
0.17,0.43,0.72,0.24,0.74,0.72,0.5024706
0.17,0.48,0.74,0.3,0.75,0.71,0.5024706
0.18,0.42,0.73,0.2,0.73,0.72,0.5024706
0.16,0.44,0.73,0.25,0.72,0.7,0.5024708
0.16,0.42,0.74,0.22,0.73,0.72,0.5024709
0.18,0.49,0.75,0.25,0.74,0.72,0.5024709
0.18,0.46,0.74,0.25,0.75,0.72,0.502471
0.17,0.46,0.7,0.21,0.75,0.7,0.5024712
0.17,0.49,0.7,0.25,0.74,0.71,0.5024712
0.18,0.46,0.73,0.25,0.74,0.71,0.5024713
0.18,0.49,0.74,0.25,0.73,0.71,0.5024713
0.17,0.43,0.72,0.24,0.73,0.71,0.5024714
0.18,0.44,0.7,0.26,0.75,0.72,0.5024714
0.18,0.47,0.73,0.29,0.75,0.71,0.5024714
0.16,0.45,0.72,0.24,0.76,0.7,0.5024715
0.17,0.49,0.75,0.28,0.73,0.71,0.5024715
0.17,0.45,0.71,0.27,0.73,0.7,0.5024716
0.18,0.46,0.72,0.25,0.73,0.7,0.5024716
0.16,0.49,0.73,0.24,0.76,0.72,0.5024717
0.16,0.5,0.74,0.26,0.75,0.72,0.5024718
0.16,0.47,0.7,0.27,0.75,0.72,0.502472
0.17,0.49,0.74,0.28,0.72,0.7,0.502472
0.17,0.48,0.7,0.24,0.73,0.7,0.5024722
0.18,0.44,0.7,0.26,0.74,0.71,0.5024722
0.16,0.41,0.7,0.22,0.73,0.72,0.5024723
0.17,0.43,0.72,0.24,0.72,0.7,0.5024724
0.17,0.49,0.71,0.26,0.72,0.7,0.5024726
0.18,0.43,0.72,0.25,0.75,0.71,0.5024727
0.16,0.41,0.7,0.22,0.72,0.71,0.5024728
0.18,0.43,0.71,0.25,0.74,0.7,0.5024728
0.16,0.48,0.73,0.23,0.75,0.71,0.5024729
0.16,0.49,0.74,0.25,0.74,0.71,0.5024729
0.18,0.42,0.71,0.23,0.74,0.72,0.502473
0.18,0.49,0.73,0.29,0.73,0.71,0.502473
0.18,0.44,0.7,0.26,0.73,0.7,0.5024733
0.16,0.5,0.75,0.27,0.73,0.71,0.5024738
0.16,0.43,0.74,0.25,0.76,0.72,0.5024739
0.18,0.42,0.71,0.23,0.73,0.71,0.5024739
0.17,0.41,0.73,0.21,0.73,0.72,0.502474
0.18,0.46,0.7,0.27,0.76,0.7,0.5024741
0.17,0.45,0.71,0.21,0.76,0.7,0.5024742
0.17,0.46,0.72,0.27,0.76,0.7,0.5024742
0.16,0.45,0.73,0.28,0.76,0.71,0.5024744
0.16,0.5,0.72,0.25,0.75,0.72,0.5024746
0.17,0.5,0.74,0.29,0.73,0.72,0.5024746
0.16,0.47,0.72,0.21,0.76,0.71,0.5024747
0.18,0.42,0.71,0.23,0.72,0.7,0.5024749
0.17,0.46,0.75,0.21,0.72,0.72,0.5024752
0.16,0.42,0.7,0.25,0.76,0.72,0.5024754
0.16,0.49,0.71,0.23,0.76,0.72,0.5024754
0.16,0.49,0.72,0.24,0.74,0.71,0.5024755
0.17,0.44,0.72,0.27,0.76,0.71,0.5024756
0.17,0.42,0.73,0.24,0.76,0.72,0.5024757
0.16,0.5,0.73,0.26,0.73,0.71,0.502476
0.16,0.42,0.7,0.25,0.75,0.71,0.5024761
0.17,0.43,0.73,0.21,0.72,0.71,0.5024762
0.18,0.5,0.71,0.26,0.72,0.72,0.5024763
0.16,0.46,0.75,0.23,0.75,0.72,0.5024764
0.16,0.48,0.71,0.22,0.75,0.71,0.5024764
0.17,0.43,0.74,0.21,0.73,0.72,0.5024765
0.16,0.46,0.74,0.23,0.74,0.71,0.5024766
0.17,0.5,0.75,0.3,0.75,0.72,0.5024767
0.16,0.46,0.73,0.23,0.73,0.7,0.5024768
0.16,0.48,0.72,0.23,0.73,0.7,0.5024768
0.16,0.49,0.75,0.23,0.73,0.71,0.5024768
0.16,0.42,0.7,0.25,0.74,0.7,0.5024769
0.16,0.46,0.72,0.2,0.75,0.7,0.502477
0.18,0.49,0.75,0.28,0.72,0.72,0.502477
0.16,0.49,0.73,0.25,0.72,0.7,0.5024772
0.18,0.43,0.71,0.26,0.76,0.71,0.5024772
0.16,0.4,0.71,0.22,0.75,0.72,0.5024773
0.18,0.47,0.75,0.24,0.72,0.72,0.5024773
0.16,0.43,0.73,0.23,0.75,0.71,0.5024776
0.18,0.5,0.72,0.27,0.74,0.72,0.5024776
0.16,0.43,0.72,0.23,0.74,0.7,0.5024777
0.16,0.43,0.74,0.23,0.76,0.72,0.5024777
0.16,0.4,0.71,0.22,0.74,0.71,0.5024779
0.18,0.4,0.72,0.2,0.73,0.72,0.502478
0.18,0.41,0.72,0.23,0.76,0.72,0.502478
0.16,0.47,0.71,0.21,0.74,0.7,0.5024783
0.16,0.5,0.74,0.29,0.73,0.71,0.5024783
0.17,0.48,0.73,0.29,0.76,0.71,0.5024783
0.16,0.5,0.7,0.24,0.75,0.72,0.5024786
0.17,0.47,0.75,0.26,0.75,0.72,0.5024786
0.16,0.4,0.71,0.22,0.73,0.7,0.5024787
0.16,0.5,0.71,0.25,0.73,0.71,0.5024787
0.17,0.4,0.71,0.21,0.72,0.7,0.5024787
0.18,0.45,0.7,0.29,0.76,0.7,0.5024787
0.17,0.47,0.74,0.26,0.74,0.71,0.5024788
0.16,0.47,0.7,0.2,0.76,0.71,0.5024789
0.17,0.47,0.73,0.26,0.73,0.7,0.5024791
0.16,0.47,0.75,0.27,0.73,0.72,0.5024792
0.17,0.46,0.74,0.2,0.75,0.72,0.5024792
0.16,0.49,0.7,0.23,0.74,0.71,0.5024794
0.18,0.47,0.74,0.23,0.75,0.72,0.5024795
0.16,0.49,0.71,0.24,0.72,0.7,0.5024796
0.17,0.46,0.73,0.2,0.74,0.71,0.5024796
0.17,0.5,0.71,0.26,0.72,0.71,0.5024796
0.17,0.43,0.72,0.2,0.75,0.71,0.5024798
0.17,0.43,0.71,0.2,0.74,0.7,0.5024799
0.17,0.43,0.73,0.2,0.76,0.72,0.5024799
0.18,0.47,0.73,0.23,0.74,0.71,0.5024799
0.17,0.46,0.72,0.2,0.73,0.7,0.50248
0.16,0.4,0.71,0.23,0.75,0.7,0.5024802
0.17,0.49,0.75,0.2,0.74,0.72,0.5024802
0.16,0.4,0.72,0.23,0.76,0.71,0.5024804
0.17,0.48,0.73,0.29,0.74,0.72,0.5024804
0.18,0.44,0.73,0.23,0.76,0.72,0.5024804
0.18,0.47,0.72,0.23,0.73,0.7,0.5024804
0.16,0.46,0.71,0.27,0.73,0.72,0.5024805
0.16,0.47,0.75,0.27,0.72,0.71,0.5024805
0.16,0.48,0.7,0.22,0.73,0.7,0.5024805
0.17,0.44,0.73,0.26,0.75,0.71,0.5024805
0.17,0.46,0.74,0.26,0.73,0.72,0.5024805
0.17,0.44,0.72,0.26,0.74,0.7,0.5024806
0.18,0.44,0.72,0.23,0.75,0.71,0.5024806
0.17,0.46,0.7,0.25,0.76,0.7,0.5024808
0.18,0.49,0.72,0.28,0.72,0.71,0.5024808
0.18,0.44,0.71,0.23,0.74,0.7,0.5024809
0.16,0.44,0.72,0.24,0.72,0.72,0.5024811
0.17,0.47,0.71,0.27,0.75,0.7,0.5024811
0.18,0.5,0.75,0.22,0.73,0.72,0.5024812
0.16,0.46,0.71,0.27,0.72,0.71,0.5024814
0.17,0.4,0.7,0.2,0.75,0.7,0.5024814
0.18,0.47,0.72,0.28,0.74,0.72,0.5024815
0.17,0.4,0.71,0.2,0.76,0.71,0.5024816
0.17,0.46,0.74,0.26,0.72,0.71,0.5024818
0.17,0.48,0.73,0.29,0.73,0.71,0.5024818
0.16,0.47,0.7,0.27,0.76,0.72,0.5024819
0.17,0.45,0.7,0.26,0.73,0.72,0.502482
0.18,0.41,0.71,0.23,0.76,0.71,0.5024823
0.18,0.45,0.73,0.25,0.73,0.72,0.5024823
0.18,0.41,0.7,0.23,0.75,0.7,0.5024824
0.16,0.41,0.71,0.25,0.76,0.7,0.5024825
0.17,0.5,0.73,0.28,0.72,0.72,0.5024825
0.18,0.49,0.73,0.29,0.74,0.71,0.5024825
0.17,0.45,0.7,0.26,0.72,0.71,0.5024828
0.18,0.47,0.72,0.28,0.73,0.71,0.502483
0.18,0.48,0.74,0.29,0.74,0.71,0.5024831
0.18,0.49,0.74,0.2,0.74,0.72,0.5024831
0.17,0.48,0.73,0.29,0.72,0.7,0.5024832
0.16,0.44,0.74,0.22,0.72,0.71,0.5024834
0.16,0.44,0.75,0.22,0.73,0.72,0.5024834
0.17,0.43,0.71,0.23,0.72,0.72,0.5024834
0.18,0.45,0.73,0.25,0.72,0.71,0.5024836
0.18,0.48,0.73,0.29,0.73,0.7,0.5024836
0.16,0.48,0.75,0.3,0.76,0.72,0.5024839
0.17,0.5,0.74,0.29,0.74,0.72,0.502484
0.17,0.49,0.72,0.28,0.72,0.7,0.5024841
0.16,0.48,0.73,0.27,0.76,0.71,0.5024843
0.17,0.4,0.7,0.24,0.76,0.7,0.5024843
0.18,0.47,0.72,0.28,0.72,0.7,0.5024845
0.18,0.5,0.73,0.21,0.73,0.72,0.5024845
0.17,0.47,0.74,0.29,0.76,0.72,0.5024847
0.16,0.45,0.72,0.27,0.75,0.72,0.5024848
0.16,0.46,0.7,0.28,0.74,0.71,0.5024852
0.16,0.48,0.75,0.3,0.75,0.71,0.5024854
0.16,0.47,0.73,0.26,0.75,0.7,0.5024855
0.16,0.41,0.72,0.22,0.72,0.7,0.5024856
0.16,0.46,0.72,0.24,0.76,0.7,0.5024856
0.16,0.45,0.72,0.27,0.74,0.71,0.5024857
0.16,0.49,0.74,0.29,0.75,0.71,0.5024857
0.16,0.43,0.73,0.24,0.74,0.72,0.5024858
0.17,0.45,0.7,0.29,0.76,0.7,0.5024858
0.16,0.47,0.75,0.21,0.75,0.72,0.5024859
0.16,0.5,0.73,0.28,0.72,0.71,0.502486
0.18,0.46,0.73,0.28,0.76,0.72,0.502486
0.18,0.5,0.71,0.26,0.73,0.72,0.502486
0.18,0.48,0.75,0.22,0.72,0.72,0.5024861
0.17,0.47,0.74,0.29,0.75,0.71,0.5024862
0.16,0.47,0.74,0.21,0.74,0.71,0.5024863
0.17,0.44,0.71,0.26,0.75,0.72,0.5024863
0.18,0.45,0.74,0.22,0.73,0.72,0.5024863
0.16,0.44,0.74,0.21,0.76,0.72,0.5024864
0.18,0.42,0.7,0.22,0.72,0.72,0.5024864
0.16,0.44,0.73,0.21,0.75,0.71,0.5024865
0.17,0.48,0.75,0.24,0.75,0.72,0.5024866
0.18,0.45,0.73,0.22,0.72,0.71,0.5024866
0.16,0.43,0.73,0.24,0.73,0.71,0.5024868
0.16,0.44,0.72,0.21,0.74,0.7,0.5024868
0.16,0.45,0.72,0.27,0.73,0.7,0.5024869
0.16,0.47,0.73,0.21,0.73,0.7,0.5024869
0.16,0.48,0.71,0.26,0.76,0.71,0.5024869
0.16,0.48,0.75,0.27,0.74,0.71,0.5024871
0.18,0.49,0.73,0.2,0.72,0.71,0.5024871
0.17,0.44,0.71,0.26,0.74,0.71,0.5024872
0.17,0.48,0.74,0.24,0.74,0.71,0.5024872
0.16,0.46,0.71,0.29,0.76,0.71,0.5024873
0.18,0.46,0.73,0.28,0.75,0.71,0.5024874
0.16,0.48,0.74,0.27,0.73,0.7,0.5024875
0.17,0.45,0.74,0.24,0.76,0.72,0.5024875
0.17,0.45,0.73,0.24,0.75,0.71,0.5024878
0.16,0.41,0.71,0.21,0.75,0.7,0.502488
0.16,0.41,0.72,0.21,0.76,0.71,0.502488
0.16,0.47,0.71,0.25,0.75,0.7,0.5024881
0.17,0.42,0.72,0.23,0.74,0.72,0.5024881
0.17,0.45,0.72,0.24,0.74,0.7,0.5024882
0.18,0.42,0.72,0.22,0.73,0.71,0.5024882
0.18,0.42,0.73,0.22,0.74,0.72,0.5024882
0.17,0.44,0.71,0.26,0.73,0.7,0.5024883
0.18,0.42,0.71,0.22,0.72,0.7,0.5024883
0.18,0.43,0.7,0.25,0.75,0.72,0.5024884
0.16,0.45,0.74,0.27,0.75,0.71,0.5024885
0.16,0.48,0.72,0.27,0.74,0.7,0.5024885
0.18,0.5,0.71,0.2,0.73,0.72,0.5024885
0.16,0.45,0.73,0.27,0.74,0.7,0.5024888
0.16,0.46,0.7,0.23,0.76,0.7,0.502489
0.17,0.42,0.72,0.23,0.73,0.71,0.502489
0.18,0.49,0.75,0.27,0.75,0.72,0.5024891
0.18,0.43,0.7,0.25,0.74,0.71,0.5024893
0.16,0.41,0.74,0.21,0.73,0.72,0.5024894
0.17,0.42,0.71,0.24,0.75,0.7,0.5024895
0.17,0.42,0.72,0.24,0.76,0.71,0.5024895
0.18,0.45,0.73,0.21,0.76,0.72,0.5024898
0.18,0.48,0.74,0.21,0.75,0.72,0.5024901
0.18,0.46,0.74,0.27,0.76,0.72,0.5024902
0.18,0.49,0.74,0.24,0.75,0.72,0.5024902
0.17,0.5,0.75,0.2,0.73,0.72,0.5024903
0.18,0.45,0.72,0.21,0.75,0.71,0.5024903
0.18,0.49,0.72,0.28,0.73,0.71,0.5024903
0.18,0.43,0.7,0.25,0.73,0.7,0.5024904
0.18,0.5,0.75,0.26,0.74,0.72,0.5024904
0.18,0.46,0.73,0.27,0.75,0.71,0.5024906
0.16,0.44,0.73,0.27,0.76,0.71,0.5024908
0.18,0.45,0.71,0.21,0.74,0.7,0.5024908
0.16,0.4,0.7,0.21,0.73,0.72,0.5024909
0.18,0.41,0.71,0.22,0.74,0.72,0.5024911
0.18,0.42,0.71,0.21,0.76,0.71,0.5024911
0.18,0.46,0.72,0.27,0.74,0.7,0.5024911
0.16,0.48,0.7,0.26,0.74,0.7,0.5024913
0.17,0.49,0.75,0.3,0.74,0.71,0.5024913
0.18,0.42,0.7,0.21,0.75,0.7,0.5024913
0.17,0.46,0.7,0.28,0.75,0.72,0.5024914
0.16,0.4,0.7,0.21,0.72,0.71,0.5024915
0.18,0.48,0.73,0.22,0.76,0.72,0.5024916
0.16,0.49,0.74,0.3,0.72,0.7,0.5024918
0.17,0.5,0.73,0.28,0.73,0.72,0.5024918
0.18,0.41,0.71,0.22,0.73,0.71,0.502492
0.17,0.43,0.72,0.26,0.76,0.71,0.5024924
0.16,0.45,0.75,0.2,0.73,0.72,0.5024926
0.16,0.46,0.72,0.3,0.76,0.7,0.5024926
0.17,0.48,0.72,0.28,0.72,0.72,0.5024926
0.16,0.41,0.7,0.24,0.76,0.72,0.5024928
0.16,0.45,0.74,0.2,0.72,0.71,0.5024928
0.18,0.5,0.73,0.25,0.74,0.72,0.5024929
0.17,0.4,0.73,0.2,0.73,0.72,0.502493
0.18,0.48,0.75,0.27,0.72,0.72,0.502493
0.17,0.46,0.75,0.23,0.73,0.72,0.5024934
0.18,0.49,0.72,0.23,0.75,0.72,0.5024934
0.16,0.41,0.7,0.24,0.75,0.71,0.5024935
0.17,0.45,0.71,0.29,0.76,0.7,0.5024935
0.17,0.5,0.74,0.29,0.75,0.72,0.5024935
0.17,0.46,0.74,0.23,0.72,0.71,0.5024939
0.18,0.47,0.71,0.27,0.72,0.72,0.5024941
0.16,0.42,0.72,0.2,0.72,0.7,0.5024943
0.16,0.42,0.73,0.2,0.73,0.71,0.5024943
0.18,0.42,0.71,0.25,0.76,0.71,0.5024943
0.16,0.41,0.7,0.24,0.74,0.7,0.5024944
0.16,0.42,0.74,0.2,0.74,0.72,0.5024945
0.18,0.49,0.73,0.24,0.73,0.71,0.5024947
0.18,0.44,0.7,0.28,0.76,0.7,0.5024948
0.18,0.5,0.7,0.25,0.72,0.72,0.5024949
0.16,0.46,0.7,0.28,0.75,0.71,0.502495
0.17,0.43,0.74,0.23,0.74,0.72,0.502495
0.18,0.5,0.74,0.26,0.72,0.71,0.502495
0.16,0.46,0.75,0.25,0.76,0.72,0.5024951
0.17,0.43,0.73,0.23,0.73,0.71,0.5024951
0.16,0.48,0.74,0.29,0.74,0.72,0.5024952
0.17,0.43,0.72,0.23,0.72,0.7,0.5024953
0.16,0.46,0.74,0.25,0.75,0.71,0.5024954
0.18,0.48,0.71,0.21,0.76,0.72,0.5024956
0.16,0.46,0.75,0.26,0.73,0.72,0.5024957
0.16,0.5,0.73,0.28,0.73,0.71,0.5024957
0.18,0.48,0.72,0.22,0.74,0.71,0.5024957
0.16,0.46,0.73,0.25,0.74,0.7,0.5024958
0.18,0.5,0.71,0.26,0.74,0.72,0.5024958
0.18,0.46,0.74,0.2,0.73,0.72,0.5024959
0.18,0.47,0.75,0.26,0.73,0.72,0.502496
0.17,0.47,0.73,0.28,0.74,0.72,0.5024962
0.18,0.5,0.71,0.24,0.74,0.72,0.5024962
0.17,0.46,0.74,0.22,0.76,0.72,0.5024965
0.18,0.46,0.73,0.2,0.72,0.71,0.5024965
0.18,0.47,0.74,0.26,0.72,0.71,0.5024965
0.16,0.48,0.74,0.29,0.73,0.71,0.5024966
0.18,0.49,0.75,0.3,0.75,0.72,0.5024967
0.18,0.49,0.75,0.2,0.72,0.72,0.5024968
0.17,0.46,0.73,0.22,0.75,0.71,0.5024969
0.16,0.46,0.75,0.26,0.72,0.71,0.5024971
0.16,0.45,0.71,0.26,0.73,0.72,0.5024972
0.17,0.45,0.74,0.25,0.73,0.72,0.5024972
0.16,0.43,0.73,0.25,0.76,0.71,0.5024973
0.18,0.43,0.72,0.2,0.73,0.71,0.5024973
0.18,0.43,0.73,0.2,0.74,0.72,0.5024973
0.18,0.43,0.71,0.2,0.72,0.7,0.5024974
0.16,0.43,0.72,0.25,0.75,0.7,0.5024975
0.17,0.46,0.72,0.22,0.74,0.7,0.5024975
0.17,0.43,0.72,0.22,0.76,0.71,0.5024976
0.17,0.5,0.75,0.24,0.74,0.72,0.5024976
0.18,0.49,0.7,0.22,0.75,0.72,0.5024976
0.18,0.5,0.72,0.25,0.72,0.71,0.5024976
0.17,0.47,0.73,0.28,0.73,0.71,0.5024977
0.18,0.46,0.72,0.27,0.74,0.72,0.5024977
0.18,0.47,0.74,0.25,0.76,0.72,0.5024978
0.18,0.49,0.71,0.23,0.73,0.71,0.5024978
0.17,0.43,0.71,0.22,0.75,0.7,0.502498
0.17,0.47,0.75,0.28,0.76,0.72,0.502498
0.16,0.45,0.71,0.26,0.72,0.71,0.5024981
0.16,0.48,0.74,0.29,0.72,0.7,0.5024982
0.18,0.47,0.71,0.2,0.75,0.71,0.5024982
0.18,0.47,0.73,0.25,0.75,0.71,0.5024983
0.17,0.5,0.7,0.25,0.72,0.71,0.5024984
0.17,0.47,0.74,0.28,0.75,0.71,0.5024985
0.16,0.43,0.72,0.23,0.72,0.72,0.5024986
0.17,0.45,0.74,0.25,0.72,0.71,0.5024986
0.17,0.49,0.74,0.22,0.75,0.72,0.5024986
0.18,0.49,0.71,0.27,0.72,0.71,0.5024986
0.17,0.44,0.7,0.25,0.73,0.72,0.502499
0.17,0.47,0.73,0.28,0.74,0.7,0.5024991
0.18,0.46,0.72,0.27,0.73,0.71,0.5024991
0.16,0.5,0.75,0.3,0.73,0.72,0.5024992
0.17,0.47,0.73,0.28,0.72,0.7,0.5024993
0.18,0.44,0.72,0.25,0.76,0.71,0.5024994
0.18,0.44,0.73,0.24,0.73,0.72,0.5024994
0.16,0.47,0.75,0.29,0.76,0.72,0.5024996
0.18,0.48,0.7,0.21,0.74,0.71,0.5024997
0.16,0.47,0.73,0.3,0.76,0.7,0.5024998
0.18,0.4,0.7,0.2,0.73,0.7,0.5024998
0.18,0.4,0.71,0.2,0.74,0.71,0.5024998
0.17,0.44,0.7,0.25,0.72,0.71,0.5024999
0.18,0.4,0.72,0.2,0.75,0.72,0.5024999
0.18,0.44,0.71,0.25,0.75,0.7,0.5024999
0.18,0.49,0.72,0.28,0.74,0.71,0.5024999
0.18,0.48,0.71,0.22,0.72,0.7,0.5025
0.17,0.4,0.7,0.22,0.76,0.7,0.5025001
0.17,0.5,0.72,0.27,0.72,0.72,0.5025002
0.17,0.46,0.74,0.28,0.76,0.72,0.5025007
0.17,0.5,0.73,0.23,0.74,0.72,0.5025007
0.18,0.5,0.7,0.24,0.72,0.71,0.5025007
0.18,0.44,0.73,0.24,0.72,0.71,0.5025008
0.18,0.46,0.72,0.27,0.72,0.7,0.5025008
0.17,0.46,0.7,0.28,0.76,0.72,0.502501
0.17,0.48,0.73,0.2,0.76,0.72,0.502501
0.18,0.49,0.74,0.28,0.76,0.72,0.5025011
0.16,0.49,0.74,0.3,0.73,0.7,0.5025014
0.17,0.5,0.73,0.28,0.74,0.72,0.5025014
0.16,0.44,0.72,0.26,0.75,0.72,0.5025015
0.16,0.47,0.75,0.24,0.72,0.71,0.5025015
0.17,0.42,0.71,0.22,0.72,0.72,0.5025015
0.17,0.49,0.71,0.27,0.72,0.7,0.502502
0.17,0.5,0.74,0.24,0.72,0.71,0.5025021
0.16,0.44,0.75,0.24,0.74,0.72,0.5025023
0.16,0.46,0.71,0.29,0.75,0.71,0.5025023
0.18,0.45,0.73,0.27,0.76,0.72,0.5025023
0.18,0.47,0.7,0.2,0.73,0.7,0.5025023
0.17,0.45,0.7,0.28,0.76,0.72,0.5025024
0.16,0.44,0.72,0.26,0.74,0.71,0.5025025
0.16,0.44,0.74,0.24,0.73,0.71,0.5025026
0.17,0.47,0.75,0.21,0.73,0.72,0.5025026
0.17,0.49,0.72,0.21,0.75,0.72,0.5025026
0.17,0.49,0.73,0.22,0.73,0.71,0.5025029
0.16,0.44,0.73,0.24,0.72,0.7,0.502503
0.18,0.5,0.75,0.3,0.75,0.72,0.502503
0.17,0.43,0.71,0.25,0.75,0.72,0.5025032
0.17,0.47,0.74,0.21,0.72,0.71,0.5025033
0.16,0.42,0.73,0.23,0.74,0.72,0.5025034
0.16,0.47,0.75,0.23,0.76,0.72,0.5025035
0.17,0.44,0.74,0.21,0.74,0.72,0.5025035
0.17,0.45,0.7,0.28,0.75,0.71,0.5025035
0.16,0.46,0.71,0.29,0.74,0.7,0.5025036
0.18,0.49,0.72,0.27,0.76,0.72,0.5025036
0.16,0.44,0.72,0.26,0.73,0.7,0.5025037
0.17,0.44,0.73,0.21,0.73,0.71,0.5025038
0.16,0.5,0.72,0.27,0.72,0.71,0.5025039
0.18,0.48,0.75,0.24,0.73,0.72,0.5025039
0.16,0.47,0.74,0.23,0.75,0.71,0.502504
0.18,0.48,0.72,0.29,0.72,0.7,0.502504
0.17,0.44,0.72,0.21,0.72,0.7,0.5025042
0.17,0.43,0.71,0.25,0.74,0.71,0.5025043
0.17,0.48,0.75,0.27,0.72,0.71,0.5025043
0.16,0.42,0.73,0.23,0.73,0.71,0.5025044
0.16,0.47,0.73,0.23,0.74,0.7,0.5025045
0.18,0.45,0.74,0.24,0.74,0.72,0.5025046
0.18,0.48,0.74,0.24,0.72,0.71,0.5025046
0.18,0.5,0.7,0.25,0.73,0.72,0.5025046
0.17,0.45,0.7,0.28,0.74,0.7,0.5025048
0.16,0.46,0.7,0.28,0.76,0.71,0.5025049
0.17,0.48,0.75,0.26,0.76,0.72,0.5025049
0.17,0.5,0.71,0.22,0.74,0.72,0.5025049
0.16,0.44,0.73,0.23,0.76,0.71,0.502505
0.17,0.48,0.72,0.2,0.74,0.71,0.5025051
0.18,0.41,0.7,0.21,0.72,0.72,0.5025051
0.18,0.45,0.73,0.24,0.73,0.71,0.5025051
0.18,0.48,0.72,0.26,0.75,0.71,0.5025051
0.17,0.5,0.72,0.23,0.72,0.71,0.5025052
0.16,0.44,0.72,0.23,0.75,0.7,0.5025054
0.17,0.43,0.71,0.25,0.73,0.7,0.5025054
0.17,0.49,0.73,0.29,0.72,0.71,0.5025054
0.17,0.48,0.74,0.26,0.75,0.71,0.5025056
0.18,0.47,0.71,0.24,0.76,0.71,0.5025056
0.18,0.45,0.72,0.24,0.72,0.7,0.5025057
0.17,0.41,0.72,0.21,0.74,0.71,0.5025058
0.17,0.41,0.73,0.21,0.75,0.72,0.5025058
0.18,0.42,0.7,0.24,0.75,0.72,0.5025058
0.17,0.41,0.71,0.21,0.73,0.7,0.5025059
0.16,0.5,0.75,0.22,0.74,0.72,0.502506
0.18,0.49,0.73,0.28,0.74,0.71,0.502506
0.17,0.41,0.72,0.22,0.74,0.72,0.5025061
0.16,0.48,0.75,0.29,0.75,0.71,0.5025068
0.17,0.45,0.73,0.26,0.76,0.71,0.5025068
0.18,0.42,0.7,0.24,0.74,0.71,0.5025068
0.18,0.48,0.74,0.23,0.76,0.72,0.5025068
0.17,0.49,0.71,0.21,0.73,0.71,0.5025069
0.17,0.49,0.74,0.3,0.74,0.71,0.502507
0.16,0.5,0.74,0.29,0.72,0.72,0.5025071
0.17,0.41,0.72,0.22,0.73,0.71,0.5025071
0.18,0.47,0.72,0.25,0.74,0.7,0.5025072
0.16,0.41,0.71,0.23,0.76,0.7,0.5025073
0.17,0.45,0.72,0.26,0.75,0.7,0.5025074
0.17,0.5,0.75,0.3,0.73,0.72,0.5025074
0.16,0.48,0.73,0.28,0.72,0.72,0.5025075
0.17,0.49,0.7,0.2,0.75,0.72,0.5025075
0.16,0.48,0.74,0.29,0.74,0.7,0.5025076
0.17,0.47,0.74,0.2,0.76,0.72,0.5025076
0.16,0.43,0.73,0.26,0.76,0.71,0.5025077
0.17,0.49,0.74,0.26,0.76,0.72,0.5025078
0.18,0.45,0.72,0.23,0.76,0.71,0.5025079
0.18,0.46,0.71,0.23,0.75,0.7,0.5025079
0.18,0.42,0.7,0.24,0.73,0.7,0.502508
0.18,0.49,0.75,0.29,0.76,0.72,0.5025081
0.16,0.49,0.74,0.2,0.75,0.72,0.5025082
0.17,0.44,0.72,0.2,0.76,0.71,0.5025082
0.18,0.49,0.71,0.27,0.73,0.71,0.5025082
0.17,0.47,0.73,0.2,0.75,0.71,0.5025083
0.18,0.48,0.7,0.25,0.75,0.71,0.5025083
0.16,0.45,0.72,0.29,0.76,0.7,0.5025084
0.16,0.5,0.75,0.3,0.74,0.72,0.5025084
0.17,0.5,0.75,0.28,0.75,0.72,0.5025085
0.18,0.45,0.71,0.23,0.75,0.7,0.5025086
0.18,0.49,0.74,0.29,0.73,0.72,0.5025086
0.17,0.44,0.71,0.2,0.75,0.7,0.5025087
0.17,0.47,0.72,0.27,0.72,0.72,0.5025088
0.17,0.5,0.75,0.3,0.72,0.71,0.502509
0.16,0.49,0.73,0.29,0.72,0.7,0.5025091
0.17,0.48,0.71,0.2,0.72,0.7,0.5025093
0.18,0.47,0.75,0.26,0.72,0.72,0.5025093
0.17,0.5,0.7,0.22,0.72,0.71,0.5025094
0.17,0.42,0.72,0.25,0.76,0.71,0.5025095
0.17,0.41,0.7,0.2,0.76,0.7,0.5025097
0.17,0.5,0.72,0.27,0.73,0.72,0.5025097
0.17,0.44,0.71,0.28,0.76,0.7,0.5025098
0.18,0.4,0.71,0.21,0.74,0.72,0.5025098
0.18,0.48,0.71,0.26,0.73,0.7,0.5025098
0.18,0.42,0.7,0.23,0.76,0.7,0.5025099
0.16,0.5,0.73,0.21,0.74,0.72,0.50251
0.18,0.47,0.7,0.24,0.74,0.7,0.5025101
0.16,0.45,0.75,0.22,0.74,0.72,0.5025102
0.18,0.49,0.74,0.29,0.72,0.71,0.5025102
0.18,0.45,0.7,0.21,0.76,0.7,0.5025103
0.16,0.4,0.7,0.23,0.76,0.72,0.5025105
0.16,0.5,0.74,0.22,0.72,0.71,0.5025105
0.17,0.47,0.73,0.23,0.76,0.71,0.5025105
0.18,0.46,0.71,0.26,0.72,0.72,0.5025105
0.16,0.48,0.75,0.22,0.72,0.71,0.5025106
0.16,0.45,0.74,0.22,0.73,0.71,0.5025107
0.17,0.49,0.72,0.25,0.76,0.72,0.5025108
0.17,0.5,0.73,0.27,0.75,0.72,0.5025109
0.18,0.4,0.71,0.21,0.73,0.71,0.5025109
0.17,0.5,0.73,0.28,0.75,0.72,0.502511
0.18,0.49,0.72,0.28,0.72,0.7,0.5025111
0.16,0.47,0.74,0.28,0.74,0.72,0.5025112
0.16,0.45,0.73,0.22,0.72,0.7,0.5025113
0.18,0.49,0.73,0.29,0.73,0.72,0.5025113
0.16,0.4,0.7,0.23,0.75,0.71,0.5025114
0.18,0.43,0.7,0.27,0.76,0.7,0.5025114
0.18,0.41,0.71,0.24,0.76,0.71,0.5025118
0.17,0.46,0.75,0.25,0.74,0.72,0.5025119
0.17,0.49,0.75,0.25,0.72,0.71,0.502512
0.16,0.4,0.7,0.23,0.74,0.7,0.5025124
0.16,0.42,0.74,0.22,0.75,0.72,0.5025124
0.16,0.45,0.75,0.25,0.73,0.72,0.5025124
0.17,0.46,0.74,0.25,0.73,0.71,0.5025124
0.17,0.49,0.73,0.26,0.74,0.71,0.5025124
0.16,0.42,0.73,0.22,0.74,0.71,0.5025125
0.16,0.49,0.73,0.2,0.73,0.71,0.5025125
0.17,0.46,0.73,0.27,0.74,0.72,0.5025125
0.17,0.48,0.72,0.24,0.75,0.71,0.5025125
0.18,0.48,0.75,0.29,0.75,0.72,0.5025125
0.18,0.49,0.74,0.3,0.75,0.72,0.5025125
0.16,0.47,0.74,0.28,0.73,0.71,0.5025126
0.16,0.42,0.72,0.22,0.73,0.7,0.5025128
0.17,0.46,0.73,0.25,0.72,0.7,0.502513
0.17,0.42,0.74,0.2,0.72,0.72,0.5025132
0.17,0.5,0.74,0.28,0.73,0.71,0.5025133
0.18,0.46,0.74,0.22,0.74,0.72,0.5025133
0.18,0.48,0.72,0.29,0.73,0.7,0.5025134
0.18,0.49,0.75,0.22,0.73,0.72,0.5025134
0.16,0.5,0.72,0.27,0.73,0.71,0.5025137
0.16,0.48,0.75,0.21,0.76,0.72,0.5025139
0.18,0.46,0.73,0.22,0.73,0.71,0.5025139
0.17,0.46,0.73,0.27,0.73,0.71,0.502514
0.17,0.44,0.74,0.24,0.73,0.72,0.5025142
0.17,0.47,0.71,0.22,0.76,0.71,0.5025142
0.16,0.44,0.71,0.25,0.73,0.72,0.5025143
0.16,0.47,0.74,0.28,0.72,0.7,0.5025143
0.18,0.49,0.74,0.22,0.72,0.71,0.5025143
0.17,0.48,0.73,0.25,0.73,0.7,0.5025144
0.18,0.45,0.72,0.26,0.74,0.72,0.5025144
0.16,0.5,0.72,0.21,0.72,0.71,0.5025145
0.16,0.46,0.7,0.28,0.73,0.71,0.5025146
0.18,0.5,0.7,0.25,0.74,0.72,0.5025146
0.16,0.45,0.73,0.21,0.76,0.71,0.5025147
0.16,0.46,0.74,0.27,0.76,0.71,0.5025147
0.17,0.47,0.72,0.23,0.74,0.7,0.5025147
0.17,0.49,0.73,0.29,0.73,0.71,0.5025147
0.18,0.46,0.72,0.22,0.72,0.7,0.5025147
0.16,0.5,0.71,0.2,0.74,0.72,0.5025148
0.18,0.43,0.73,0.22,0.75,0.72,0.5025148
0.18,0.5,0.75,0.28,0.72,0.71,0.5025149
0.17,0.46,0.73,0.24,0.76,0.71,0.502515
0.17,0.49,0.7,0.24,0.76,0.72,0.502515
0.16,0.44,0.71,0.25,0.72,0.71,0.5025152
0.16,0.46,0.73,0.27,0.75,0.7,0.5025152
0.18,0.43,0.72,0.22,0.74,0.71,0.5025152
0.16,0.45,0.72,0.21,0.75,0.7,0.5025153
0.16,0.5,0.75,0.26,0.75,0.72,0.5025154
0.16,0.49,0.74,0.24,0.76,0.72,0.5025155
0.17,0.49,0.71,0.25,0.74,0.71,0.5025155
0.16,0.46,0.75,0.28,0.76,0.72,0.5025156
0.17,0.46,0.72,0.24,0.75,0.7,0.5025156
0.17,0.46,0.73,0.27,0.72,0.7,0.5025157
0.18,0.43,0.71,0.22,0.73,0.7,0.5025157
0.16,0.46,0.7,0.28,0.72,0.7,0.5025158
0.17,0.5,0.72,0.27,0.73,0.71,0.5025158
0.18,0.45,0.72,0.26,0.73,0.71,0.5025159
0.16,0.42,0.71,0.21,0.76,0.7,0.502516
0.16,0.5,0.74,0.29,0.73,0.72,0.5025163
0.17,0.43,0.7,0.24,0.73,0.72,0.5025164
0.17,0.48,0.7,0.23,0.75,0.71,0.5025165
0.16,0.42,0.72,0.22,0.72,0.72,0.5025168
0.17,0.43,0.71,0.24,0.76,0.7,0.5025169
0.17,0.46,0.71,0.21,0.75,0.7,0.5025169
0.18,0.47,0.73,0.27,0.76,0.71,0.5025169
0.18,0.43,0.73,0.23,0.73,0.72,0.502517
0.18,0.49,0.7,0.26,0.72,0.71,0.502517
0.17,0.45,0.74,0.27,0.76,0.72,0.5025172
0.17,0.48,0.71,0.24,0.73,0.7,0.5025172
0.16,0.49,0.75,0.25,0.74,0.71,0.5025173
0.17,0.49,0.72,0.26,0.72,0.7,0.5025173
0.17,0.43,0.7,0.24,0.72,0.71,0.5025174
0.16,0.45,0.71,0.28,0.76,0.72,0.5025175
0.16,0.48,0.74,0.23,0.75,0.71,0.5025176
0.18,0.4,0.72,0.22,0.76,0.72,0.5025176
0.18,0.45,0.72,0.26,0.72,0.7,0.5025176
0.18,0.4,0.71,0.22,0.75,0.71,0.5025177
0.16,0.5,0.75,0.3,0.75,0.72,0.5025178
0.18,0.49,0.71,0.27,0.74,0.71,0.5025179
0.18,0.4,0.7,0.22,0.74,0.7,0.502518
0.16,0.5,0.73,0.25,0.75,0.72,0.5025183
0.17,0.47,0.73,0.3,0.76,0.71,0.5025184
0.17,0.47,0.7,0.22,0.74,0.7,0.5025185
0.16,0.43,0.72,0.25,0.75,0.72,0.5025186
0.17,0.5,0.71,0.26,0.72,0.72,0.5025186
0.16,0.45,0.71,0.28,0.75,0.71,0.5025187
0.16,0.49,0.73,0.29,0.73,0.7,0.5025187
0.18,0.46,0.71,0.27,0.76,0.7,0.5025187
0.18,0.46,0.72,0.21,0.76,0.71,0.5025187
0.17,0.44,0.7,0.27,0.76,0.72,0.502519
0.18,0.44,0.73,0.26,0.76,0.72,0.502519
0.16,0.43,0.75,0.21,0.72,0.72,0.5025192
0.17,0.5,0.72,0.27,0.74,0.72,0.5025193
0.16,0.49,0.72,0.23,0.76,0.72,0.5025194
0.16,0.5,0.7,0.2,0.72,0.71,0.5025194
0.18,0.44,0.71,0.27,0.76,0.7,0.5025195
0.16,0.43,0.72,0.25,0.74,0.71,0.5025196
0.18,0.49,0.72,0.28,0.72,0.72,0.5025196
0.18,0.46,0.72,0.29,0.76,0.71,0.5025197
0.18,0.47,0.72,0.29,0.75,0.7,0.5025197
0.16,0.47,0.73,0.21,0.76,0.71,0.5025198
0.18,0.43,0.7,0.21,0.76,0.7,0.5025198
0.16,0.45,0.71,0.28,0.74,0.7,0.50252
0.16,0.49,0.73,0.24,0.74,0.71,0.50252
0.17,0.44,0.7,0.27,0.75,0.71,0.5025201
0.17,0.47,0.73,0.3,0.75,0.7,0.5025201
0.16,0.46,0.75,0.2,0.74,0.72,0.5025202
0.16,0.5,0.74,0.26,0.73,0.71,0.5025202
0.17,0.47,0.75,0.23,0.74,0.72,0.5025202
0.16,0.47,0.75,0.26,0.73,0.71,0.5025203
0.17,0.41,0.71,0.21,0.72,0.72,0.5025203
0.17,0.49,0.7,0.25,0.72,0.7,0.5025204
0.18,0.49,0.73,0.29,0.74,0.72,0.5025204
0.17,0.49,0.7,0.26,0.72,0.7,0.5025207
0.16,0.46,0.74,0.2,0.73,0.71,0.5025208
0.17,0.42,0.71,0.24,0.75,0.72,0.5025208
0.16,0.43,0.72,0.25,0.73,0.7,0.5025209
0.16,0.47,0.74,0.26,0.72,0.7,0.502521
0.17,0.47,0.74,0.23,0.73,0.71,0.502521
0.16,0.48,0.72,0.22,0.75,0.71,0.5025213
0.18,0.46,0.72,0.29,0.75,0.7,0.5025213
0.17,0.44,0.74,0.23,0.75,0.72,0.5025214
0.16,0.41,0.73,0.22,0.74,0.72,0.5025215
0.16,0.43,0.74,0.2,0.75,0.72,0.5025215
0.17,0.44,0.7,0.27,0.74,0.7,0.5025215
0.16,0.46,0.73,0.2,0.72,0.7,0.5025216
0.18,0.44,0.74,0.21,0.72,0.72,0.5025216
0.18,0.48,0.71,0.28,0.72,0.7,0.5025216
0.16,0.43,0.73,0.2,0.74,0.71,0.5025217
0.16,0.49,0.75,0.2,0.72,0.71,0.5025217
0.18,0.48,0.75,0.26,0.74,0.72,0.5025218
0.17,0.42,0.71,0.24,0.74,0.71,0.5025219
0.17,0.47,0.73,0.23,0.72,0.7,0.5025219
0.18,0.49,0.74,0.3,0.76,0.72,0.5025219
0.17,0.44,0.73,0.23,0.74,0.71,0.502522
0.17,0.48,0.74,0.29,0.76,0.71,0.502522
0.16,0.49,0.74,0.25,0.72,0.7,0.5025221
0.16,0.43,0.72,0.2,0.73,0.7,0.5025222
0.16,0.48,0.73,0.23,0.73,0.7,0.5025222
0.16,0.47,0.74,0.25,0.76,0.71,0.5025223
0.16,0.5,0.71,0.26,0.72,0.71,0.5025224
0.16,0.5,0.71,0.24,0.75,0.72,0.5025225
0.16,0.41,0.73,0.22,0.73,0.71,0.5025226
0.17,0.44,0.72,0.23,0.73,0.7,0.5025227
0.17,0.49,0.72,0.28,0.72,0.71,0.5025228
0.18,0.48,0.74,0.26,0.73,0.71,0.5025228
0.16,0.5,0.72,0.25,0.73,0.71,0.5025231
0.17,0.42,0.71,0.24,0.73,0.7,0.5025231
0.17,0.49,0.75,0.29,0.73,0.72,0.5025231
0.18,0.45,0.74,0.26,0.75,0.72,0.5025234
0.18,0.41,0.7,0.23,0.75,0.72,0.5025235
0.16,0.47,0.73,0.27,0.72,0.72,0.5025238
0.18,0.48,0.73,0.26,0.72,0.7,0.5025238
0.16,0.49,0.71,0.23,0.74,0.71,0.5025239
0.17,0.48,0.72,0.28,0.76,0.71,0.5025239
0.16,0.47,0.72,0.21,0.74,0.7,0.502524
0.18,0.47,0.74,0.2,0.74,0.72,0.502524
0.16,0.4,0.73,0.2,0.76,0.72,0.5025241
0.16,0.49,0.7,0.22,0.76,0.72,0.5025241
0.17,0.41,0.73,0.23,0.76,0.72,0.5025241
0.16,0.4,0.72,0.2,0.75,0.71,0.5025242
0.16,0.47,0.71,0.2,0.76,0.71,0.5025242
0.17,0.49,0.73,0.29,0.74,0.71,0.5025242
0.18,0.45,0.73,0.26,0.74,0.71,0.5025242
0.16,0.4,0.71,0.2,0.74,0.7,0.5025244
0.16,0.44,0.72,0.25,0.76,0.7,0.5025244
0.17,0.41,0.72,0.23,0.75,0.71,0.5025244
0.18,0.44,0.73,0.2,0.75,0.72,0.5025245
0.18,0.48,0.74,0.28,0.73,0.72,0.5025245
0.18,0.4,0.7,0.2,0.72,0.72,0.5025246
0.17,0.41,0.71,0.23,0.74,0.7,0.5025247
0.18,0.41,0.7,0.23,0.74,0.71,0.5025247
0.16,0.46,0.7,0.28,0.74,0.72,0.5025248
0.16,0.49,0.72,0.24,0.72,0.7,0.5025248
0.16,0.5,0.73,0.28,0.72,0.72,0.5025248
0.17,0.4,0.72,0.21,0.74,0.72,0.5025248
0.17,0.49,0.75,0.29,0.72,0.71,0.5025248
0.18,0.41,0.72,0.21,0.72,0.71,0.5025248
0.16,0.44,0.72,0.28,0.76,0.7,0.5025249
0.18,0.45,0.72,0.26,0.73,0.7,0.5025249
0.18,0.44,0.72,0.2,0.74,0.71,0.502525
0.18,0.47,0.73,0.2,0.73,0.71,0.502525
0.17,0.46,0.72,0.26,0.72,0.72,0.5025254
0.17,0.47,0.72,0.27,0.75,0.7,0.5025255
0.17,0.46,0.71,0.25,0.76,0.7,0.5025256
0.16,0.5,0.74,0.29,0.74,0.72,0.5025257
0.18,0.44,0.71,0.2,0.73,0.7,0.5025257
0.16,0.48,0.71,0.22,0.73,0.7,0.5025259
0.17,0.4,0.72,0.21,0.73,0.71,0.5025259
0.16,0.46,0.71,0.29,0.76,0.72,0.502526
0.18,0.41,0.7,0.23,0.73,0.7,0.502526
0.16,0.48,0.7,0.21,0.75,0.71,0.5025261
0.17,0.44,0.71,0.22,0.76,0.7,0.5025261
0.18,0.47,0.72,0.2,0.72,0.7,0.5025261
0.18,0.48,0.74,0.28,0.72,0.71,0.5025263
0.17,0.43,0.71,0.27,0.76,0.7,0.5025266
0.18,0.41,0.72,0.2,0.76,0.72,0.5025267
0.16,0.49,0.72,0.28,0.72,0.7,0.5025268
0.17,0.48,0.73,0.29,0.74,0.7,0.5025268
0.18,0.49,0.7,0.26,0.73,0.71,0.5025268
0.18,0.41,0.71,0.2,0.75,0.71,0.502527
0.16,0.5,0.7,0.24,0.73,0.71,0.5025271
0.18,0.45,0.71,0.25,0.76,0.7,0.5025271
0.18,0.41,0.7,0.2,0.74,0.7,0.5025273
0.17,0.45,0.72,0.28,0.76,0.7,0.5025274
0.18,0.45,0.71,0.25,0.72,0.72,0.5025274
0.16,0.46,0.74,0.27,0.74,0.72,0.5025276
0.16,0.5,0.75,0.3,0.76,0.72,0.5025277
0.17,0.45,0.75,0.22,0.72,0.72,0.5025279
0.16,0.48,0.74,0.27,0.76,0.71,0.5025281
0.17,0.5,0.71,0.26,0.73,0.72,0.5025282
0.17,0.47,0.7,0.26,0.75,0.7,0.5025283
0.16,0.48,0.75,0.24,0.73,0.71,0.5025284
0.17,0.47,0.72,0.29,0.75,0.72,0.5025284
0.16,0.47,0.7,0.2,0.74,0.7,0.5025285
0.18,0.42,0.7,0.26,0.76,0.7,0.5025285
0.16,0.45,0.75,0.24,0.75,0.72,0.5025287
0.16,0.49,0.7,0.23,0.72,0.7,0.5025287
0.18,0.49,0.72,0.28,0.73,0.72,0.5025287
0.16,0.45,0.7,0.29,0.76,0.7,0.5025288
0.16,0.46,0.74,0.27,0.73,0.71,0.5025291
0.17,0.5,0.72,0.27,0.75,0.72,0.5025291
0.16,0.48,0.74,0.24,0.72,0.7,0.5025292
0.17,0.45,0.73,0.26,0.74,0.72,0.5025292
0.18,0.5,0.74,0.21,0.73,0.72,0.5025292
0.16,0.44,0.75,0.24,0.73,0.72,0.5025293
0.16,0.49,0.75,0.29,0.75,0.71,0.5025293
0.16,0.45,0.74,0.24,0.74,0.71,0.5025294
0.18,0.49,0.73,0.29,0.75,0.72,0.5025297
0.17,0.47,0.72,0.29,0.74,0.71,0.5025299
0.18,0.46,0.75,0.25,0.72,0.72,0.5025299
0.16,0.45,0.73,0.24,0.73,0.7,0.50253
0.18,0.46,0.71,0.28,0.75,0.72,0.50253
0.16,0.45,0.7,0.27,0.74,0.72,0.5025301
0.17,0.49,0.75,0.27,0.73,0.71,0.5025302
0.17,0.48,0.75,0.21,0.74,0.72,0.5025303
0.17,0.45,0.74,0.21,0.75,0.72,0.5025306
0.18,0.49,0.75,0.24,0.74,0.72,0.5025306
0.17,0.42,0.73,0.22,0.72,0.71,0.5025307
0.17,0.45,0.73,0.26,0.73,0.71,0.5025307
0.17,0.46,0.75,0.27,0.75,0.72,0.5025309
0.16,0.48,0.72,0.26,0.76,0.71,0.502531
0.18,0.46,0.74,0.24,0.75,0.72,0.5025311
0.17,0.49,0.74,0.27,0.72,0.7,0.5025312
0.18,0.48,0.71,0.28,0.73,0.7,0.5025312
0.16,0.45,0.7,0.27,0.73,0.71,0.5025313
0.16,0.49,0.73,0.28,0.75,0.71,0.5025313
0.17,0.45,0.73,0.21,0.74,0.71,0.5025313
0.16,0.42,0.74,0.24,0.76,0.72,0.5025314
0.17,0.48,0.74,0.21,0.73,0.71,0.5025314
0.18,0.46,0.71,0.28,0.74,0.71,0.5025315
0.16,0.43,0.71,0.24,0.73,0.72,0.5025316
0.17,0.47,0.72,0.29,0.73,0.7,0.5025316
0.18,0.44,0.72,0.25,0.74,0.72,0.5025316
0.16,0.42,0.73,0.24,0.75,0.71,0.5025317
0.17,0.46,0.74,0.27,0.74,0.71,0.5025317
0.17,0.43,0.74,0.23,0.73,0.72,0.5025319
0.18,0.46,0.73,0.24,0.74,0.71,0.502532
0.16,0.45,0.75,0.27,0.76,0.72,0.5025321
0.16,0.42,0.72,0.24,0.74,0.7,0.5025322
0.17,0.45,0.72,0.21,0.73,0.7,0.5025322
0.17,0.49,0.72,0.28,0.73,0.71,0.5025322
0.16,0.5,0.71,0.26,0.73,0.71,0.5025323
0.17,0.42,0.73,0.21,0.76,0.72,0.5025324
0.16,0.45,0.7,0.27,0.72,0.7,0.5025325
0.17,0.46,0.73,0.27,0.73,0.7,0.5025325
0.17,0.48,0.73,0.21,0.72,0.7,0.5025325
0.16,0.43,0.71,0.24,0.72,0.71,0.5025327
0.17,0.42,0.72,0.21,0.75,0.71,0.5025328
0.16,0.47,0.72,0.25,0.75,0.7,0.5025329
0.16,0.48,0.73,0.27,0.74,0.7,0.5025329
0.18,0.43,0.73,0.24,0.76,0.72,0.5025329
0.18,0.46,0.72,0.24,0.73,0.7,0.5025329
0.18,0.44,0.72,0.25,0.73,0.71,0.502533
0.16,0.45,0.72,0.23,0.76,0.7,0.5025331
0.16,0.47,0.74,0.3,0.76,0.71,0.5025332
0.18,0.46,0.71,0.28,0.73,0.7,0.5025332
0.18,0.5,0.72,0.2,0.73,0.72,0.5025332
0.17,0.42,0.71,0.21,0.74,0.7,0.5025334
0.18,0.43,0.72,0.24,0.75,0.71,0.5025336
0.17,0.44,0.74,0.26,0.76,0.72,0.5025339
0.16,0.5,0.73,0.28,0.73,0.72,0.502534
0.16,0.46,0.71,0.23,0.76,0.7,0.5025341
0.16,0.44,0.71,0.27,0.76,0.72,0.5025342
0.16,0.46,0.7,0.28,0.75,0.72,0.5025343
0.17,0.42,0.7,0.23,0.73,0.72,0.5025343
0.17,0.46,0.72,0.26,0.76,0.7,0.5025343
0.18,0.43,0.71,0.24,0.74,0.7,0.5025343
0.17,0.46,0.73,0.29,0.76,0.71,0.5025344
0.16,0.49,0.74,0.29,0.73,0.7,0.5025345
0.16,0.48,0.7,0.25,0.76,0.71,0.5025347
0.16,0.5,0.74,0.29,0.75,0.72,0.5025351
0.17,0.42,0.7,0.23,0.72,0.71,0.5025353
0.18,0.42,0.73,0.22,0.73,0.72,0.5025353
0.16,0.44,0.71,0.27,0.75,0.71,0.5025355
0.16,0.46,0.73,0.29,0.76,0.7,0.5025355
0.16,0.41,0.72,0.21,0.72,0.72,0.5025357
0.16,0.48,0.71,0.26,0.74,0.7,0.5025359
0.16,0.42,0.72,0.24,0.75,0.72,0.5025361
0.17,0.43,0.7,0.26,0.76,0.72,0.5025361
0.18,0.43,0.73,0.25,0.76,0.72,0.5025361
0.18,0.45,0.72,0.28,0.76,0.71,0.5025361
0.16,0.47,0.7,0.24,0.75,0.7,0.5025364
0.16,0.49,0.72,0.28,0.73,0.7,0.5025365
0.18,0.5,0.74,0.25,0.74,0.72,0.5025367
0.16,0.44,0.71,0.27,0.74,0.7,0.5025368
0.17,0.43,0.7,0.26,0.75,0.71,0.5025372
0.16,0.42,0.72,0.24,0.74,0.71,0.5025373
0.16,0.46,0.75,0.22,0.75,0.72,0.5025373
0.17,0.46,0.75,0.2,0.72,0.72,0.5025374
0.16,0.43,0.74,0.23,0.72,0.71,0.5025375
0.18,0.49,0.71,0.27,0.72,0.72,0.5025375
0.18,0.49,0.73,0.23,0.75,0.72,0.5025375
0.17,0.45,0.71,0.2,0.76,0.7,0.5025376
0.17,0.5,0.7,0.25,0.72,0.72,0.5025377
0.18,0.47,0.75,0.23,0.72,0.72,0.5025378
0.17,0.5,0.71,0.26,0.74,0.72,0.502538
0.18,0.49,0.72,0.28,0.74,0.72,0.502538
0.16,0.46,0.74,0.22,0.74,0.71,0.5025381
0.16,0.49,0.75,0.22,0.73,0.71,0.5025381
0.17,0.47,0.75,0.25,0.75,0.72,0.5025381
0.16,0.42,0.72,0.24,0.73,0.7,0.5025386
0.17,0.41,0.71,0.23,0.75,0.72,0.5025386
0.17,0.43,0.7,0.26,0.74,0.7,0.5025386
0.16,0.43,0.74,0.22,0.76,0.72,0.5025389
0.16,0.46,0.73,0.22,0.73,0.7,0.5025389
0.17,0.47,0.74,0.25,0.74,0.71,0.5025389
0.17,0.48,0.75,0.28,0.73,0.72,0.502539
0.18,0.49,0.73,0.29,0.76,0.72,0.5025391
0.18,0.44,0.74,0.23,0.73,0.72,0.5025392
0.16,0.49,0.74,0.3,0.73,0.71,0.5025393
0.18,0.49,0.74,0.24,0.73,0.71,0.5025393
0.17,0.43,0.74,0.2,0.73,0.72,0.5025394
0.16,0.43,0.73,0.22,0.75,0.71,0.5025395
0.16,0.47,0.75,0.28,0.74,0.71,0.5025395
0.17,0.4,0.71,0.2,0.72,0.72,0.5025397
0.17,0.43,0.73,0.2,0.72,0.71,0.5025397
0.18,0.48,0.7,0.27,0.72,0.7,0.5025397
0.17,0.41,0.71,0.23,0.74,0.71,0.5025398
0.17,0.44,0.74,0.25,0.76,0.72,0.5025398
0.17,0.47,0.73,0.25,0.73,0.7,0.5025399
0.18,0.44,0.73,0.23,0.72,0.71,0.50254
0.18,0.5,0.72,0.24,0.74,0.72,0.5025401
0.16,0.4,0.73,0.21,0.74,0.72,0.5025402
0.16,0.43,0.72,0.22,0.74,0.7,0.5025402
0.18,0.48,0.72,0.21,0.76,0.72,0.5025402
0.16,0.46,0.73,0.26,0.72,0.72,0.5025404
0.18,0.47,0.74,0.22,0.75,0.72,0.5025404
0.16,0.47,0.74,0.28,0.73,0.7,0.5025405
0.18,0.48,0.75,0.28,0.75,0.72,0.5025405
0.17,0.44,0.73,0.25,0.75,0.71,0.5025406
0.18,0.48,0.73,0.22,0.74,0.71,0.5025406
0.18,0.47,0.74,0.27,0.73,0.72,0.5025408
0.17,0.48,0.75,0.28,0.72,0.71,0.5025409
0.17,0.49,0.71,0.27,0.72,0.71,0.502541
0.17,0.47,0.71,0.28,0.73,0.72,0.5025411
0.17,0.41,0.71,0.23,0.73,0.7,0.5025412
0.17,0.44,0.72,0.25,0.74,0.7,0.5025414
0.18,0.47,0.73,0.22,0.74,0.71,0.5025414
0.16,0.5,0.7,0.25,0.72,0.71,0.5025415
0.18,0.44,0.73,0.22,0.76,0.72,0.5025415
0.18,0.48,0.74,0.28,0.74,0.71,0.5025415
0.17,0.49,0.72,0.28,0.74,0.71,0.5025418
0.18,0.5,0.73,0.25,0.72,0.71,0.5025418
0.16,0.43,0.72,0.27,0.76,0.7,0.5025419
0.18,0.49,0.71,0.22,0.75,0.72,0.5025419
0.18,0.4,0.7,0.22,0.75,0.72,0.502542
0.17,0.45,0.72,0.25,0.72,0.72,0.5025423
0.18,0.44,0.72,0.22,0.75,0.71,0.5025423
0.16,0.4,0.72,0.22,0.76,0.71,0.5025424
0.17,0.4,0.73,0.2,0.74,0.72,0.5025425
0.18,0.49,0.72,0.23,0.73,0.71,0.5025425
0.17,0.47,0.71,0.28,0.72,0.71,0.5025426
0.18,0.47,0.72,0.22,0.73,0.7,0.5025426
0.17,0.4,0.72,0.2,0.73,0.71,0.5025427
0.18,0.47,0.74,0.27,0.72,0.71,0.5025427
0.16,0.4,0.71,0.22,0.75,0.7,0.5025428
0.16,0.5,0.72,0.27,0.72,0.72,0.5025428
0.18,0.48,0.73,0.28,0.73,0.7,0.5025428
0.17,0.4,0.71,0.2,0.72,0.7,0.502543
0.17,0.49,0.75,0.22,0.75,0.72,0.502543
0.18,0.46,0.7,0.27,0.73,0.72,0.5025431
0.18,0.4,0.7,0.22,0.74,0.71,0.5025432
0.16,0.47,0.73,0.29,0.75,0.72,0.5025433
0.18,0.44,0.71,0.22,0.74,0.7,0.5025433
0.16,0.5,0.73,0.28,0.74,0.72,0.5025434
0.18,0.47,0.72,0.2,0.75,0.71,0.5025434
0.18,0.48,0.74,0.3,0.76,0.72,0.5025438
0.16,0.46,0.7,0.28,0.76,0.72,0.5025439
0.17,0.42,0.71,0.26,0.76,0.7,0.5025439
0.16,0.45,0.74,0.26,0.74,0.72,0.5025443
0.18,0.4,0.7,0.22,0.73,0.7,0.5025445
0.18,0.46,0.7,0.27,0.72,0.71,0.5025445
0.18,0.5,0.7,0.23,0.74,0.72,0.5025445
0.18,0.41,0.71,0.22,0.76,0.71,0.5025446
0.17,0.46,0.72,0.28,0.75,0.72,0.5025447
0.16,0.47,0.73,0.29,0.74,0.71,0.5025448
0.17,0.5,0.74,0.23,0.74,0.72,0.5025448
0.18,0.48,0.71,0.21,0.74,0.71,0.5025448
0.18,0.44,0.71,0.24,0.72,0.72,0.502545
0.16,0.49,0.71,0.27,0.72,0.7,0.5025451
0.18,0.48,0.7,0.2,0.76,0.72,0.5025451
0.18,0.5,0.71,0.24,0.72,0.71,0.5025452
0.16,0.44,0.75,0.21,0.73,0.72,0.5025453
0.18,0.41,0.7,0.22,0.75,0.7,0.5025453
0.16,0.47,0.72,0.29,0.76,0.7,0.5025454
0.18,0.48,0.72,0.22,0.72,0.7,0.5025455
0.17,0.48,0.74,0.2,0.76,0.72,0.5025457
0.16,0.44,0.74,0.21,0.72,0.71,0.5025459
0.16,0.45,0.74,0.26,0.73,0.71,0.502546
0.17,0.45,0.75,0.24,0.73,0.72,0.5025461
0.17,0.48,0.72,0.29,0.72,0.7,0.5025462
0.18,0.41,0.7,0.25,0.76,0.7,0.5025462
0.17,0.44,0.73,0.25,0.74,0.72,0.5025463
0.17,0.46,0.72,0.28,0.74,0.71,0.5025463
0.16,0.48,0.75,0.26,0.74,0.71,0.5025465
0.18,0.45,0.71,0.27,0.75,0.72,0.5025466
0.16,0.47,0.73,0.29,0.73,0.7,0.5025467
0.17,0.5,0.75,0.24,0.72,0.71,0.5025467
0.18,0.49,0.7,0.22,0.73,0.71,0.5025468
0.18,0.49,0.73,0.27,0.76,0.72,0.5025468
0.17,0.45,0.74,0.24,0.72,0.71,0.5025469
0.17,0.48,0.75,0.23,0.75,0.72,0.5025469
0.18,0.49,0.71,0.27,0.73,0.72,0.5025469
0.16,0.43,0.75,0.23,0.73,0.72,0.502547
0.17,0.49,0.73,0.21,0.75,0.72,0.502547
0.16,0.44,0.7,0.26,0.74,0.72,0.5025473
0.18,0.48,0.75,0.21,0.72,0.72,0.5025473
0.18,0.49,0.72,0.28,0.75,0.72,0.5025473
0.16,0.45,0.75,0.26,0.76,0.72,0.5025474
0.17,0.5,0.7,0.25,0.73,0.72,0.5025474
0.16,0.48,0.74,0.26,0.73,0.7,0.5025475
0.16,0.49,0.73,0.29,0.72,0.71,0.5025476
0.17,0.48,0.73,0.3,0.74,0.7,0.5025476
0.18,0.5,0.74,0.29,0.75,0.72,0.5025477
0.17,0.49,0.74,0.22,0.73,0.71,0.5025478
0.17,0.5,0.71,0.26,0.75,0.72,0.5025478
0.17,0.44,0.73,0.25,0.73,0.71,0.5025479
0.16,0.47,0.75,0.2,0.75,0.72,0.502548
0.17,0.48,0.74,0.23,0.74,0.71,0.502548
0.18,0.45,0.74,0.21,0.73,0.72,0.502548
0.18,0.49,0.75,0.26,0.75,0.72,0.502548
0.17,0.45,0.74,0.23,0.76,0.72,0.5025481
0.17,0.46,0.72,0.28,0.73,0.7,0.5025481
0.16,0.45,0.74,0.26,0.75,0.71,0.5025482
0.18,0.45,0.71,0.27,0.74,0.71,0.5025482
0.18,0.47,0.71,0.2,0.73,0.7,0.5025482
0.16,0.41,0.74,0.21,0.74,0.72,0.5025484
0.16,0.44,0.7,0.26,0.73,0.71,0.5025485
0.16,0.49,0.74,0.3,0.74,0.71,0.5025487
0.16,0.41,0.73,0.21,0.73,0.71,0.5025488
0.16,0.44,0.74,0.2,0.76,0.72,0.5025488
0.18,0.45,0.73,0.21,0.72,0.71,0.5025489
0.16,0.47,0.74,0.2,0.74,0.71,0.502549
0.17,0.45,0.73,0.23,0.75,0.71,0.502549
0.16,0.45,0.73,0.26,0.74,0.7,0.5025491
0.17,0.5,0.72,0.22,0.74,0.72,0.5025491
0.18,0.48,0.73,0.26,0.75,0.71,0.5025491
0.16,0.46,0.74,0.29,0.76,0.71,0.5025492
0.18,0.43,0.72,0.24,0.74,0.72,0.5025492
0.18,0.46,0.74,0.26,0.76,0.72,0.5025492
0.16,0.41,0.72,0.21,0.72,0.7,0.5025493
0.17,0.49,0.75,0.29,0.74,0.71,0.5025493
0.18,0.48,0.7,0.27,0.73,0.7,0.5025493
0.16,0.44,0.73,0.2,0.75,0.71,0.5025495
0.16,0.42,0.71,0.23,0.73,0.72,0.5025496
0.18,0.48,0.7,0.21,0.72,0.7,0.5025496
0.18,0.49,0.74,0.28,0.74,0.71,0.5025496
0.16,0.44,0.7,0.26,0.72,0.7,0.5025498
0.17,0.5,0.73,0.23,0.72,0.71,0.5025498
0.17,0.45,0.72,0.23,0.74,0.7,0.50255
0.18,0.45,0.71,0.27,0.73,0.7,0.50255
0.18,0.47,0.72,0.24,0.76,0.71,0.50255
0.16,0.47,0.73,0.2,0.73,0.7,0.5025502
0.17,0.42,0.74,0.22,0.73,0.72,0.5025502
0.18,0.46,0.73,0.26,0.75,0.71,0.5025502
0.18,0.49,0.71,0.26,0.76,0.72,0.5025503
0.16,0.44,0.72,0.2,0.74,0.7,0.5025504
0.17,0.48,0.73,0.2,0.74,0.71,0.5025504
0.18,0.42,0.73,0.21,0.74,0.72,0.5025504
0.17,0.49,0.71,0.27,0.73,0.71,0.5025505
0.18,0.43,0.72,0.24,0.73,0.71,0.5025506
0.16,0.42,0.71,0.23,0.72,0.71,0.5025507
0.17,0.45,0.73,0.28,0.76,0.71,0.5025509
0.17,0.42,0.72,0.23,0.76,0.71,0.502551
0.18,0.42,0.72,0.21,0.73,0.71,0.502551
0.18,0.5,0.75,0.3,0.73,0.71,0.5025511
0.17,0.49,0.75,0.26,0.76,0.72,0.5025512
0.16,0.43,0.71,0.26,0.76,0.72,0.5025514
0.18,0.46,0.72,0.26,0.74,0.7,0.5025514
0.16,0.41,0.72,0.2,0.76,0.71,0.5025515
0.16,0.5,0.7,0.25,0.73,0.71,0.5025515
0.18,0.42,0.71,0.21,0.72,0.7,0.5025517
0.17,0.42,0.71,0.23,0.75,0.7,0.5025518
0.18,0.48,0.72,0.29,0.73,0.71,0.5025518
0.17,0.49,0.72,0.21,0.73,0.71,0.5025519
0.18,0.48,0.74,0.2,0.75,0.72,0.502552
0.16,0.41,0.71,0.2,0.75,0.7,0.5025521
0.17,0.49,0.71,0.2,0.75,0.72,0.5025521
0.18,0.49,0.72,0.27,0.74,0.71,0.5025521
0.16,0.5,0.72,0.27,0.73,0.72,0.5025522
0.18,0.45,0.73,0.2,0.76,0.72,0.5025523
0.18,0.48,0.71,0.25,0.75,0.71,0.5025524
0.16,0.43,0.71,0.26,0.75,0.71,0.5025527
0.18,0.44,0.72,0.27,0.76,0.71,0.5025527
0.16,0.49,0.75,0.2,0.75,0.72,0.5025528
0.17,0.41,0.7,0.22,0.73,0.72,0.5025528
0.18,0.48,0.73,0.3,0.75,0.71,0.5025528
0.16,0.5,0.73,0.28,0.75,0.72,0.5025529
0.17,0.49,0.73,0.29,0.73,0.72,0.502553
0.16,0.45,0.7,0.29,0.75,0.7,0.5025532
0.18,0.45,0.72,0.2,0.75,0.71,0.5025533
0.17,0.42,0.7,0.25,0.76,0.72,0.5025535
0.18,0.43,0.71,0.26,0.75,0.7,0.5025536
0.17,0.41,0.7,0.22,0.72,0.71,0.5025538
0.17,0.49,0.74,0.3,0.75,0.72,0.5025538
0.18,0.47,0.7,0.23,0.76,0.71,0.5025539
0.16,0.41,0.72,0.23,0.75,0.72,0.502554
0.16,0.43,0.71,0.26,0.74,0.7,0.5025541
0.17,0.5,0.71,0.22,0.72,0.71,0.5025542
0.17,0.5,0.74,0.27,0.75,0.72,0.5025542
0.17,0.49,0.73,0.25,0.76,0.72,0.5025544
0.17,0.5,0.7,0.21,0.74,0.72,0.5025544
0.18,0.41,0.73,0.21,0.73,0.72,0.5025544
0.18,0.45,0.71,0.2,0.74,0.7,0.5025544
0.16,0.46,0.75,0.25,0.72,0.71,0.5025545
0.16,0.5,0.74,0.21,0.74,0.72,0.5025545
0.17,0.46,0.75,0.22,0.73,0.72,0.5025545
0.18,0.42,0.71,0.2,0.76,0.71,0.5025545
0.18,0.48,0.72,0.26,0.73,0.7,0.5025545
0.17,0.49,0.74,0.3,0.74,0.72,0.5025546
0.17,0.42,0.7,0.25,0.75,0.71,0.5025547
0.18,0.47,0.71,0.24,0.74,0.7,0.502555
0.16,0.46,0.75,0.24,0.76,0.72,0.5025551
0.16,0.4,0.72,0.2,0.72,0.72,0.5025552
0.16,0.41,0.72,0.23,0.74,0.71,0.5025553
0.17,0.48,0.72,0.2,0.72,0.7,0.5025553
0.18,0.49,0.73,0.28,0.72,0.7,0.5025553
0.17,0.47,0.75,0.27,0.73,0.72,0.5025554
0.18,0.42,0.7,0.2,0.75,0.7,0.5025554
0.16,0.5,0.75,0.22,0.72,0.71,0.5025555
0.18,0.47,0.75,0.25,0.73,0.72,0.5025555
0.17,0.46,0.74,0.22,0.72,0.71,0.5025556
0.17,0.48,0.72,0.29,0.73,0.7,0.5025557
0.18,0.49,0.7,0.26,0.74,0.71,0.5025557
0.18,0.49,0.7,0.26,0.72,0.72,0.502556
0.16,0.46,0.74,0.24,0.75,0.71,0.5025561
0.16,0.47,0.72,0.28,0.73,0.72,0.5025561
0.17,0.42,0.7,0.25,0.74,0.7,0.5025561
0.18,0.48,0.73,0.29,0.74,0.72,0.5025561
0.18,0.49,0.71,0.27,0.74,0.72,0.5025563
0.17,0.43,0.74,0.22,0.74,0.72,0.5025564
0.17,0.47,0.75,0.27,0.76,0.72,0.5025564
0.17,0.49,0.74,0.26,0.74,0.71,0.5025564
0.17,0.49,0.74,0.3,0.73,0.71,0.5025565
0.17,0.48,0.73,0.24,0.75,0.71,0.5025567
0.18,0.47,0.74,0.25,0.72,0.71,0.5025567
0.16,0.49,0.73,0.29,0.73,0.71,0.5025568
0.18,0.49,0.72,0.28,0.76,0.72,0.5025568
0.17,0.5,0.75,0.28,0.73,0.71,0.5025569
0.16,0.46,0.73,0.24,0.74,0.7,0.502557
0.17,0.4,0.71,0.22,0.75,0.72,0.502557
0.17,0.49,0.7,0.2,0.73,0.71,0.502557
0.18,0.46,0.7,0.22,0.75,0.7,0.502557
0.17,0.43,0.73,0.22,0.73,0.71,0.5025572
0.17,0.5,0.7,0.25,0.74,0.72,0.5025572
0.16,0.45,0.73,0.25,0.72,0.72,0.5025575
0.17,0.47,0.74,0.27,0.75,0.71,0.5025575
0.17,0.5,0.72,0.26,0.75,0.72,0.5025575
0.18,0.46,0.74,0.26,0.73,0.72,0.5025575
0.18,0.47,0.74,0.24,0.76,0.72,0.5025576
0.16,0.47,0.72,0.28,0.72,0.71,0.5025577
0.17,0.46,0.71,0.27,0.73,0.72,0.5025577
0.18,0.48,0.7,0.25,0.73,0.7,0.5025577
0.16,0.49,0.74,0.2,0.73,0.71,0.5025578
0.18,0.49,0.71,0.27,0.72,0.7,0.5025578
0.16,0.43,0.73,0.24,0.76,0.71,0.502558
0.16,0.49,0.74,0.3,0.75,0.71,0.502558
0.17,0.46,0.74,0.21,0.76,0.72,0.502558
0.18,0.48,0.73,0.29,0.73,0.71,0.502558
0.17,0.43,0.72,0.22,0.72,0.7,0.5025581
0.17,0.4,0.71,0.22,0.74,0.71,0.5025583
0.17,0.48,0.75,0.3,0.76,0.72,0.5025583
0.17,0.49,0.74,0.3,0.72,0.7,0.5025584
0.17,0.47,0.73,0.27,0.74,0.7,0.5025586
0.17,0.49,0.71,0.24,0.76,0.72,0.5025587
0.18,0.47,0.73,0.24,0.75,0.71,0.5025587
0.16,0.43,0.72,0.24,0.75,0.7,0.5025589
0.17,0.47,0.72,0.22,0.76,0.71,0.5025589
0.16,0.49,0.75,0.24,0.76,0.72,0.5025592
0.17,0.46,0.71,0.27,0.72,0.71,0.5025592
0.17,0.46,0.73,0.21,0.75,0.71,0.5025592
0.16,0.5,0.72,0.2,0.74,0.72,0.5025593
0.17,0.5,0.73,0.27,0.73,0.71,0.5025595
0.16,0.5,0.73,0.21,0.72,0.71,0.5025596
0.17,0.49,0.72,0.25,0.74,0.71,0.5025596
0.18,0.44,0.72,0.25,0.72,0.7,0.5025596
0.16,0.46,0.73,0.28,0.75,0.72,0.5025597
0.17,0.49,0.7,0.26,0.72,0.71,0.5025597
0.17,0.44,0.72,0.24,0.72,0.72,0.5025599
0.18,0.47,0.74,0.29,0.76,0.72,0.5025599
0.18,0.45,0.7,0.26,0.73,0.72,0.50256
0.17,0.43,0.72,0.21,0.76,0.71,0.5025601
0.18,0.48,0.73,0.29,0.72,0.7,0.5025601
0.17,0.49,0.71,0.27,0.74,0.71,0.5025602
0.18,0.44,0.72,0.24,0.76,0.71,0.5025603
0.17,0.46,0.72,0.21,0.74,0.7,0.5025604
0.18,0.48,0.71,0.28,0.72,0.71,0.5025604
0.18,0.48,0.74,0.3,0.75,0.71,0.5025608
0.17,0.4,0.71,0.22,0.73,0.7,0.502561
0.17,0.48,0.71,0.23,0.75,0.71,0.502561
0.18,0.48,0.72,0.29,0.74,0.71,0.502561
0.17,0.44,0.72,0.27,0.75,0.7,0.5025611
0.17,0.43,0.71,0.21,0.75,0.7,0.5025612
0.16,0.46,0.73,0.28,0.74,0.71,0.5025613
0.16,0.5,0.71,0.26,0.72,0.72,0.5025613
0.17,0.45,0.72,0.27,0.75,0.72,0.5025614
0.18,0.45,0.7,0.26,0.72,0.71,0.5025614
0.16,0.44,0.74,0.25,0.74,0.72,0.5025615
0.18,0.44,0.71,0.24,0.75,0.7,0.5025615
0.16,0.5,0.72,0.27,0.74,0.72,0.5025617
0.17,0.49,0.72,0.28,0.72,0.72,0.5025617
0.17,0.49,0.73,0.26,0.72,0.7,0.5025618
0.16,0.5,0.74,0.25,0.75,0.72,0.5025619
0.17,0.49,0.73,0.29,0.74,0.72,0.502562
0.17,0.48,0.72,0.24,0.73,0.7,0.5025621
0.18,0.48,0.73,0.3,0.76,0.71,0.5025623
0.16,0.4,0.71,0.24,0.76,0.7,0.5025625
0.16,0.47,0.75,0.23,0.72,0.71,0.5025625
0.17,0.49,0.74,0.3,0.76,0.72,0.502563
0.17,0.5,0.71,0.26,0.73,0.71,0.502563
0.16,0.44,0.75,0.23,0.74,0.72,0.5025631
0.17,0.45,0.72,0.27,0.74,0.71,0.5025631
0.18,0.43,0.71,0.23,0.72,0.72,0.5025631
0.16,0.44,0.74,0.25,0.73,0.71,0.5025632
0.16,0.46,0.73,0.28,0.73,0.7,0.5025632
0.16,0.49,0.73,0.23,0.76,0.72,0.5025633
0.17,0.4,0.7,0.21,0.76,0.7,0.5025634
0.18,0.44,0.71,0.26,0.75,0.72,0.5025637
0.17,0.47,0.7,0.21,0.76,0.71,0.5025638
0.17,0.47,0.71,0.22,0.74,0.7,0.5025638
0.17,0.48,0.75,0.26,0.72,0.71,0.5025638
0.17,0.49,0.7,0.24,0.74,0.71,0.5025639
0.16,0.44,0.74,0.23,0.73,0.71,0.502564
0.17,0.43,0.73,0.24,0.74,0.72,0.502564
0.18,0.41,0.7,0.24,0.76,0.7,0.502564
0.16,0.49,0.7,0.26,0.72,0.7,0.5025641
0.17,0.48,0.71,0.28,0.72,0.7,0.5025641
0.16,0.5,0.75,0.26,0.73,0.71,0.5025642
0.17,0.48,0.75,0.25,0.76,0.72,0.5025643
0.16,0.47,0.75,0.22,0.76,0.72,0.5025644
0.16,0.49,0.74,0.24,0.74,0.71,0.5025644
0.18,0.48,0.75,0.23,0.73,0.72,0.5025644
0.16,0.5,0.71,0.2,0.72,0.71,0.5025645
0.16,0.43,0.7,0.25,0.74,0.72,0.5025647
0.17,0.47,0.75,0.2,0.73,0.72,0.5025647
0.17,0.45,0.72,0.27,0.73,0.7,0.5025649
0.16,0.44,0.73,0.23,0.72,0.7,0.5025651
0.16,0.48,0.75,0.28,0.75,0.71,0.5025652
0.17,0.48,0.72,0.29,0.74,0.7,0.5025652
0.17,0.49,0.71,0.25,0.72,0.7,0.5025652
0.18,0.44,0.71,0.26,0.74,0.71,0.5025654
0.18,0.45,0.74,0.23,0.74,0.72,0.5025654
0.17,0.43,0.73,0.24,0.73,0.71,0.5025655
0.17,0.48,0.74,0.25,0.75,0.71,0.5025655
0.16,0.47,0.74,0.22,0.75,0.71,0.5025656
0.16,0.49,0.72,0.28,0.72,0.71,0.5025656
0.18,0.49,0.7,0.26,0.73,0.72,0.5025656
0.18,0.48,0.74,0.23,0.72,0.71,0.5025657
0.18,0.49,0.71,0.27,0.75,0.72,0.5025657
0.18,0.46,0.7,0.26,0.76,0.7,0.5025658
0.18,0.49,0.75,0.28,0.76,0.72,0.5025658
0.18,0.47,0.71,0.28,0.75,0.7,0.5025659
0.16,0.43,0.7,0.25,0.73,0.71,0.502566
0.16,0.48,0.73,0.22,0.75,0.71,0.502566
0.17,0.44,0.74,0.2,0.74,0.72,0.502566
0.16,0.5,0.72,0.24,0.75,0.72,0.5025661
0.17,0.47,0.74,0.2,0.72,0.71,0.5025661
0.16,0.49,0.73,0.29,0.74,0.71,0.5025662
0.17,0.48,0.7,0.23,0.73,0.7,0.5025662
0.18,0.45,0.73,0.23,0.73,0.71,0.5025665
0.16,0.44,0.73,0.22,0.76,0.71,0.5025666
0.16,0.48,0.74,0.28,0.74,0.7,0.5025666
0.16,0.47,0.73,0.22,0.74,0.7,0.5025667
0.17,0.44,0.73,0.2,0.73,0.71,0.5025668
0.17,0.45,0.73,0.26,0.72,0.7,0.5025668
0.17,0.45,0.73,0.25,0.76,0.71,0.5025671
0.17,0.46,0.7,0.2,0.75,0.7,0.5025671
0.18,0.42,0.72,0.23,0.74,0.72,0.5025671
0.17,0.5,0.7,0.25,0.75,0.72,0.5025672
0.16,0.5,0.73,0.25,0.73,0.71,0.5025673
0.18,0.44,0.71,0.26,0.73,0.7,0.5025673
0.16,0.43,0.7,0.25,0.72,0.7,0.5025674
0.17,0.49,0.73,0.29,0.72,0.72,0.5025674
0.17,0.48,0.73,0.28,0.76,0.71,0.5025675
0.16,0.45,0.7,0.29,0.76,0.71,0.5025676
0.16,0.45,0.74,0.28,0.76,0.71,0.5025676
0.16,0.44,0.72,0.22,0.75,0.7,0.5025677
0.17,0.44,0.73,0.27,0.76,0.71,0.5025677
0.18,0.45,0.72,0.23,0.72,0.7,0.5025677
0.17,0.44,0.72,0.2,0.72,0.7,0.5025678
0.18,0.48,0.74,0.22,0.76,0.72,0.5025678
0.16,0.41,0.72,0.23,0.73,0.7,0.5025679
0.18,0.42,0.73,0.23,0.75,0.72,0.5025679
0.16,0.41,0.71,0.22,0.73,0.72,0.5025681
0.16,0.49,0.71,0.22,0.76,0.72,0.5025682
0.17,0.45,0.72,0.25,0.75,0.7,0.5025682
0.16,0.49,0.72,0.23,0.74,0.71,0.5025683
0.16,0.44,0.7,0.28,0.76,0.71,0.5025685
0.17,0.46,0.72,0.3,0.76,0.7,0.5025686
0.17,0.49,0.74,0.3,0.75,0.71,0.5025686
0.16,0.45,0.73,0.28,0.75,0.7,0.5025687
0.18,0.42,0.72,0.23,0.73,0.71,0.5025687
0.17,0.41,0.73,0.2,0.75,0.72,0.5025688
0.18,0.42,0.72,0.23,0.74,0.71,0.5025688
0.16,0.42,0.71,0.25,0.76,0.72,0.502569
0.16,0.47,0.72,0.2,0.76,0.71,0.5025692
0.16,0.49,0.75,0.3,0.74,0.72,0.5025692
0.18,0.46,0.73,0.28,0.76,0.71,0.5025692
0.18,0.48,0.72,0.28,0.72,0.72,0.5025692
0.16,0.41,0.71,0.22,0.72,0.71,0.5025693
0.17,0.41,0.72,0.2,0.74,0.71,0.5025694
0.17,0.49,0.7,0.26,0.73,0.71,0.5025695
0.18,0.48,0.71,0.28,0.73,0.71,0.5025696
0.18,0.45,0.72,0.22,0.76,0.71,0.5025697
0.16,0.49,0.73,0.24,0.72,0.7,0.5025698
0.18,0.42,0.71,0.23,0.73,0.7,0.5025698
0.18,0.43,0.72,0.26,0.76,0.71,0.5025699
0.16,0.41,0.71,0.22,0.76,0.7,0.50257
0.16,0.44,0.7,0.28,0.75,0.7,0.50257
0.17,0.41,0.71,0.2,0.73,0.7,0.5025701
0.16,0.42,0.71,0.25,0.75,0.71,0.5025703
0.18,0.45,0.71,0.29,0.76,0.7,0.5025703
0.18,0.46,0.72,0.28,0.75,0.7,0.5025704
0.18,0.48,0.72,0.29,0.75,0.71,0.5025704
0.17,0.48,0.71,0.27,0.76,0.71,0.5025705
0.17,0.48,0.74,0.29,0.74,0.72,0.5025706
0.17,0.49,0.72,0.28,0.73,0.72,0.5025708
0.16,0.48,0.71,0.21,0.75,0.71,0.5025709
0.16,0.5,0.71,0.26,0.73,0.72,0.5025709
0.17,0.42,0.71,0.25,0.76,0.7,0.5025709
0.16,0.48,0.72,0.22,0.73,0.7,0.502571
0.18,0.45,0.71,0.22,0.75,0.7,0.502571
0.16,0.49,0.75,0.3,0.73,0.71,0.5025711
0.17,0.49,0.73,0.29,0.75,0.72,0.5025712
0.16,0.5,0.7,0.23,0.75,0.72,0.5025713
0.16,0.5,0.71,0.24,0.73,0.71,0.5025713
0.17,0.41,0.7,0.24,0.76,0.72,0.5025713
0.16,0.5,0.72,0.27,0.75,0.72,0.5025714
0.16,0.42,0.71,0.25,0.74,0.7,0.5025718
0.17,0.4,0.7,0.21,0.73,0.72,0.5025719
0.16,0.45,0.75,0.21,0.74,0.72,0.502572
0.17,0.46,0.75,0.24,0.74,0.72,0.5025721
0.17,0.46,0.75,0.26,0.73,0.72,0.5025723
0.18,0.47,0.73,0.28,0.74,0.72,0.5025723
0.17,0.49,0.75,0.24,0.72,0.71,0.5025725
0.16,0.4,0.72,0.22,0.75,0.72,0.5025726
0.16,0.48,0.75,0.21,0.72,0.71,0.5025726
0.17,0.48,0.74,0.29,0.73,0.71,0.5025726
0.18,0.42,0.7,0.22,0.76,0.7,0.5025726
0.17,0.47,0.71,0.26,0.75,0.7,0.5025727
0.16,0.46,0.72,0.27,0.73,0.72,0.5025728
0.16,0.5,0.74,0.29,0.76,0.72,0.5025728
0.17,0.41,0.7,0.24,0.75,0.71,0.5025728
0.17,0.48,0.72,0.28,0.74,0.7,0.502573
0.16,0.45,0.74,0.21,0.73,0.71,0.5025731
0.17,0.4,0.7,0.21,0.72,0.71,0.5025731
0.16,0.49,0.75,0.3,0.72,0.7,0.5025732
0.17,0.46,0.74,0.24,0.73,0.71,0.5025733
0.16,0.49,0.7,0.22,0.74,0.71,0.5025734
0.17,0.48,0.71,0.28,0.73,0.7,0.5025736
0.18,0.5,0.75,0.21,0.73,0.72,0.5025736
0.16,0.49,0.71,0.23,0.72,0.7,0.5025737
0.18,0.5,0.75,0.27,0.72,0.71,0.5025737
0.18,0.47,0.75,0.27,0.74,0.72,0.5025738
0.16,0.4,0.72,0.22,0.74,0.71,0.5025739
0.17,0.46,0.7,0.24,0.76,0.7,0.5025739
0.16,0.47,0.71,0.2,0.74,0.7,0.5025741
0.16,0.46,0.74,0.26,0.76,0.71,0.5025742
0.16,0.45,0.73,0.21,0.72,0.7,0.5025743
0.17,0.41,0.7,0.24,0.74,0.7,0.5025743
0.16,0.46,0.72,0.27,0.72,0.71,0.5025744
0.17,0.43,0.74,0.24,0.75,0.72,0.5025744
0.18,0.47,0.73,0.28,0.73,0.71,0.5025744
0.16,0.42,0.74,0.21,0.75,0.72,0.5025745
0.16,0.46,0.74,0.27,0.72,0.7,0.5025745
0.17,0.47,0.75,0.29,0.76,0.72,0.5025745
0.17,0.46,0.73,0.24,0.72,0.7,0.5025746
0.17,0.48,0.74,0.29,0.72,0.7,0.5025747
0.18,0.45,0.74,0.25,0.73,0.72,0.5025747
0.16,0.49,0.74,0.28,0.75,0.71,0.5025748
0.17,0.45,0.71,0.26,0.73,0.72,0.5025748
0.18,0.46,0.74,0.21,0.74,0.72,0.5025748
0.18,0.49,0.75,0.21,0.73,0.72,0.5025748
0.16,0.48,0.73,0.26,0.76,0.71,0.5025749
0.16,0.49,0.72,0.28,0.73,0.71,0.5025749
0.16,0.44,0.73,0.24,0.72,0.72,0.502575
0.18,0.47,0.74,0.27,0.73,0.71,0.5025751
0.18,0.49,0.7,0.26,0.74,0.72,0.5025751
0.16,0.42,0.73,0.21,0.74,0.71,0.5025752
0.18,0.43,0.74,0.22,0.72,0.72,0.5025753
0.16,0.46,0.73,0.26,0.75,0.7,0.5025754
0.17,0.43,0.73,0.24,0.74,0.71,0.5025754
0.18,0.49,0.71,0.27,0.76,0.72,0.5025754
0.16,0.49,0.73,0.29,0.75,0.71,0.5025756
0.16,0.48,0.75,0.2,0.76,0.72,0.5025758
0.17,0.46,0.73,0.23,0.76,0.71,0.5025759
0.16,0.48,0.7,0.21,0.73,0.7,0.5025761
0.16,0.5,0.75,0.3,0.74,0.71,0.5025761
0.18,0.46,0.73,0.21,0.73,0.71,0.5025761
0.16,0.42,0.72,0.21,0.73,0.7,0.5025762
0.18,0.46,0.74,0.28,0.76,0.72,0.5025763
0.17,0.43,0.72,0.24,0.73,0.7,0.5025764
0.17,0.45,0.71,0.26,0.72,0.71,0.5025764
0.18,0.49,0.74,0.21,0.72,0.71,0.5025764
0.18,0.47,0.73,0.26,0.76,0.71,0.5025765
0.16,0.45,0.73,0.27,0.75,0.72,0.5025766
0.17,0.47,0.74,0.29,0.76,0.71,0.5025766
0.18,0.47,0.73,0.27,0.72,0.7,0.5025766
0.18,0.47,0.73,0.28,0.72,0.7,0.5025766
0.18,0.43,0.73,0.21,0.75,0.72,0.5025767
0.17,0.46,0.71,0.29,0.76,0.72,0.502577
0.17,0.46,0.72,0.23,0.75,0.7,0.5025773
0.16,0.45,0.73,0.2,0.76,0.71,0.5025775
0.16,0.47,0.73,0.25,0.75,0.7,0.5025775
0.18,0.44,0.7,0.25,0.73,0.72,0.5025775
0.18,0.46,0.72,0.21,0.72,0.7,0.5025776
0.18,0.43,0.72,0.21,0.74,0.71,0.5025777
0.18,0.5,0.73,0.2,0.73,0.72,0.5025779
0.17,0.43,0.72,0.23,0.72,0.72,0.502578
0.16,0.49,0.72,0.27,0.75,0.71,0.5025781
0.17,0.47,0.73,0.29,0.75,0.7,0.5025781
0.16,0.45,0.73,0.27,0.74,0.71,0.5025782
0.16,0.43,0.72,0.26,0.76,0.7,0.5025783
0.16,0.48,0.71,0.25,0.76,0.71,0.5025786
0.17,0.44,0.72,0.26,0.75,0.72,0.5025786
0.17,0.46,0.71,0.29,0.75,0.71,0.5025787
0.16,0.45,0.72,0.2,0.75,0.7,0.5025788
0.18,0.45,0.7,0.28,0.76,0.72,0.5025788
0.18,0.48,0.7,0.27,0.72,0.71,0.5025788
0.17,0.43,0.71,0.23,0.76,0.7,0.5025789
0.18,0.43,0.71,0.21,0.73,0.7,0.5025789
0.18,0.48,0.71,0.28,0.74,0.71,0.5025789
0.16,0.46,0.72,0.23,0.76,0.7,0.502579
0.18,0.44,0.7,0.25,0.72,0.71,0.502579
0.16,0.43,0.74,0.24,0.74,0.72,0.5025792
0.17,0.49,0.7,0.26,0.74,0.71,0.5025793
0.18,0.44,0.71,0.26,0.76,0.7,0.5025799
0.16,0.42,0.71,0.2,0.76,0.7,0.50258
0.17,0.49,0.71,0.27,0.72,0.72,0.50258
0.17,0.49,0.72,0.28,0.74,0.72,0.50258
0.18,0.4,0.72,0.21,0.76,0.72,0.5025801
0.16,0.45,0.73,0.27,0.73,0.7,0.5025802
0.16,0.48,0.72,0.26,0.74,0.7,0.5025802
0.17,0.44,0.72,0.26,0.74,0.71,0.5025803
0.18,0.5,0.75,0.25,0.74,0.72,0.5025803
0.16,0.48,0.73,0.3,0.73,0.7,0.5025804
0.17,0.49,0.73,0.29,0.76,0.72,0.5025805
0.16,0.47,0.75,0.25,0.73,0.71,0.5025806
0.16,0.49,0.73,0.28,0.73,0.7,0.5025806
0.17,0.46,0.71,0.29,0.74,0.7,0.5025806
0.18,0.45,0.7,0.28,0.75,0.71,0.5025806
0.16,0.5,0.71,0.26,0.74,0.72,0.5025807
0.16,0.5,0.7,0.25,0.72,0.72,0.5025808
0.18,0.4,0.71,0.21,0.75,0.71,0.5025808
0.16,0.47,0.71,0.24,0.75,0.7,0.5025811
0.17,0.47,0.75,0.22,0.74,0.72,0.5025812
0.17,0.44,0.75,0.23,0.72,0.72,0.5025813
0.18,0.43,0.71,0.25,0.75,0.72,0.5025814
0.18,0.46,0.72,0.2,0.76,0.71,0.5025814
0.18,0.48,0.75,0.25,0.74,0.72,0.5025815
0.18,0.49,0.74,0.23,0.75,0.72,0.5025815
0.16,0.44,0.75,0.25,0.75,0.72,0.5025816
0.18,0.42,0.71,0.22,0.72,0.72,0.5025817
0.16,0.47,0.74,0.25,0.72,0.7,0.5025818
0.18,0.4,0.7,0.21,0.74,0.7,0.5025818
0.18,0.5,0.75,0.3,0.73,0.72,0.502582
0.17,0.42,0.73,0.23,0.74,0.72,0.5025821
0.16,0.43,0.75,0.2,0.72,0.72,0.5025822
0.16,0.49,0.74,0.29,0.72,0.72,0.5025822
0.17,0.44,0.72,0.26,0.73,0.7,0.5025822
0.17,0.48,0.75,0.28,0.73,0.71,0.5025825
0.16,0.42,0.7,0.24,0.74,0.72,0.5025826
0.16,0.44,0.74,0.25,0.74,0.71,0.5025826
0.17,0.47,0.74,0.22,0.73,0.71,0.5025826
0.17,0.48,0.7,0.27,0.72,0.7,0.5025826
0.18,0.45,0.7,0.28,0.74,0.7,0.5025826
0.16,0.47,0.74,0.24,0.76,0.71,0.5025827
0.17,0.44,0.74,0.22,0.75,0.72,0.5025828
0.18,0.43,0.71,0.25,0.74,0.71,0.502583
0.18,0.48,0.74,0.25,0.73,0.71,0.502583
0.18,0.45,0.74,0.25,0.75,0.72,0.5025831
0.17,0.48,0.71,0.28,0.74,0.7,0.5025832
0.16,0.46,0.7,0.22,0.76,0.7,0.5025835
0.16,0.46,0.73,0.3,0.76,0.7,0.5025835
0.16,0.49,0.71,0.27,0.73,0.7,0.5025837
0.17,0.48,0.73,0.28,0.72,0.72,0.5025837
0.18,0.5,0.73,0.24,0.74,0.72,0.5025837
0.16,0.44,0.73,0.25,0.73,0.7,0.5025838
0.18,0.43,0.7,0.2,0.76,0.7,0.5025838
0.16,0.42,0.7,0.24,0.73,0.71,0.5025839
0.17,0.44,0.73,0.22,0.74,0.71,0.502584
0.17,0.48,0.74,0.28,0.72,0.7,0.502584
0.16,0.48,0.7,0.25,0.74,0.7,0.5025841
0.16,0.49,0.71,0.27,0.72,0.71,0.5025841
0.17,0.47,0.73,0.22,0.72,0.7,0.5025841
0.18,0.5,0.75,0.3,0.72,0.71,0.5025841
0.16,0.49,0.72,0.28,0.74,0.71,0.5025844
0.18,0.44,0.74,0.2,0.72,0.72,0.5025844
0.18,0.45,0.73,0.25,0.74,0.71,0.5025844
0.18,0.48,0.73,0.21,0.76,0.72,0.5025845
0.18,0.48,0.73,0.25,0.72,0.7,0.5025845
0.16,0.48,0.75,0.3,0.76,0.71,0.5025846
0.18,0.49,0.7,0.26,0.75,0.72,0.5025848
0.18,0.43,0.71,0.25,0.73,0.7,0.5025849
0.17,0.45,0.72,0.29,0.76,0.7,0.5025851
0.16,0.48,0.75,0.29,0.74,0.72,0.5025853
0.17,0.44,0.72,0.22,0.73,0.7,0.5025853
0.16,0.42,0.7,0.24,0.72,0.7,0.5025854
0.16,0.43,0.7,0.27,0.76,0.71,0.5025856
0.17,0.41,0.73,0.22,0.76,0.72,0.5025857
0.18,0.41,0.72,0.22,0.74,0.72,0.5025857
0.16,0.4,0.74,0.2,0.73,0.72,0.5025859
0.16,0.44,0.72,0.24,0.76,0.7,0.5025859
0.18,0.45,0.72,0.25,0.73,0.7,0.5025859
0.18,0.47,0.72,0.27,0.72,0.72,0.5025859
0.18,0.49,0.72,0.22,0.75,0.72,0.502586
0.18,0.5,0.74,0.25,0.72,0.71,0.502586
0.16,0.49,0.73,0.29,0.72,0.72,0.5025863
0.16,0.49,0.74,0.3,0.74,0.72,0.5025864
0.16,0.4,0.73,0.2,0.72,0.71,0.5025865
0.17,0.41,0.72,0.22,0.75,0.71,0.5025866
0.16,0.41,0.71,0.24,0.76,0.72,0.5025869
0.17,0.47,0.74,0.28,0.74,0.72,0.502587
0.18,0.49,0.73,0.23,0.73,0.71,0.502587
0.17,0.45,0.72,0.27,0.76,0.7,0.5025871
0.18,0.44,0.71,0.28,0.76,0.7,0.5025871
0.16,0.4,0.71,0.21,0.73,0.72,0.5025873
0.16,0.43,0.7,0.27,0.75,0.7,0.5025873
0.16,0.48,0.75,0.29,0.73,0.71,0.5025874
0.17,0.41,0.71,0.22,0.74,0.7,0.5025878
0.18,0.41,0.73,0.2,0.73,0.72,0.5025878
0.18,0.48,0.7,0.27,0.73,0.71,0.5025882
0.18,0.5,0.71,0.23,0.74,0.72,0.5025883
0.16,0.41,0.71,0.24,0.75,0.71,0.5025884
0.18,0.45,0.71,0.24,0.76,0.7,0.5025884
0.18,0.48,0.71,0.28,0.75,0.71,0.5025884
0.16,0.4,0.71,0.21,0.72,0.71,0.5025886
0.18,0.41,0.72,0.2,0.72,0.71,0.5025886
0.17,0.5,0.75,0.23,0.74,0.72,0.5025888
0.16,0.48,0.72,0.29,0.72,0.7,0.502589
0.17,0.47,0.74,0.28,0.73,0.71,0.5025891
0.18,0.46,0.73,0.27,0.74,0.72,0.5025891
0.17,0.44,0.71,0.21,0.76,0.7,0.5025892
0.17,0.49,0.71,0.27,0.73,0.72,0.5025892
0.16,0.47,0.73,0.29,0.76,0.7,0.5025893
0.16,0.48,0.75,0.23,0.73,0.71,0.5025893
0.17,0.49,0.72,0.28,0.75,0.72,0.5025893
0.16,0.45,0.75,0.23,0.75,0.72,0.5025894
0.17,0.45,0.75,0.25,0.73,0.72,0.5025895
0.18,0.48,0.71,0.2,0.76,0.72,0.5025895
0.18,0.5,0.72,0.24,0.72,0.71,0.5025895
0.17,0.4,0.7,0.23,0.76,0.72,0.5025897
0.17,0.49,0.75,0.26,0.73,0.71,0.5025897
0.18,0.48,0.72,0.21,0.74,0.71,0.5025897
0.16,0.48,0.73,0.3,0.74,0.7,0.5025898
0.17,0.45,0.75,0.21,0.72,0.72,0.5025898
0.16,0.41,0.71,0.24,0.74,0.7,0.5025899
0.18,0.49,0.74,0.27,0.76,0.72,0.5025899
0.16,0.45,0.72,0.26,0.73,0.72,0.50259
0.17,0.46,0.75,0.26,0.75,0.72,0.50259
0.18,0.46,0.75,0.24,0.72,0.72,0.50259
0.17,0.46,0.7,0.28,0.74,0.72,0.5025902
0.18,0.5,0.75,0.29,0.75,0.72,0.5025904
0.16,0.5,0.7,0.25,0.73,0.72,0.5025905
0.16,0.5,0.71,0.26,0.75,0.72,0.5025905
0.16,0.45,0.74,0.23,0.74,0.71,0.5025907
0.18,0.49,0.75,0.23,0.74,0.72,0.5025908
0.16,0.48,0.74,0.23,0.72,0.7,0.5025909
0.17,0.4,0.7,0.23,0.75,0.71,0.5025912
0.18,0.46,0.73,0.27,0.73,0.71,0.5025912
0.17,0.49,0.74,0.21,0.75,0.72,0.5025913
0.17,0.46,0.74,0.26,0.74,0.71,0.5025914
0.18,0.49,0.7,0.21,0.75,0.72,0.5025914
0.18,0.49,0.71,0.22,0.73,0.71,0.5025914
0.16,0.45,0.72,0.26,0.72,0.71,0.5025917
0.18,0.46,0.74,0.23,0.75,0.72,0.5025917
0.16,0.49,0.75,0.29,0.72,0.7,0.5025918
0.16,0.47,0.71,0.28,0.76,0.7,0.5025919
0.17,0.46,0.7,0.28,0.73,0.71,0.5025919
0.16,0.45,0.73,0.23,0.73,0.7,0.502592
0.16,0.46,0.72,0.29,0.76,0.72,0.502592
0.16,0.42,0.74,0.23,0.76,0.72,0.5025922
0.17,0.48,0.7,0.27,0.73,0.7,0.5025923
0.18,0.44,0.74,0.24,0.73,0.72,0.5025923
0.17,0.44,0.71,0.25,0.73,0.72,0.5025924
0.17,0.48,0.75,0.2,0.74,0.72,0.5025924
0.17,0.4,0.7,0.23,0.74,0.7,0.5025928
0.17,0.46,0.73,0.26,0.73,0.7,0.5025928
0.17,0.42,0.74,0.21,0.73,0.72,0.5025929
0.17,0.45,0.74,0.2,0.75,0.72,0.502593
0.16,0.43,0.73,0.23,0.72,0.72,0.5025931
0.17,0.5,0.73,0.22,0.74,0.72,0.5025931
0.18,0.46,0.73,0.23,0.74,0.71,0.5025932
0.18,0.47,0.71,0.29,0.73,0.7,0.5025932
0.18,0.5,0.73,0.28,0.75,0.72,0.5025932
0.16,0.42,0.73,0.23,0.75,0.71,0.5025933
0.16,0.49,0.71,0.27,0.73,0.71,0.5025935
0.18,0.47,0.73,0.3,0.76,0.71,0.5025935
0.18,0.49,0.72,0.26,0.76,0.72,0.5025936
0.16,0.46,0.72,0.29,0.75,0.71,0.5025937
0.17,0.42,0.73,0.21,0.72,0.71,0.5025937
0.16,0.44,0.73,0.26,0.75,0.72,0.5025938
0.17,0.45,0.71,0.28,0.76,0.72,0.5025938
0.17,0.46,0.7,0.28,0.72,0.7,0.5025938
0.16,0.49,0.72,0.28,0.75,0.71,0.5025939
0.17,0.44,0.71,0.25,0.72,0.71,0.502594
0.17,0.48,0.72,0.29,0.73,0.71,0.502594
0.18,0.43,0.73,0.23,0.76,0.72,0.502594
0.18,0.5,0.7,0.23,0.72,0.71,0.502594
0.17,0.48,0.74,0.2,0.73,0.71,0.5025941
0.18,0.47,0.72,0.3,0.75,0.7,0.5025942
0.16,0.42,0.72,0.23,0.74,0.7,0.5025943
0.17,0.45,0.73,0.2,0.74,0.71,0.5025943
0.17,0.5,0.74,0.23,0.72,0.71,0.5025944
0.18,0.49,0.7,0.26,0.76,0.72,0.5025944
0.16,0.46,0.73,0.28,0.76,0.7,0.5025946
0.17,0.48,0.73,0.3,0.75,0.71,0.5025946
0.18,0.46,0.72,0.23,0.73,0.7,0.5025947
0.18,0.48,0.7,0.2,0.74,0.71,0.5025947
0.17,0.46,0.72,0.25,0.76,0.7,0.502595
0.16,0.49,0.73,0.29,0.73,0.72,0.5025952
0.18,0.48,0.71,0.21,0.72,0.7,0.5025952
0.17,0.42,0.73,0.2,0.76,0.72,0.5025953
0.18,0.43,0.72,0.23,0.75,0.71,0.5025953
0.16,0.49,0.74,0.3,0.75,0.72,0.5025954
0.16,0.44,0.73,0.26,0.74,0.71,0.5025955
0.16,0.45,0.72,0.22,0.76,0.7,0.5025955
0.18,0.43,0.7,0.24,0.73,0.72,0.5025955
0.17,0.45,0.71,0.28,0.75,0.71,0.5025956
0.16,0.46,0.72,0.29,0.74,0.7,0.5025957
0.17,0.45,0.72,0.2,0.73,0.7,0.5025958
0.18,0.49,0.73,0.27,0.74,0.71,0.5025958
0.18,0.44,0.7,0.27,0.76,0.72,0.5025959
0.17,0.43,0.72,0.25,0.75,0.72,0.5025961
0.17,0.42,0.72,0.2,0.75,0.71,0.5025964
0.17,0.49,0.72,0.2,0.75,0.72,0.5025964
0.18,0.48,0.72,0.25,0.75,0.71,0.5025964
0.18,0.5,0.74,0.29,0.73,0.71,0.5025965
0.17,0.42,0.72,0.22,0.72,0.72,0.5025966
0.18,0.43,0.71,0.23,0.74,0.7,0.5025967
0.17,0.49,0.73,0.21,0.73,0.71,0.5025968
0.18,0.43,0.7,0.24,0.72,0.71,0.5025972
0.16,0.42,0.74,0.23,0.74,0.72,0.5025973
0.17,0.5,0.75,0.27,0.75,0.72,0.5025973
0.17,0.42,0.71,0.2,0.74,0.7,0.5025974
0.16,0.44,0.73,0.26,0.73,0.7,0.5025975
0.17,0.45,0.71,0.28,0.74,0.7,0.5025976
0.18,0.48,0.7,0.27,0.74,0.71,0.5025976
0.17,0.43,0.72,0.25,0.74,0.71,0.5025978
0.17,0.49,0.74,0.25,0.76,0.72,0.5025978
0.18,0.44,0.7,0.27,0.75,0.71,0.5025978
0.18,0.49,0.7,0.25,0.76,0.72,0.5025981
0.17,0.47,0.75,0.24,0.75,0.72,0.5025982
0.18,0.49,0.75,0.29,0.73,0.72,0.5025982
0.16,0.48,0.72,0.29,0.73,0.7,0.5025983
0.18,0.47,0.71,0.23,0.76,0.71,0.5025983
0.17,0.49,0.71,0.27,0.74,0.72,0.5025985
0.17,0.5,0.71,0.21,0.74,0.72,0.5025986
0.16,0.43,0.75,0.22,0.73,0.72,0.5025987
0.16,0.48,0.74,0.28,0.72,0.72,0.5025987
0.18,0.4,0.71,0.23,0.76,0.71,0.5025987
0.16,0.47,0.75,0.27,0.74,0.71,0.5025988
0.16,0.5,0.75,0.21,0.74,0.72,0.5025988
0.17,0.49,0.7,0.26,0.72,0.72,0.5025989
0.17,0.49,0.72,0.28,0.76,0.72,0.5025989
0.17,0.5,0.72,0.22,0.72,0.71,0.5025989
0.18,0.47,0.75,0.22,0.72,0.72,0.5025989
0.18,0.48,0.75,0.27,0.75,0.72,0.5025989
0.16,0.46,0.75,0.21,0.75,0.72,0.502599
0.18,0.48,0.72,0.29,0.74,0.72,0.5025991
0.18,0.42,0.71,0.24,0.75,0.72,0.5025993
0.18,0.48,0.71,0.28,0.72,0.72,0.5025994
0.18,0.48,0.73,0.3,0.76,0.72,0.5025994
0.18,0.49,0.71,0.26,0.74,0.71,0.5025994
0.17,0.47,0.74,0.24,0.74,0.71,0.5025997
0.18,0.47,0.72,0.24,0.74,0.7,0.5025997
0.16,0.43,0.74,0.22,0.72,0.71,0.5025998
0.17,0.43,0.72,0.25,0.73,0.7,0.5025998
0.18,0.44,0.7,0.27,0.74,0.7,0.5025998
0.18,0.4,0.7,0.23,0.75,0.7,0.5025999
0.17,0.44,0.74,0.24,0.76,0.72,0.5026002
0.16,0.47,0.74,0.27,0.73,0.7,0.5026003
0.16,0.49,0.75,0.21,0.73,0.71,0.5026003
0.16,0.5,0.7,0.25,0.74,0.72,0.5026003
0.16,0.46,0.74,0.21,0.74,0.71,0.5026004
0.17,0.47,0.73,0.27,0.72,0.72,0.5026005
0.18,0.49,0.75,0.29,0.72,0.71,0.5026005
0.18,0.44,0.74,0.22,0.73,0.72,0.5026006
0.18,0.48,0.74,0.27,0.74,0.71,0.5026006
0.17,0.41,0.73,0.22,0.74,0.72,0.5026007
0.18,0.48,0.7,0.24,0.75,0.71,0.5026007
0.17,0.5,0.73,0.26,0.75,0.72,0.5026008
0.16,0.43,0.74,0.21,0.76,0.72,0.5026009
0.16,0.41,0.7,0.23,0.74,0.72,0.502601
0.17,0.48,0.73,0.2,0.72,0.7,0.502601
0.18,0.41,0.71,0.21,0.72,0.72,0.502601
0.18,0.42,0.71,0.24,0.74,0.71,0.5026011
0.17,0.47,0.73,0.24,0.73,0.7,0.5026013
0.18,0.45,0.74,0.27,0.76,0.72,0.5026015
0.17,0.44,0.73,0.24,0.75,0.71,0.5026016
0.16,0.46,0.73,0.21,0.73,0.7,0.5026019
0.16,0.47,0.75,0.28,0.74,0.72,0.5026019
0.17,0.49,0.71,0.2,0.73,0.71,0.5026019
0.17,0.48,0.7,0.27,0.74,0.7,0.502602
0.18,0.49,0.72,0.27,0.72,0.7,0.502602
0.16,0.43,0.73,0.21,0.75,0.71,0.5026021
0.18,0.44,0.73,0.22,0.72,0.71,0.5026021
0.18,0.47,0.74,0.21,0.75,0.72,0.5026021
0.17,0.49,0.72,0.24,0.76,0.72,0.5026022
0.18,0.46,0.71,0.22,0.75,0.7,0.5026022
0.18,0.47,0.7,0.28,0.72,0.7,0.5026023
0.18,0.48,0.71,0.25,0.73,0.7,0.5026023
0.16,0.41,0.7,0.23,0.73,0.71,0.5026024
0.18,0.48,0.73,0.27,0.73,0.7,0.5026024
0.18,0.47,0.71,0.29,0.74,0.7,0.5026025
0.18,0.42,0.71,0.24,0.73,0.7,0.5026029
0.18,0.45,0.73,0.27,0.75,0.71,0.5026029
0.18,0.46,0.72,0.26,0.72,0.72,0.5026029
0.17,0.48,0.71,0.28,0.72,0.71,0.502603
0.16,0.49,0.7,0.26,0.72,0.71,0.5026031
0.17,0.44,0.72,0.24,0.74,0.7,0.5026031
0.17,0.48,0.72,0.29,0.74,0.71,0.5026031
0.17,0.5,0.74,0.27,0.73,0.71,0.5026031
0.16,0.49,0.71,0.27,0.74,0.71,0.5026032
0.16,0.42,0.7,0.26,0.76,0.71,0.5026033
0.16,0.43,0.72,0.21,0.74,0.7,0.5026034
0.18,0.44,0.73,0.21,0.76,0.72,0.5026034
0.17,0.47,0.73,0.22,0.76,0.71,0.5026035
0.17,0.49,0.73,0.25,0.74,0.71,0.5026037
0.16,0.5,0.73,0.2,0.74,0.72,0.5026038
0.17,0.46,0.74,0.27,0.74,0.72,0.5026038
0.18,0.47,0.73,0.21,0.74,0.71,0.5026038
0.16,0.41,0.7,0.23,0.72,0.7,0.5026039
0.17,0.48,0.73,0.3,0.76,0.71,0.5026039
0.18,0.47,0.7,0.23,0.74,0.7,0.5026039
0.16,0.47,0.75,0.28,0.73,0.71,0.502604
0.18,0.47,0.72,0.29,0.75,0.72,0.502604
0.16,0.49,0.73,0.29,0.74,0.72,0.5026042
0.17,0.48,0.73,0.3,0.74,0.71,0.5026043
0.17,0.5,0.7,0.21,0.72,0.71,0.5026043
0.16,0.5,0.74,0.21,0.72,0.71,0.5026044
0.16,0.49,0.74,0.3,0.76,0.72,0.5026045
0.18,0.45,0.72,0.27,0.74,0.7,0.5026045
0.16,0.49,0.72,0.28,0.72,0.72,0.5026046
0.18,0.44,0.72,0.21,0.75,0.71,0.5026048
0.16,0.42,0.7,0.26,0.75,0.7,0.502605
0.17,0.41,0.72,0.24,0.76,0.71,0.5026051
0.18,0.4,0.72,0.21,0.74,0.72,0.5026051
0.16,0.46,0.71,0.28,0.74,0.72,0.5026052
0.17,0.48,0.72,0.23,0.75,0.71,0.5026052
0.17,0.5,0.71,0.25,0.75,0.72,0.5026052
0.16,0.4,0.71,0.23,0.76,0.72,0.5026053
0.16,0.4,0.72,0.21,0.76,0.71,0.5026053
0.16,0.5,0.75,0.25,0.75,0.72,0.5026054
0.18,0.41,0.72,0.22,0.73,0.71,0.5026054
0.18,0.49,0.7,0.26,0.72,0.7,0.5026056
0.18,0.47,0.72,0.21,0.73,0.7,0.5026057
0.17,0.46,0.74,0.27,0.73,0.71,0.502606
0.18,0.45,0.7,0.2,0.76,0.7,0.502606
0.18,0.47,0.72,0.29,0.74,0.71,0.5026061
0.17,0.49,0.74,0.26,0.72,0.7,0.5026062
0.17,0.41,0.71,0.24,0.75,0.7,0.5026063
0.18,0.45,0.73,0.26,0.74,0.72,0.5026063
0.16,0.4,0.71,0.21,0.75,0.7,0.5026064
0.18,0.44,0.71,0.21,0.74,0.7,0.5026064
0.16,0.48,0.75,0.25,0.74,0.71,0.5026066
0.17,0.48,0.73,0.3,0.73,0.7,0.5026066
0.18,0.41,0.71,0.22,0.72,0.7,0.5026066
0.16,0.4,0.71,0.23,0.75,0.71,0.5026068
0.17,0.5,0.72,0.26,0.73,0.71,0.5026068
0.17,0.48,0.73,0.24,0.73,0.7,0.5026069
0.16,0.46,0.71,0.28,0.73,0.71,0.502607
0.16,0.49,0.74,0.23,0.76,0.72,0.502607
0.17,0.45,0.75,0.23,0.73,0.72,0.502607
0.18,0.48,0.7,0.27,0.75,0.71,0.5026071
0.18,0.48,0.72,0.29,0.76,0.71,0.5026071
0.16,0.45,0.75,0.25,0.76,0.72,0.5026072
0.16,0.48,0.71,0.28,0.72,0.7,0.5026073
0.17,0.45,0.7,0.27,0.74,0.72,0.5026073
0.18,0.41,0.71,0.21,0.76,0.71,0.5026074
0.18,0.49,0.75,0.25,0.75,0.72,0.5026074
0.16,0.44,0.72,0.25,0.73,0.72,0.5026076
0.17,0.49,0.7,0.23,0.76,0.72,0.5026076
0.16,0.48,0.72,0.29,0.74,0.7,0.5026077
0.17,0.49,0.75,0.28,0.74,0.71,0.5026078
0.17,0.48,0.75,0.22,0.75,0.72,0.5026079
0.17,0.49,0.71,0.24,0.74,0.71,0.502608
0.17,0.49,0.71,0.27,0.75,0.72,0.502608
0.18,0.48,0.72,0.29,0.75,0.72,0.502608
0.16,0.44,0.75,0.2,0.73,0.72,0.5026081
0.17,0.47,0.74,0.3,0.76,0.71,0.5026082
0.16,0.48,0.74,0.25,0.73,0.7,0.5026083
0.17,0.49,0.7,0.26,0.73,0.72,0.5026083
0.18,0.48,0.71,0.28,0.73,0.72,0.5026083
0.17,0.45,0.74,0.23,0.72,0.71,0.5026084
0.18,0.47,0.72,0.29,0.73,0.7,0.5026084
0.16,0.4,0.71,0.23,0.74,0.7,0.5026085
0.17,0.47,0.71,0.21,0.76,0.71,0.5026085
0.18,0.45,0.73,0.26,0.73,0.71,0.5026085
0.16,0.45,0.74,0.25,0.75,0.71,0.5026086
0.17,0.46,0.75,0.28,0.76,0.72,0.5026086
0.18,0.41,0.7,0.21,0.75,0.7,0.5026086
0.16,0.49,0.75,0.24,0.74,0.71,0.5026087
0.16,0.45,0.72,0.28,0.76,0.72,0.5026088
0.16,0.46,0.71,0.28,0.72,0.7,0.5026089
0.17,0.47,0.72,0.22,0.74,0.7,0.5026089
0.17,0.45,0.7,0.27,0.73,0.71,0.502609
0.18,0.46,0.74,0.25,0.76,0.72,0.502609
0.17,0.45,0.74,0.22,0.76,0.72,0.5026092
0.16,0.44,0.72,0.25,0.72,0.71,0.5026093
0.16,0.44,0.74,0.2,0.72,0.71,0.5026093
0.16,0.5,0.72,0.2,0.72,0.71,0.5026095
0.18,0.48,0.75,0.2,0.72,0.72,0.5026095
0.16,0.5,0.73,0.24,0.75,0.72,0.5026096
0.18,0.46,0.74,0.26,0.72,0.71,0.5026096
0.17,0.48,0.74,0.22,0.74,0.71,0.5026097
0.17,0.49,0.72,0.25,0.72,0.7,0.5026098
0.18,0.47,0.72,0.28,0.75,0.7,0.5026098
0.16,0.45,0.73,0.25,0.74,0.7,0.50261
0.17,0.46,0.74,0.28,0.75,0.71,0.5026101
0.18,0.46,0.71,0.26,0.76,0.7,0.5026102
0.18,0.46,0.73,0.29,0.76,0.71,0.5026102
0.16,0.5,0.7,0.25,0.75,0.72,0.5026103
0.17,0.43,0.71,0.24,0.73,0.72,0.5026104
0.17,0.48,0.7,0.22,0.75,0.71,0.5026104
0.18,0.45,0.74,0.2,0.73,0.72,0.5026104
0.16,0.48,0.74,0.22,0.75,0.71,0.5026105
0.18,0.48,0.73,0.3,0.74,0.7,0.5026105
0.18,0.46,0.73,0.25,0.75,0.71,0.5026106
0.16,0.45,0.72,0.28,0.75,0.71,0.5026107
0.17,0.45,0.73,0.22,0.75,0.71,0.5026108
0.17,0.44,0.71,0.27,0.76,0.72,0.5026109
0.17,0.45,0.7,0.27,0.72,0.7,0.5026109
0.17,0.48,0.74,0.28,0.76,0.71,0.5026109
0.17,0.48,0.71,0.23,0.73,0.7,0.502611
0.17,0.5,0.7,0.25,0.73,0.71,0.5026111
0.16,0.5,0.74,0.25,0.73,0.71,0.5026113
0.17,0.42,0.73,0.23,0.73,0.71,0.5026113
0.16,0.43,0.73,0.25,0.75,0.72,0.5026114
0.18,0.47,0.7,0.28,0.73,0.7,0.5026115
0.16,0.41,0.74,0.2,0.74,0.72,0.5026116
0.17,0.46,0.73,0.28,0.74,0.7,0.5026118
0.18,0.45,0.73,0.2,0.72,0.71,0.5026118
0.16,0.42,0.73,0.22,0.72,0.72,0.5026119
0.18,0.47,0.71,0.29,0.75,0.7,0.502612
0.16,0.42,0.73,0.25,0.76,0.71,0.5026121
0.16,0.49,0.72,0.22,0.76,0.72,0.5026121
0.17,0.43,0.71,0.24,0.72,0.71,0.5026121
0.17,0.48,0.71,0.28,0.73,0.71,0.5026121
0.17,0.45,0.72,0.22,0.74,0.7,0.5026124
0.17,0.48,0.72,0.29,0.75,0.71,0.5026124
0.18,0.46,0.72,0.25,0.74,0.7,0.5026124
0.16,0.41,0.73,0.2,0.73,0.71,0.5026126
0.16,0.49,0.73,0.23,0.74,0.71,0.5026126
0.17,0.42,0.72,0.23,0.72,0.7,0.5026126
0.17,0.46,0.71,0.2,0.75,0.7,0.5026126
0.16,0.45,0.72,0.28,0.74,0.7,0.5026127
0.16,0.49,0.7,0.26,0.73,0.71,0.5026128
0.16,0.49,0.71,0.27,0.75,0.71,0.5026128
0.17,0.44,0.71,0.27,0.75,0.71,0.5026128
0.18,0.47,0.7,0.27,0.75,0.7,0.5026128
0.16,0.43,0.73,0.25,0.74,0.71,0.5026132
0.17,0.42,0.72,0.22,0.76,0.71,0.5026132
0.18,0.43,0.72,0.25,0.76,0.71,0.5026132
0.16,0.49,0.73,0.29,0.75,0.72,0.5026133
0.16,0.42,0.72,0.25,0.75,0.7,0.5026134
0.18,0.42,0.73,0.2,0.74,0.72,0.5026134
0.18,0.43,0.7,0.26,0.76,0.72,0.5026135
0.16,0.41,0.72,0.2,0.72,0.7,0.5026136
0.16,0.49,0.72,0.28,0.73,0.72,0.5026136
0.17,0.49,0.7,0.24,0.72,0.7,0.5026139
0.18,0.42,0.7,0.23,0.73,0.72,0.5026139
0.17,0.47,0.7,0.21,0.74,0.7,0.502614
0.16,0.47,0.73,0.2,0.76,0.71,0.5026141
0.17,0.48,0.72,0.27,0.76,0.71,0.5026141
0.17,0.42,0.72,0.24,0.75,0.72,0.5026142
0.17,0.49,0.73,0.29,0.75,0.71,0.5026143
0.16,0.49,0.74,0.24,0.72,0.7,0.5026146
0.17,0.42,0.71,0.22,0.75,0.7,0.5026146
0.18,0.42,0.72,0.2,0.73,0.71,0.5026146
0.18,0.43,0.71,0.25,0.75,0.7,0.5026147
0.18,0.48,0.75,0.28,0.73,0.72,0.5026147
0.16,0.5,0.71,0.23,0.75,0.72,0.5026149
0.17,0.44,0.71,0.27,0.74,0.7,0.5026149
0.16,0.46,0.75,0.24,0.72,0.71,0.5026153
0.18,0.43,0.7,0.26,0.75,0.71,0.5026153
0.16,0.5,0.72,0.24,0.73,0.71,0.5026154
0.16,0.47,0.74,0.27,0.72,0.72,0.5026155
0.16,0.48,0.72,0.21,0.75,0.71,0.5026155
0.16,0.5,0.75,0.29,0.76,0.72,0.5026155
0.17,0.47,0.75,0.26,0.76,0.72,0.5026155
0.16,0.46,0.75,0.23,0.76,0.72,0.5026157
0.18,0.42,0.7,0.23,0.72,0.71,0.5026157
0.18,0.47,0.75,0.24,0.73,0.72,0.5026158
0.18,0.42,0.71,0.2,0.72,0.7,0.5026159
0.17,0.42,0.72,0.24,0.74,0.71,0.502616
0.16,0.41,0.74,0.22,0.74,0.72,0.5026161
0.17,0.41,0.72,0.21,0.72,0.72,0.5026161
0.16,0.48,0.73,0.22,0.73,0.7,0.5026162
0.17,0.46,0.75,0.21,0.73,0.72,0.5026163
0.17,0.47,0.75,0.27,0.72,0.71,0.5026166
0.16,0.48,0.71,0.28,0.73,0.7,0.5026167
0.16,0.48,0.74,0.3,0.75,0.72,0.5026168
0.17,0.47,0.72,0.26,0.75,0.7,0.502617
0.17,0.48,0.73,0.28,0.74,0.7,0.502617
0.17,0.47,0.74,0.26,0.75,0.71,0.5026171
0.16,0.46,0.74,0.23,0.75,0.71,0.5026172
0.18,0.48,0.71,0.28,0.74,0.72,0.5026172
0.18,0.48,0.72,0.29,0.76,0.72,0.5026172
0.18,0.48,0.75,0.29,0.76,0.72,0.5026172
0.18,0.43,0.7,0.26,0.74,0.7,0.5026175
0.16,0.47,0.75,0.29,0.75,0.71,0.5026176
0.17,0.49,0.71,0.27,0.76,0.72,0.5026176
0.18,0.41,0.71,0.23,0.75,0.72,0.5026176
0.18,0.47,0.74,0.24,0.72,0.71,0.5026176
0.17,0.46,0.73,0.26,0.72,0.72,0.5026177
0.16,0.49,0.71,0.22,0.74,0.71,0.5026178
0.17,0.48,0.72,0.29,0.72,0.71,0.5026178
0.17,0.49,0.7,0.26,0.74,0.72,0.5026178
0.18,0.47,0.71,0.28,0.73,0.72,0.5026178
0.16,0.43,0.74,0.24,0.73,0.71,0.5026179
0.17,0.46,0.74,0.21,0.72,0.71,0.5026179
0.17,0.49,0.74,0.3,0.73,0.7,0.5026179
0.18,0.48,0.7,0.27,0.72,0.72,0.5026179
0.16,0.49,0.7,0.21,0.76,0.72,0.502618
0.18,0.44,0.74,0.24,0.74,0.72,0.502618
0.18,0.47,0.74,0.23,0.76,0.72,0.5026181
0.16,0.49,0.75,0.28,0.75,0.71,0.5026182
0.17,0.48,0.7,0.26,0.76,0.71,0.5026182
0.16,0.48,0.74,0.26,0.76,0.71,0.5026185
0.16,0.49,0.72,0.23,0.72,0.7,0.5026185
0.17,0.46,0.71,0.24,0.76,0.7,0.5026185
0.17,0.47,0.73,0.29,0.75,0.72,0.5026186
0.17,0.43,0.74,0.21,0.74,0.72,0.5026187
0.16,0.46,0.73,0.23,0.74,0.7,0.5026188
0.16,0.46,0.75,0.27,0.74,0.72,0.5026188
0.17,0.47,0.73,0.26,0.74,0.7,0.5026189
0.16,0.48,0.74,0.3,0.74,0.71,0.502619
0.16,0.5,0.73,0.28,0.76,0.72,0.502619
0.18,0.48,0.74,0.29,0.75,0.71,0.502619
0.16,0.47,0.74,0.29,0.74,0.7,0.5026193
0.16,0.43,0.73,0.24,0.72,0.7,0.5026194
0.16,0.46,0.7,0.27,0.72,0.72,0.5026194
0.18,0.41,0.71,0.23,0.74,0.71,0.5026195
0.16,0.43,0.73,0.23,0.76,0.71,0.5026196
0.16,0.47,0.72,0.2,0.74,0.7,0.5026196
0.18,0.44,0.73,0.24,0.73,0.71,0.5026196
0.18,0.47,0.73,0.23,0.75,0.71,0.5026198
0.16,0.4,0.7,0.22,0.74,0.72,0.5026199
0.17,0.43,0.73,0.21,0.73,0.71,0.50262
0.17,0.44,0.73,0.26,0.76,0.71,0.50262
0.18,0.47,0.71,0.28,0.72,0.71,0.50262
0.17,0.4,0.73,0.21,0.74,0.72,0.5026201
0.17,0.48,0.71,0.27,0.74,0.7,0.5026201
0.18,0.45,0.72,0.25,0.72,0.72,0.5026203
0.17,0.46,0.74,0.2,0.76,0.72,0.5026204
0.18,0.46,0.72,0.28,0.75,0.72,0.5026208
0.16,0.5,0.7,0.23,0.73,0.71,0.5026209
0.17,0.47,0.73,0.29,0.74,0.71,0.5026209
0.18,0.47,0.7,0.28,0.74,0.7,0.5026209
0.17,0.45,0.74,0.26,0.74,0.72,0.502621
0.17,0.47,0.7,0.25,0.75,0.7,0.502621
0.16,0.46,0.75,0.27,0.73,0.71,0.5026211
0.18,0.4,0.71,0.2,0.72,0.72,0.5026211
0.16,0.43,0.72,0.23,0.75,0.7,0.5026212
0.16,0.4,0.7,0.22,0.73,0.71,0.5026213
0.16,0.48,0.71,0.21,0.73,0.7,0.5026213
0.18,0.44,0.72,0.24,0.72,0.7,0.5026213
0.16,0.41,0.7,0.25,0.76,0.71,0.5026214
0.16,0.48,0.74,0.3,0.73,0.7,0.5026214
0.17,0.48,0.71,0.28,0.74,0.71,0.5026214
0.16,0.48,0.7,0.2,0.75,0.71,0.5026215
0.16,0.49,0.73,0.27,0.75,0.71,0.5026215
0.17,0.43,0.72,0.21,0.72,0.7,0.5026216
0.17,0.44,0.72,0.26,0.75,0.7,0.5026216
0.16,0.5,0.74,0.29,0.74,0.71,0.5026217
0.17,0.48,0.7,0.27,0.72,0.71,0.5026218
0.17,0.48,0.72,0.29,0.76,0.71,0.5026218
0.18,0.44,0.72,0.23,0.76,0.71,0.5026218
0.17,0.46,0.73,0.2,0.75,0.71,0.5026222
0.16,0.48,0.72,0.25,0.76,0.71,0.5026224
0.18,0.5,0.74,0.2,0.73,0.72,0.5026224
0.16,0.45,0.71,0.27,0.74,0.72,0.5026225
0.16,0.49,0.7,0.26,0.74,0.71,0.5026226
0.16,0.49,0.72,0.28,0.74,0.72,0.5026226
0.16,0.49,0.73,0.29,0.76,0.72,0.5026226
0.17,0.4,0.73,0.21,0.75,0.72,0.5026226
0.16,0.4,0.7,0.22,0.72,0.7,0.502623
0.18,0.46,0.72,0.28,0.74,0.71,0.502623
0.16,0.41,0.7,0.25,0.75,0.7,0.5026231
0.16,0.49,0.71,0.27,0.72,0.72,0.5026232
0.17,0.47,0.73,0.29,0.73,0.7,0.5026232
0.17,0.45,0.74,0.26,0.73,0.71,0.5026233
0.17,0.43,0.72,0.2,0.76,0.71,0.5026235
0.18,0.44,0.71,0.23,0.75,0.7,0.5026235
0.16,0.49,0.7,0.22,0.72,0.7,0.5026237
0.17,0.4,0.72,0.21,0.74,0.71,0.5026238
0.18,0.44,0.73,0.25,0.74,0.72,0.5026239
0.17,0.46,0.72,0.2,0.74,0.7,0.5026241
0.17,0.48,0.75,0.24,0.76,0.72,0.5026241
0.16,0.48,0.75,0.27,0.75,0.71,0.5026242
0.17,0.48,0.75,0.25,0.72,0.71,0.5026242
0.16,0.45,0.71,0.27,0.73,0.71,0.5026243
0.16,0.47,0.75,0.22,0.72,0.71,0.5026244
0.16,0.44,0.75,0.22,0.74,0.72,0.5026245
0.16,0.48,0.73,0.26,0.74,0.7,0.5026245
0.16,0.49,0.74,0.28,0.73,0.7,0.5026245
0.17,0.45,0.75,0.25,0.74,0.72,0.5026245
0.16,0.4,0.71,0.23,0.76,0.7,0.5026247
0.17,0.44,0.7,0.26,0.74,0.72,0.5026249
0.17,0.4,0.71,0.21,0.73,0.7,0.502625
0.17,0.43,0.71,0.2,0.75,0.7,0.5026252
0.18,0.48,0.75,0.22,0.73,0.72,0.5026253
0.16,0.5,0.75,0.3,0.72,0.7,0.5026254
0.18,0.46,0.72,0.28,0.73,0.7,0.5026254
0.16,0.43,0.72,0.24,0.73,0.72,0.5026255
0.16,0.47,0.72,0.24,0.75,0.7,0.5026257
0.16,0.49,0.71,0.26,0.75,0.71,0.5026257
0.18,0.49,0.75,0.28,0.72,0.71,0.5026257
0.17,0.48,0.74,0.24,0.75,0.71,0.5026259
0.16,0.44,0.74,0.22,0.73,0.71,0.502626
0.16,0.47,0.75,0.21,0.76,0.72,0.502626
0.16,0.48,0.74,0.27,0.74,0.7,0.502626
0.16,0.44,0.72,0.27,0.76,0.72,0.5026261
0.17,0.45,0.74,0.25,0.73,0.71,0.5026261
0.18,0.44,0.73,0.25,0.73,0.71,0.5026261
0.16,0.48,0.7,0.27,0.72,0.7,0.5026262
0.16,0.48,0.71,0.28,0.74,0.7,0.5026262
0.16,0.45,0.71,0.27,0.72,0.7,0.5026263
0.18,0.41,0.7,0.23,0.76,0.7,0.5026263
0.18,0.48,0.71,0.28,0.75,0.72,0.5026263
0.17,0.49,0.75,0.3,0.75,0.71,0.5026264
0.17,0.44,0.7,0.26,0.73,0.71,0.5026266
0.18,0.45,0.74,0.22,0.74,0.72,0.5026268
0.18,0.48,0.7,0.27,0.73,0.72,0.5026269
0.16,0.45,0.74,0.27,0.76,0.71,0.5026271
0.16,0.43,0.72,0.24,0.72,0.71,0.5026273
0.17,0.49,0.7,0.26,0.75,0.72,0.5026273
0.18,0.48,0.74,0.22,0.72,0.71,0.5026273
0.18,0.5,0.74,0.24,0.74,0.72,0.5026273
0.16,0.48,0.73,0.3,0.74,0.71,0.5026275
0.16,0.48,0.7,0.24,0.76,0.71,0.5026276
0.16,0.48,0.72,0.29,0.72,0.71,0.5026277
0.16,0.44,0.73,0.22,0.72,0.7,0.5026278
0.16,0.47,0.74,0.21,0.75,0.71,0.5026278
0.16,0.49,0.72,0.27,0.73,0.7,0.5026278
0.17,0.4,0.7,0.2,0.76,0.7,0.5026279
0.17,0.45,0.73,0.25,0.72,0.7,0.5026279
0.16,0.44,0.72,0.27,0.75,0.71,0.502628
0.17,0.45,0.73,0.24,0.76,0.71,0.502628
0.17,0.45,0.7,0.29,0.76,0.71,0.5026281
0.18,0.46,0.73,0.27,0.76,0.71,0.5026283
0.16,0.41,0.74,0.22,0.75,0.72,0.5026284
0.16,0.46,0.71,0.22,0.76,0.7,0.5026285
0.16,0.48,0.71,0.25,0.74,0.7,0.5026285
0.17,0.43,0.71,0.26,0.76,0.72,0.5026285
0.18,0.45,0.73,0.22,0.73,0.71,0.5026285
0.17,0.44,0.7,0.26,0.72,0.7,0.5026286
0.16,0.45,0.73,0.27,0.75,0.7,0.5026287
0.17,0.42,0.71,0.23,0.73,0.72,0.5026289
0.16,0.44,0.73,0.21,0.76,0.71,0.5026293
0.18,0.49,0.74,0.3,0.74,0.72,0.5026293
0.18,0.48,0.74,0.21,0.76,0.72,0.5026294
0.16,0.42,0.73,0.24,0.75,0.72,0.5026295
0.16,0.41,0.73,0.22,0.74,0.71,0.5026296
0.16,0.47,0.73,0.21,0.74,0.7,0.5026297
0.18,0.42,0.73,0.22,0.75,0.72,0.5026297
0.17,0.45,0.72,0.24,0.75,0.7,0.5026298
0.18,0.49,0.73,0.22,0.75,0.72,0.5026299
0.16,0.44,0.72,0.27,0.74,0.7,0.5026301
0.17,0.45,0.7,0.29,0.75,0.7,0.5026302
0.18,0.46,0.72,0.27,0.75,0.7,0.5026302
0.18,0.45,0.72,0.22,0.72,0.7,0.5026303
0.16,0.48,0.73,0.29,0.73,0.72,0.5026304
0.17,0.43,0.71,0.26,0.75,0.71,0.5026304
0.18,0.47,0.7,0.28,0.75,0.7,0.5026304
0.16,0.47,0.7,0.23,0.75,0.7,0.5026306
0.17,0.42,0.71,0.23,0.72,0.71,0.5026307
0.16,0.41,0.72,0.22,0.73,0.7,0.5026309
0.17,0.48,0.71,0.28,0.75,0.71,0.5026309
0.16,0.44,0.72,0.21,0.75,0.7,0.502631
0.17,0.48,0.7,0.27,0.73,0.71,0.502631
0.17,0.41,0.74,0.2,0.72,0.72,0.5026311
0.18,0.42,0.72,0.22,0.74,0.71,0.5026312
0.16,0.42,0.73,0.24,0.74,0.71,0.5026314
0.18,0.49,0.74,0.23,0.73,0.71,0.5026314
0.16,0.41,0.73,0.21,0.72,0.72,0.5026315
0.18,0.42,0.7,0.25,0.76,0.72,0.5026315
0.18,0.47,0.75,0.27,0.73,0.72,0.5026315
0.18,0.49,0.74,0.3,0.73,0.71,0.5026317
0.16,0.49,0.72,0.28,0.75,0.72,0.5026319
0.16,0.49,0.7,0.26,0.73,0.7,0.502632
0.17,0.48,0.73,0.3,0.75,0.72,0.502632
0.18,0.5,0.72,0.23,0.74,0.72,0.5026321
0.16,0.49,0.71,0.27,0.73,0.72,0.5026322
0.16,0.49,0.7,0.26,0.75,0.71,0.5026323
0.17,0.47,0.72,0.28,0.73,0.72,0.5026323
0.18,0.45,0.72,0.21,0.76,0.71,0.5026323
0.17,0.48,0.72,0.29,0.73,0.72,0.5026324
0.17,0.42,0.71,0.24,0.76,0.7,0.5026325
0.16,0.48,0.73,0.29,0.72,0.71,0.5026326
0.17,0.41,0.72,0.23,0.75,0.72,0.5026326
0.17,0.43,0.71,0.26,0.74,0.7,0.5026326
0.18,0.48,0.75,0.3,0.76,0.72,0.5026326
0.16,0.46,0.74,0.26,0.72,0.72,0.5026328
0.17,0.46,0.75,0.23,0.74,0.72,0.5026329
0.18,0.41,0.7,0.22,0.73,0.72,0.5026329
0.18,0.42,0.71,0.22,0.73,0.7,0.5026329
0.18,0.47,0.75,0.26,0.74,0.72,0.502633
0.18,0.49,0.75,0.27,0.76,0.72,0.502633
0.16,0.41,0.71,0.21,0.76,0.7,0.5026334
0.16,0.46,0.75,0.26,0.73,0.71,0.5026334
0.16,0.47,0.74,0.29,0.75,0.72,0.5026334
0.18,0.5,0.75,0.26,0.72,0.71,0.5026334
0.17,0.49,0.75,0.23,0.72,0.71,0.5026335
0.18,0.42,0.7,0.25,0.75,0.71,0.5026335
0.18,0.43,0.71,0.27,0.76,0.7,0.5026335
0.18,0.5,0.73,0.24,0.72,0.71,0.5026336
0.18,0.48,0.72,0.2,0.76,0.72,0.5026337
0.18,0.45,0.71,0.21,0.75,0.7,0.5026343
0.18,0.48,0.73,0.21,0.74,0.71,0.5026344
0.16,0.45,0.75,0.2,0.74,0.72,0.5026345
0.17,0.41,0.72,0.23,0.74,0.71,0.5026345
0.16,0.46,0.74,0.25,0.76,0.71,0.5026346
0.17,0.47,0.72,0.28,0.72,0.71,0.5026346
0.17,0.46,0.74,0.23,0.73,0.71,0.5026347
0.18,0.41,0.7,0.22,0.72,0.71,0.5026347
0.18,0.46,0.71,0.27,0.73,0.72,0.5026348
0.18,0.47,0.74,0.26,0.73,0.71,0.5026348
0.16,0.46,0.74,0.26,0.72,0.7,0.5026351
0.17,0.45,0.73,0.25,0.72,0.72,0.5026352
0.17,0.47,0.74,0.28,0.76,0.71,0.5026352
0.18,0.49,0.71,0.21,0.75,0.72,0.5026354
0.16,0.48,0.75,0.2,0.72,0.71,0.5026355
0.17,0.46,0.73,0.28,0.75,0.72,0.5026355
0.17,0.49,0.75,0.21,0.75,0.72,0.5026355
0.18,0.48,0.71,0.28,0.76,0.72,0.5026355
0.17,0.43,0.74,0.23,0.75,0.72,0.5026356
0.18,0.42,0.7,0.25,0.74,0.7,0.5026356
0.16,0.47,0.72,0.28,0.76,0.7,0.5026357
0.16,0.47,0.74,0.29,0.74,0.71,0.5026358
0.16,0.48,0.7,0.27,0.73,0.7,0.5026358
0.17,0.47,0.71,0.29,0.73,0.7,0.5026359
0.18,0.49,0.72,0.22,0.73,0.71,0.5026359
0.18,0.5,0.74,0.28,0.75,0.72,0.502636
0.16,0.45,0.75,0.26,0.74,0.72,0.5026361
0.16,0.48,0.73,0.3,0.75,0.7,0.5026361
0.18,0.42,0.7,0.21,0.76,0.7,0.5026361
0.18,0.48,0.7,0.27,0.74,0.72,0.5026361
0.16,0.42,0.75,0.21,0.72,0.72,0.5026362
0.16,0.45,0.74,0.2,0.73,0.71,0.5026362
0.17,0.4,0.72,0.2,0.72,0.72,0.5026362
0.17,0.47,0.72,0.3,0.75,0.7,0.5026363
0.16,0.46,0.73,0.25,0.75,0.7,0.5026364
0.17,0.46,0.73,0.23,0.72,0.7,0.5026366
0.18,0.49,0.73,0.26,0.76,0.72,0.5026366
0.16,0.48,0.72,0.29,0.73,0.71,0.5026367
0.16,0.48,0.73,0.3,0.75,0.71,0.5026367
0.18,0.4,0.71,0.22,0.75,0.72,0.5026367
0.18,0.47,0.73,0.25,0.76,0.71,0.5026367
0.17,0.49,0.7,0.26,0.76,0.72,0.5026369
0.18,0.47,0.73,0.26,0.72,0.7,0.5026369
0.18,0.49,0.75,0.2,0.73,0.72,0.5026369
0.16,0.45,0.7,0.26,0.72,0.72,0.502637
0.18,0.46,0.71,0.27,0.72,0.71,0.502637
0.17,0.5,0.74,0.22,0.74,0.72,0.5026371
0.17,0.43,0.73,0.23,0.74,0.71,0.5026372
0.17,0.47,0.73,0.28,0.75,0.7,0.5026372
0.18,0.46,0.74,0.2,0.74,0.72,0.5026373
0.16,0.42,0.74,0.2,0.75,0.72,0.5026375
0.18,0.5,0.7,0.22,0.74,0.72,0.5026377
0.17,0.46,0.73,0.22,0.76,0.71,0.5026378
0.17,0.46,0.73,0.28,0.74,0.71,0.5026378
0.18,0.43,0.74,0.21,0.72,0.72,0.5026378
0.18,0.45,0.72,0.27,0.75,0.72,0.502638
0.16,0.45,0.73,0.2,0.72,0.7,0.5026381
0.16,0.47,0.74,0.29,0.73,0.7,0.5026382
0.18,0.5,0.71,0.23,0.72,0.71,0.5026383
0.18,0.44,0.72,0.24,0.72,0.72,0.5026384
0.17,0.44,0.74,0.25,0.74,0.72,0.5026386
0.18,0.4,0.71,0.22,0.74,0.71,0.5026386
0.16,0.42,0.73,0.2,0.74,0.71,0.5026389
0.17,0.5,0.75,0.23,0.72,0.71,0.5026389
0.17,0.43,0.72,0.23,0.73,0.7,0.502639
0.18,0.49,0.74,0.2,0.72,0.71,0.502639
0.16,0.43,0.72,0.25,0.76,0.7,0.5026393
0.18,0.46,0.73,0.2,0.73,0.71,0.5026393
0.18,0.49,0.74,0.27,0.74,0.71,0.5026394
0.16,0.47,0.7,0.27,0.76,0.7,0.5026395
0.18,0.43,0.73,0.2,0.75,0.72,0.5026396
0.18,0.48,0.71,0.2,0.74,0.71,0.5026396
0.18,0.5,0.75,0.29,0.73,0.71,0.5026396
0.17,0.46,0.72,0.22,0.75,0.7,0.5026398
0.16,0.4,0.7,0.24,0.76,0.71,0.5026399
0.18,0.5,0.72,0.27,0.75,0.72,0.5026399
0.16,0.44,0.71,0.26,0.74,0.72,0.5026402
0.17,0.46,0.73,0.28,0.73,0.7,0.5026403
0.17,0.48,0.71,0.28,0.76,0.71,0.5026403
0.18,0.45,0.72,0.27,0.74,0.71,0.5026403
0.18,0.48,0.73,0.25,0.75,0.71,0.5026403
0.16,0.42,0.72,0.2,0.73,0.7,0.5026404
0.17,0.48,0.7,0.27,0.74,0.71,0.5026405
0.18,0.48,0.72,0.21,0.72,0.7,0.5026405
0.17,0.44,0.72,0.28,0.76,0.7,0.5026406
0.17,0.49,0.73,0.2,0.75,0.72,0.5026406
0.18,0.47,0.71,0.29,0.74,0.71,0.5026406
0.18,0.47,0.72,0.3,0.76,0.71,0.5026409
0.17,0.48,0.73,0.3,0.76,0.72,0.502641
0.18,0.44,0.71,0.25,0.76,0.7,0.502641
0.17,0.49,0.75,0.25,0.76,0.72,0.5026411
0.16,0.49,0.72,0.28,0.76,0.72,0.5026412
0.17,0.48,0.72,0.29,0.74,0.72,0.5026412
0.18,0.43,0.72,0.2,0.74,0.71,0.5026412
0.18,0.47,0.7,0.28,0.72,0.71,0.5026412
0.16,0.47,0.75,0.24,0.73,0.71,0.5026413
0.18,0.49,0.71,0.25,0.76,0.72,0.5026413
0.16,0.49,0.71,0.27,0.74,0.72,0.5026415
0.17,0.43,0.71,0.22,0.76,0.7,0.5026415
0.18,0.46,0.72,0.2,0.72,0.7,0.5026415
0.18,0.49,0.7,0.21,0.73,0.71,0.5026415
0.17,0.49,0.74,0.21,0.73,0.71,0.5026416
0.18,0.48,0.75,0.24,0.74,0.72,0.5026416
0.17,0.48,0.75,0.27,0.73,0.71,0.5026417
0.16,0.4,0.7,0.24,0.75,0.7,0.5026418
0.18,0.43,0.73,0.24,0.74,0.72,0.5026419
0.16,0.44,0.71,0.26,0.73,0.71,0.502642
0.16,0.44,0.75,0.24,0.75,0.72,0.502642
0.17,0.48,0.71,0.28,0.72,0.72,0.502642
0.16,0.49,0.7,0.26,0.72,0.72,0.5026423
0.18,0.47,0.72,0.23,0.76,0.71,0.5026425
0.17,0.5,0.72,0.21,0.74,0.72,0.5026426
0.16,0.48,0.75,0.29,0.76,0.71,0.5026427
0.18,0.5,0.73,0.28,0.73,0.71,0.5026427
0.17,0.47,0.75,0.21,0.74,0.72,0.5026428
0.18,0.45,0.72,0.27,0.73,0.7,0.5026428
0.17,0.43,0.7,0.25,0.74,0.72,0.5026429
0.17,0.44,0.75,0.22,0.72,0.72,0.5026429
0.18,0.43,0.71,0.2,0.73,0.7,0.5026429
0.18,0.49,0.72,0.26,0.74,0.71,0.502643
0.16,0.45,0.71,0.29,0.76,0.71,0.5026431
0.18,0.49,0.73,0.29,0.72,0.72,0.5026432
0.16,0.47,0.74,0.24,0.72,0.7,0.5026433
0.17,0.5,0.73,0.22,0.72,0.71,0.5026433
0.18,0.4,0.72,0.2,0.76,0.72,0.5026433
0.18,0.45,0.74,0.24,0.75,0.72,0.5026436
0.16,0.44,0.74,0.24,0.74,0.71,0.5026437
0.17,0.48,0.74,0.27,0.72,0.7,0.5026437
0.17,0.49,0.75,0.3,0.74,0.72,0.5026437
0.18,0.48,0.74,0.24,0.73,0.71,0.5026437
0.16,0.43,0.72,0.26,0.76,0.72,0.5026438
0.16,0.47,0.74,0.23,0.76,0.71,0.5026439
0.17,0.5,0.74,0.26,0.75,0.72,0.5026439
0.16,0.44,0.71,0.26,0.72,0.7,0.502644
0.16,0.42,0.72,0.23,0.73,0.72,0.5026441
0.18,0.46,0.72,0.3,0.76,0.7,0.5026444
0.17,0.43,0.7,0.25,0.73,0.71,0.5026447
0.18,0.4,0.71,0.2,0.75,0.71,0.5026447
0.18,0.48,0.71,0.24,0.75,0.71,0.5026447
0.17,0.44,0.74,0.21,0.75,0.72,0.5026448
0.17,0.47,0.74,0.21,0.73,0.71,0.5026449
0.17,0.47,0.71,0.29,0.74,0.7,0.5026451
0.17,0.47,0.7,0.28,0.72,0.7,0.5026452
0.16,0.45,0.71,0.29,0.75,0.7,0.5026453
0.17,0.44,0.7,0.28,0.76,0.71,0.5026454
0.18,0.48,0.7,0.27,0.75,0.72,0.5026454
0.16,0.44,0.73,0.24,0.73,0.7,0.5026455
0.16,0.48,0.7,0.27,0.74,0.7,0.5026455
0.17,0.49,0.73,0.24,0.76,0.72,0.5026455
0.18,0.45,0.73,0.24,0.74,0.71,0.5026455
0.16,0.48,0.72,0.29,0.74,0.71,0.5026456
0.18,0.48,0.7,0.2,0.72,0.7,0.5026457
0.16,0.43,0.72,0.26,0.75,0.71,0.5026458
0.17,0.47,0.72,0.3,0.76,0.7,0.5026458
0.18,0.48,0.73,0.24,0.72,0.7,0.5026458
0.18,0.48,0.74,0.29,0.74,0.72,0.5026458
0.18,0.49,0.74,0.3,0.72,0.7,0.5026459
0.16,0.42,0.72,0.23,0.72,0.71,0.502646
0.16,0.48,0.73,0.3,0.76,0.71,0.502646
0.18,0.49,0.73,0.27,0.72,0.7,0.5026461
0.17,0.49,0.75,0.3,0.73,0.71,0.5026462
0.18,0.4,0.7,0.2,0.74,0.7,0.5026463
0.16,0.48,0.71,0.28,0.72,0.71,0.5026464
0.17,0.42,0.71,0.25,0.76,0.72,0.5026465
0.17,0.44,0.73,0.21,0.74,0.71,0.5026466
0.17,0.49,0.72,0.2,0.73,0.71,0.5026466
0.17,0.5,0.75,0.27,0.73,0.71,0.5026466
0.17,0.43,0.7,0.25,0.72,0.7,0.5026468
0.18,0.48,0.72,0.25,0.73,0.7,0.5026468
0.18,0.42,0.73,0.24,0.76,0.72,0.502647
0.17,0.47,0.73,0.21,0.72,0.7,0.5026471
0.16,0.47,0.73,0.28,0.73,0.72,0.5026473
0.17,0.45,0.72,0.26,0.76,0.7,0.5026475
0.17,0.49,0.74,0.25,0.74,0.71,0.5026475
0.17,0.44,0.7,0.28,0.75,0.7,0.5026476
0.18,0.45,0.72,0.24,0.73,0.7,0.5026476
0.18,0.49,0.7,0.25,0.74,0.71,0.5026476
0.16,0.45,0.73,0.29,0.76,0.7,0.5026477
0.18,0.47,0.7,0.22,0.76,0.71,0.5026477
0.16,0.44,0.72,0.23,0.76,0.7,0.5026479
0.16,0.43,0.72,0.26,0.74,0.7,0.502648
0.16,0.5,0.74,0.2,0.74,0.72,0.502648
0.17,0.41,0.71,0.22,0.73,0.72,0.502648
0.16,0.41,0.73,0.23,0.75,0.72,0.5026481
0.17,0.41,0.73,0.21,0.76,0.72,0.5026482
0.18,0.48,0.74,0.29,0.73,0.71,0.5026483
0.17,0.5,0.72,0.25,0.75,0.72,0.5026484
0.17,0.42,0.71,0.25,0.75,0.71,0.5026485
0.17,0.44,0.72,0.21,0.73,0.7,0.5026485
0.18,0.47,0.71,0.23,0.74,0.7,0.5026486
0.18,0.42,0.72,0.24,0.75,0.71,0.5026487
0.17,0.5,0.7,0.2,0.74,0.72,0.5026489
0.17,0.5,0.71,0.21,0.72,0.71,0.5026489
0.18,0.46,0.75,0.26,0.73,0.72,0.5026489
0.18,0.46,0.72,0.29,0.76,0.7,0.502649
0.16,0.5,0.75,0.21,0.72,0.71,0.5026492
0.17,0.48,0.73,0.23,0.75,0.71,0.5026493
0.17,0.46,0.72,0.27,0.73,0.72,0.5026494
0.16,0.47,0.73,0.28,0.72,0.71,0.5026496
0.18,0.47,0.71,0.29,0.75,0.71,0.5026497
0.17,0.41,0.71,0.22,0.72,0.71,0.5026498
0.17,0.41,0.72,0.21,0.75,0.71,0.5026498
0.17,0.46,0.75,0.25,0.75,0.72,0.5026498
0.18,0.49,0.71,0.26,0.72,0.7,0.5026498
0.18,0.41,0.7,0.24,0.76,0.72,0.5026499
0.17,0.48,0.7,0.27,0.75,0.71,0.50265
0.17,0.49,0.75,0.25,0.73,0.71,0.50265
0.16,0.41,0.73,0.23,0.74,0.71,0.5026501
0.17,0.48,0.72,0.29,0.75,0.72,0.5026501
0.18,0.48,0.73,0.29,0.76,0.71,0.5026501
0.18,0.47,0.7,0.28,0.73,0.71,0.5026502
0.16,0.45,0.74,0.25,0.72,0.72,0.5026504
0.16,0.46,0.74,0.28,0.75,0.72,0.5026504
0.17,0.5,0.73,0.26,0.73,0.71,0.5026504
0.18,0.45,0.71,0.23,0.76,0.7,0.5026504
0.16,0.49,0.75,0.23,0.76,0.72,0.5026506
0.18,0.42,0.71,0.24,0.74,0.7,0.5026506
0.16,0.45,0.75,0.22,0.75,0.72,0.5026507
0.17,0.42,0.71,0.25,0.74,0.7,0.5026507
0.18,0.47,0.75,0.28,0.75,0.72,0.5026508
0.16,0.49,0.71,0.27,0.75,0.72,0.5026509
0.17,0.48,0.71,0.28,0.73,0.72,0.5026509
0.16,0.48,0.75,0.22,0.73,0.71,0.502651
0.17,0.49,0.71,0.23,0.76,0.72,0.502651
0.18,0.46,0.75,0.23,0.72,0.72,0.502651
0.16,0.49,0.75,0.28,0.72,0.7,0.5026511
0.18,0.48,0.7,0.24,0.73,0.7,0.5026511
0.17,0.41,0.71,0.21,0.74,0.7,0.5026514
0.16,0.4,0.73,0.2,0.72,0.72,0.5026516
0.16,0.49,0.7,0.26,0.73,0.72,0.5026516
0.17,0.4,0.72,0.22,0.75,0.72,0.5026517
0.17,0.46,0.72,0.27,0.72,0.71,0.5026517
0.17,0.46,0.74,0.25,0.74,0.71,0.5026518
0.17,0.49,0.72,0.24,0.74,0.71,0.5026518
0.18,0.49,0.75,0.22,0.74,0.72,0.5026519
0.18,0.41,0.7,0.24,0.75,0.71,0.502652
0.18,0.45,0.71,0.26,0.73,0.72,0.5026522
0.18,0.46,0.7,0.21,0.75,0.7,0.5026523
0.16,0.45,0.74,0.22,0.74,0.71,0.5026526
0.18,0.4,0.7,0.21,0.73,0.72,0.5026526
0.18,0.46,0.71,0.29,0.76,0.72,0.5026526
0.17,0.45,0.73,0.27,0.75,0.72,0.5026527
0.17,0.45,0.75,0.2,0.72,0.72,0.5026527
0.16,0.46,0.74,0.28,0.74,0.71,0.5026528
0.18,0.46,0.74,0.22,0.75,0.72,0.5026529
0.18,0.47,0.74,0.28,0.74,0.71,0.5026529
0.16,0.5,0.74,0.24,0.75,0.72,0.502653
0.17,0.47,0.72,0.21,0.76,0.71,0.502653
0.17,0.44,0.71,0.2,0.76,0.7,0.5026531
0.16,0.48,0.74,0.22,0.72,0.7,0.5026532
0.17,0.43,0.74,0.25,0.76,0.72,0.5026533
0.17,0.44,0.73,0.24,0.72,0.72,0.5026533
0.18,0.48,0.71,0.28,0.76,0.71,0.5026535
0.17,0.4,0.72,0.22,0.74,0.71,0.5026537
0.16,0.44,0.75,0.25,0.74,0.72,0.5026538
0.17,0.46,0.73,0.25,0.73,0.7,0.5026538
0.16,0.42,0.74,0.22,0.76,0.72,0.5026539
0.18,0.43,0.74,0.23,0.73,0.72,0.502654
0.17,0.49,0.73,0.25,0.72,0.7,0.5026541
0.17,0.5,0.7,0.24,0.75,0.72,0.5026541
0.16,0.46,0.73,0.27,0.76,0.7,0.5026542
0.18,0.41,0.7,0.24,0.74,0.7,0.5026542
0.16,0.5,0.73,0.2,0.72,0.71,0.5026543
0.17,0.47,0.7,0.28,0.73,0.7,0.5026544
0.17,0.47,0.71,0.29,0.75,0.7,0.5026545
0.18,0.4,0.7,0.21,0.72,0.71,0.5026545
0.18,0.45,0.71,0.26,0.72,0.71,0.5026545
0.16,0.45,0.73,0.22,0.73,0.7,0.5026546
0.18,0.48,0.7,0.27,0.76,0.72,0.5026546
0.17,0.48,0.71,0.22,0.75,0.71,0.5026547
0.16,0.45,0.7,0.28,0.75,0.72,0.5026549
0.16,0.48,0.72,0.29,0.75,0.71,0.5026549
0.17,0.5,0.71,0.25,0.73,0.71,0.5026549
0.18,0.46,0.71,0.29,0.75,0.71,0.5026549
0.18,0.46,0.73,0.22,0.74,0.71,0.5026549
0.16,0.44,0.7,0.25,0.72,0.72,0.502655
0.17,0.43,0.73,0.25,0.75,0.71,0.502655
0.18,0.47,0.73,0.28,0.73,0.7,0.502655
0.17,0.45,0.73,0.27,0.74,0.71,0.5026551
0.16,0.5,0.75,0.25,0.73,0.71,0.5026552
0.17,0.47,0.72,0.3,0.74,0.7,0.5026553
0.16,0.46,0.74,0.28,0.73,0.7,0.5026554
0.16,0.48,0.71,0.28,0.73,0.71,0.5026554
0.16,0.42,0.73,0.22,0.75,0.71,0.5026556
0.16,0.5,0.75,0.3,0.72,0.72,0.5026556
0.18,0.43,0.73,0.22,0.76,0.72,0.5026556
0.18,0.44,0.72,0.26,0.75,0.72,0.5026556
0.17,0.48,0.72,0.23,0.73,0.7,0.5026557
0.16,0.49,0.73,0.22,0.76,0.72,0.5026558
0.18,0.43,0.73,0.23,0.72,0.71,0.5026559
0.17,0.42,0.74,0.2,0.73,0.72,0.5026562
0.16,0.49,0.74,0.23,0.74,0.71,0.5026568
0.17,0.43,0.72,0.25,0.74,0.7,0.5026568
0.17,0.43,0.74,0.24,0.74,0.72,0.5026568
0.16,0.45,0.7,0.28,0.74,0.71,0.5026569
0.18,0.47,0.71,0.27,0.75,0.7,0.5026569
0.18,0.48,0.72,0.29,0.74,0.7,0.5026569
0.18,0.43,0.72,0.23,0.72,0.72,0.5026571
0.18,0.46,0.72,0.22,0.73,0.7,0.5026571
0.16,0.42,0.72,0.22,0.74,0.7,0.5026574
0.17,0.48,0.73,0.27,0.76,0.71,0.5026574
0.17,0.49,0.7,0.23,0.74,0.71,0.5026574
0.17,0.49,0.74,0.29,0.75,0.71,0.5026574
0.18,0.43,0.72,0.22,0.75,0.71,0.5026574
0.18,0.46,0.71,0.29,0.74,0.7,0.5026574
0.17,0.49,0.74,0.29,0.72,0.72,0.5026575
0.17,0.42,0.73,0.2,0.72,0.71,0.5026576
0.17,0.45,0.73,0.27,0.73,0.7,0.5026577
0.18,0.44,0.72,0.26,0.74,0.71,0.502658
0.16,0.43,0.71,0.25,0.74,0.72,0.5026582
0.18,0.48,0.75,0.26,0.75,0.72,0.5026582
0.16,0.5,0.72,0.23,0.75,0.72,0.5026583
0.18,0.46,0.7,0.25,0.76,0.7,0.5026584
0.17,0.49,0.71,0.24,0.72,0.7,0.5026585
0.16,0.45,0.72,0.21,0.76,0.7,0.5026586
0.16,0.47,0.75,0.26,0.74,0.71,0.5026586
0.17,0.47,0.75,0.23,0.75,0.72,0.5026588
0.18,0.47,0.71,0.29,0.76,0.71,0.502659
0.16,0.45,0.7,0.28,0.73,0.7,0.5026591
0.17,0.47,0.7,0.2,0.76,0.71,0.5026591
0.17,0.47,0.71,0.21,0.74,0.7,0.5026591
0.17,0.48,0.72,0.29,0.76,0.72,0.5026592
0.18,0.47,0.7,0.28,0.74,0.71,0.5026592
0.16,0.5,0.73,0.24,0.73,0.71,0.5026594
0.17,0.48,0.7,0.27,0.76,0.71,0.5026595
0.18,0.43,0.71,0.22,0.74,0.7,0.5026595
0.17,0.48,0.71,0.28,0.74,0.72,0.5026598
0.17,0.48,0.75,0.29,0.74,0.71,0.5026598
0.16,0.44,0.75,0.26,0.76,0.72,0.50266
0.16,0.48,0.73,0.21,0.75,0.71,0.50266
0.17,0.44,0.75,0.24,0.73,0.72,0.50266
0.18,0.48,0.73,0.28,0.72,0.72,0.50266
0.16,0.43,0.71,0.25,0.73,0.71,0.5026601
0.16,0.49,0.71,0.27,0.76,0.72,0.5026603
0.17,0.48,0.75,0.29,0.74,0.72,0.5026603
0.16,0.44,0.71,0.28,0.76,0.71,0.5026605
0.18,0.42,0.73,0.23,0.74,0.72,0.5026605
0.18,0.44,0.72,0.26,0.73,0.7,0.5026605
0.18,0.47,0.75,0.21,0.72,0.72,0.5026605
0.18,0.48,0.74,0.26,0.74,0.71,0.5026605
0.16,0.47,0.74,0.26,0.73,0.7,0.5026607
0.17,0.49,0.72,0.28,0.75,0.71,0.5026608
0.18,0.45,0.74,0.26,0.76,0.72,0.5026608
0.17,0.47,0.74,0.23,0.74,0.71,0.5026609
0.17,0.48,0.7,0.27,0.72,0.72,0.502661
0.16,0.49,0.7,0.26,0.74,0.72,0.5026611
0.17,0.48,0.7,0.22,0.73,0.7,0.5026611
0.16,0.43,0.75,0.21,0.73,0.72,0.5026612
0.18,0.4,0.71,0.22,0.76,0.71,0.5026612
0.17,0.44,0.74,0.23,0.76,0.72,0.5026613
0.16,0.46,0.75,0.2,0.75,0.72,0.5026614
0.17,0.42,0.7,0.24,0.74,0.72,0.5026614
0.16,0.5,0.74,0.28,0.76,0.72,0.5026616
0.17,0.48,0.71,0.26,0.76,0.71,0.5026617
0.16,0.42,0.72,0.25,0.76,0.72,0.5026619
0.16,0.44,0.74,0.26,0.75,0.71,0.5026619
0.16,0.49,0.71,0.21,0.76,0.72,0.5026619
0.17,0.44,0.74,0.24,0.72,0.71,0.5026619
0.16,0.49,0.72,0.22,0.74,0.71,0.502662
0.17,0.48,0.74,0.29,0.73,0.7,0.5026621
0.16,0.43,0.71,0.25,0.72,0.7,0.5026622
0.18,0.47,0.74,0.28,0.74,0.72,0.5026626
0.16,0.44,0.71,0.28,0.75,0.7,0.5026627
0.16,0.43,0.74,0.21,0.72,0.71,0.5026628
0.18,0.48,0.73,0.26,0.73,0.7,0.5026628
0.16,0.49,0.75,0.2,0.73,0.71,0.5026629
0.17,0.48,0.75,0.29,0.73,0.71,0.5026629
0.18,0.44,0.74,0.21,0.73,0.72,0.5026629
0.18,0.45,0.73,0.26,0.75,0.71,0.5026629
0.17,0.43,0.7,0.27,0.76,0.71,0.502663
0.17,0.46,0.72,0.24,0.76,0.7,0.502663
0.18,0.4,0.7,0.22,0.75,0.7,0.502663
0.17,0.47,0.73,0.23,0.73,0.7,0.5026632
0.16,0.41,0.72,0.22,0.73,0.72,0.5026633
0.16,0.49,0.73,0.23,0.72,0.7,0.5026633
0.17,0.42,0.7,0.24,0.73,0.71,0.5026633
0.17,0.44,0.73,0.23,0.75,0.71,0.5026633
0.16,0.46,0.74,0.2,0.74,0.71,0.5026634
0.16,0.43,0.74,0.2,0.76,0.72,0.5026637
0.16,0.44,0.73,0.26,0.74,0.7,0.5026638
0.17,0.47,0.7,0.28,0.74,0.7,0.5026638
0.16,0.42,0.72,0.25,0.75,0.71,0.5026639
0.17,0.48,0.72,0.27,0.74,0.7,0.502664
0.16,0.48,0.72,0.29,0.76,0.71,0.5026642
0.17,0.49,0.73,0.29,0.73,0.7,0.5026642
0.16,0.46,0.73,0.27,0.73,0.72,0.5026645
0.16,0.48,0.71,0.28,0.74,0.71,0.5026645
0.18,0.47,0.74,0.2,0.75,0.72,0.5026645
0.16,0.5,0.7,0.22,0.75,0.72,0.5026647
0.16,0.49,0.74,0.27,0.75,0.71,0.5026648
0.16,0.5,0.71,0.23,0.73,0.71,0.5026648
0.16,0.5,0.75,0.29,0.74,0.71,0.5026648
0.18,0.44,0.73,0.21,0.72,0.71,0.5026649
0.17,0.41,0.71,0.24,0.76,0.72,0.502665
0.16,0.47,0.73,0.3,0.76,0.72,0.5026651
0.18,0.45,0.72,0.26,0.74,0.7,0.5026651
0.16,0.41,0.72,0.22,0.72,0.71,0.5026652
0.17,0.43,0.7,0.27,0.75,0.7,0.5026653
0.17,0.47,0.71,0.25,0.75,0.7,0.5026653
0.18,0.47,0.74,0.28,0.73,0.71,0.5026653
0.17,0.44,0.72,0.23,0.74,0.7,0.5026654
0.16,0.48,0.7,0.27,0.72,0.71,0.5026655
0.17,0.42,0.7,0.24,0.72,0.7,0.5026655
0.16,0.43,0.73,0.2,0.75,0.71,0.5026656
0.16,0.46,0.73,0.2,0.73,0.7,0.5026657
0.16,0.4,0.74,0.21,0.74,0.72,0.5026659
0.16,0.5,0.72,0.27,0.76,0.72,0.502666
0.16,0.48,0.71,0.2,0.75,0.71,0.5026661
0.16,0.42,0.72,0.25,0.74,0.7,0.5026662
0.16,0.48,0.73,0.25,0.76,0.71,0.5026662
0.18,0.44,0.73,0.2,0.76,0.72,0.5026662
0.16,0.48,0.72,0.21,0.73,0.7,0.5026664
0.18,0.5,0.75,0.2,0.73,0.72,0.5026667
0.17,0.41,0.72,0.23,0.76,0.71,0.5026668
0.18,0.46,0.7,0.28,0.74,0.72,0.5026668
0.18,0.47,0.73,0.2,0.74,0.71,0.5026668
0.16,0.46,0.73,0.27,0.72,0.71,0.5026669
0.17,0.49,0.75,0.27,0.74,0.71,0.5026669
0.17,0.41,0.71,0.24,0.75,0.71,0.502667
0.17,0.45,0.72,0.26,0.73,0.72,0.5026671
0.18,0.41,0.73,0.21,0.74,0.72,0.5026671
0.16,0.48,0.75,0.24,0.74,0.71,0.5026672
0.16,0.4,0.73,0.22,0.75,0.72,0.5026673
0.17,0.46,0.72,0.29,0.76,0.72,0.5026673
0.18,0.49,0.75,0.24,0.75,0.72,0.5026673
0.16,0.4,0.73,0.21,0.73,0.71,0.5026674
0.17,0.46,0.75,0.27,0.76,0.72,0.5026674
0.16,0.47,0.73,0.3,0.75,0.71,0.5026675
0.16,0.43,0.72,0.2,0.74,0.7,0.5026676
0.16,0.45,0.75,0.24,0.76,0.72,0.5026676
0.17,0.4,0.71,0.21,0.73,0.72,0.5026677
0.16,0.45,0.74,0.27,0.75,0.72,0.5026678
0.18,0.46,0.75,0.25,0.73,0.72,0.5026678
0.17,0.46,0.7,0.23,0.76,0.7,0.5026679
0.16,0.44,0.74,0.24,0.72,0.72,0.5026683
0.16,0.49,0.7,0.21,0.74,0.71,0.5026683
0.16,0.5,0.73,0.28,0.74,0.71,0.5026683
0.18,0.44,0.72,0.2,0.75,0.71,0.5026683
0.18,0.47,0.7,0.28,0.75,0.71,0.5026683
0.17,0.48,0.7,0.26,0.74,0.7,0.5026684
0.17,0.45,0.75,0.22,0.73,0.72,0.5026685
0.16,0.49,0.71,0.22,0.72,0.7,0.5026686
0.16,0.45,0.75,0.25,0.72,0.71,0.5026687
0.17,0.41,0.71,0.23,0.75,0.7,0.5026687
0.18,0.4,0.7,0.23,0.76,0.72,0.5026687
0.18,0.41,0.72,0.21,0.73,0.71,0.5026687
0.17,0.48,0.71,0.28,0.75,0.72,0.5026688
0.16,0.4,0.72,0.21,0.72,0.7,0.502669
0.16,0.4,0.72,0.2,0.76,0.71,0.5026692
0.16,0.49,0.72,0.26,0.75,0.71,0.5026692
0.17,0.47,0.71,0.29,0.72,0.7,0.5026692
0.18,0.46,0.7,0.28,0.73,0.71,0.5026692
0.17,0.41,0.71,0.24,0.74,0.7,0.5026693
0.18,0.46,0.74,0.24,0.76,0.72,0.5026693
0.18,0.47,0.72,0.2,0.73,0.7,0.5026693
0.16,0.49,0.75,0.3,0.73,0.7,0.5026694
0.17,0.45,0.72,0.26,0.72,0.71,0.5026694
0.16,0.48,0.74,0.24,0.73,0.7,0.5026695
0.17,0.4,0.71,0.21,0.72,0.71,0.5026696
0.17,0.46,0.74,0.27,0.75,0.71,0.5026696
0.16,0.45,0.74,0.24,0.75,0.71,0.5026697
0.16,0.47,0.72,0.3,0.74,0.7,0.5026697
0.17,0.46,0.72,0.29,0.75,0.71,0.5026697
0.17,0.48,0.75,0.21,0.75,0.72,0.5026697
0.18,0.45,0.71,0.28,0.76,0.72,0.5026698
0.17,0.48,0.7,0.27,0.73,0.72,0.5026699
0.16,0.47,0.71,0.29,0.72,0.7,0.50267
0.18,0.46,0.74,0.25,0.72,0.71,0.50267
0.16,0.47,0.73,0.24,0.75,0.7,0.5026701
0.16,0.47,0.73,0.3,0.74,0.7,0.5026701
0.16,0.45,0.74,0.27,0.74,0.71,0.5026702
0.17,0.44,0.73,0.26,0.75,0.72,0.5026704
0.18,0.44,0.71,0.25,0.73,0.72,0.5026704
0.16,0.49,0.7,0.26,0.75,0.72,0.5026706
0.18,0.41,0.71,0.21,0.72,0.7,0.5026706
0.18,0.44,0.71,0.2,0.74,0.7,0.5026706
0.17,0.45,0.74,0.22,0.72,0.71,0.5026707
0.16,0.4,0.71,0.2,0.75,0.7,0.5026708
0.18,0.4,0.7,0.23,0.75,0.71,0.5026708
0.18,0.5,0.75,0.24,0.74,0.72,0.5026709
0.17,0.45,0.74,0.21,0.76,0.72,0.5026712
0.18,0.41,0.71,0.2,0.76,0.71,0.5026712
0.16,0.48,0.71,0.24,0.76,0.71,0.5026714
0.18,0.46,0.73,0.24,0.75,0.71,0.5026715
0.16,0.49,0.73,0.27,0.73,0.7,0.5026717
0.17,0.46,0.73,0.27,0.74,0.7,0.5026717
0.16,0.45,0.73,0.24,0.74,0.7,0.5026718
0.16,0.5,0.74,0.29,0.72,0.7,0.5026718
0.18,0.46,0.7,0.28,0.72,0.7,0.5026718
0.16,0.43,0.75,0.24,0.74,0.72,0.5026719
0.17,0.43,0.73,0.23,0.72,0.72,0.5026719
0.17,0.42,0.74,0.22,0.74,0.72,0.5026721
0.16,0.49,0.75,0.29,0.72,0.72,0.5026722
0.17,0.48,0.74,0.21,0.74,0.71,0.5026722
0.18,0.45,0.71,0.28,0.75,0.71,0.5026722
0.17,0.46,0.72,0.29,0.74,0.7,0.5026723
0.17,0.47,0.73,0.3,0.76,0.7,0.5026723
0.16,0.44,0.7,0.27,0.75,0.72,0.5026726
0.16,0.48,0.7,0.2,0.73,0.7,0.5026726
0.18,0.44,0.71,0.25,0.72,0.71,0.5026726
0.16,0.48,0.72,0.25,0.74,0.7,0.5026727
0.17,0.44,0.73,0.26,0.74,0.71,0.5026728
0.16,0.42,0.73,0.24,0.76,0.71,0.5026731
0.18,0.4,0.7,0.23,0.74,0.7,0.5026732
0.18,0.41,0.7,0.2,0.75,0.7,0.5026732
0.16,0.46,0.72,0.22,0.76,0.7,0.5026733
0.17,0.47,0.7,0.28,0.75,0.7,0.5026733
0.17,0.45,0.73,0.21,0.75,0.71,0.5026734
0.16,0.43,0.7,0.24,0.72,0.72,0.5026735
0.18,0.43,0.72,0.25,0.75,0.72,0.5026737
0.18,0.49,0.74,0.22,0.75,0.72,0.5026737
0.18,0.46,0.72,0.24,0.74,0.7,0.5026738
0.16,0.48,0.71,0.28,0.75,0.71,0.5026739
0.17,0.42,0.73,0.22,0.73,0.71,0.5026739
0.17,0.47,0.72,0.3,0.75,0.71,0.5026739
0.16,0.48,0.73,0.3,0.75,0.72,0.5026741
0.17,0.47,0.71,0.29,0.73,0.71,0.5026744
0.17,0.48,0.74,0.28,0.72,0.72,0.5026744
0.18,0.43,0.72,0.24,0.76,0.71,0.5026744
0.16,0.49,0.7,0.25,0.75,0.71,0.5026745
0.16,0.44,0.7,0.27,0.74,0.71,0.5026746
0.16,0.48,0.7,0.27,0.73,0.71,0.5026746
0.18,0.45,0.71,0.28,0.74,0.7,0.5026749
0.16,0.42,0.72,0.24,0.75,0.7,0.5026751
0.16,0.47,0.71,0.23,0.75,0.7,0.5026751
0.16,0.48,0.72,0.29,0.73,0.72,0.5026752
0.17,0.47,0.75,0.25,0.76,0.72,0.5026753
0.18,0.48,0.75,0.28,0.76,0.72,0.5026753
0.17,0.42,0.74,0.23,0.74,0.72,0.5026754
0.17,0.47,0.71,0.29,0.76,0.7,0.5026755
0.18,0.5,0.73,0.23,0.74,0.72,0.5026756
0.17,0.45,0.72,0.21,0.74,0.7,0.5026757
0.17,0.42,0.72,0.22,0.72,0.7,0.5026758
0.17,0.42,0.72,0.21,0.76,0.71,0.502676
0.16,0.49,0.71,0.26,0.73,0.7,0.5026761
0.18,0.43,0.72,0.25,0.74,0.71,0.5026761
0.18,0.42,0.72,0.22,0.72,0.72,0.5026763
0.16,0.47,0.75,0.28,0.75,0.71,0.5026764
0.17,0.47,0.75,0.26,0.72,0.71,0.5026765
0.16,0.42,0.71,0.24,0.74,0.72,0.5026766
0.18,0.43,0.71,0.24,0.75,0.7,0.5026767
0.18,0.47,0.75,0.23,0.73,0.72,0.5026767
0.16,0.46,0.75,0.23,0.72,0.71,0.5026768
0.16,0.44,0.7,0.27,0.73,0.7,0.5026769
0.18,0.48,0.73,0.3,0.75,0.72,0.5026769
0.16,0.46,0.75,0.22,0.76,0.72,0.502677
0.18,0.47,0.73,0.27,0.72,0.72,0.502677
0.17,0.47,0.75,0.28,0.74,0.72,0.5026772
0.17,0.47,0.74,0.25,0.75,0.71,0.5026775
0.18,0.47,0.7,0.28,0.76,0.71,0.5026777
0.18,0.48,0.74,0.28,0.75,0.71,0.5026777
0.18,0.5,0.74,0.24,0.72,0.71,0.5026777
0.16,0.43,0.75,0.23,0.74,0.72,0.5026779
0.18,0.48,0.73,0.2,0.76,0.72,0.5026779
0.16,0.48,0.7,0.24,0.74,0.7,0.502678
0.17,0.42,0.71,0.21,0.75,0.7,0.502678
0.17,0.48,0.71,0.28,0.76,0.72,0.502678
0.16,0.43,0.71,0.27,0.76,0.71,0.5026782
0.16,0.42,0.71,0.24,0.73,0.71,0.5026786
0.18,0.5,0.75,0.28,0.75,0.72,0.5026786
0.17,0.46,0.75,0.2,0.73,0.72,0.5026787
0.16,0.47,0.74,0.28,0.74,0.7,0.5026788
0.17,0.48,0.7,0.27,0.74,0.72,0.5026789
0.16,0.46,0.7,0.21,0.76,0.7,0.502679
0.16,0.47,0.71,0.29,0.73,0.7,0.502679
0.16,0.47,0.72,0.29,0.74,0.72,0.502679
0.16,0.47,0.72,0.3,0.75,0.7,0.502679
0.18,0.47,0.74,0.23,0.72,0.71,0.5026791
0.16,0.46,0.74,0.22,0.75,0.71,0.5026792
0.18,0.44,0.74,0.23,0.74,0.72,0.5026792
0.18,0.47,0.74,0.22,0.76,0.72,0.5026793
0.18,0.49,0.72,0.21,0.75,0.72,0.5026793
0.16,0.47,0.73,0.28,0.76,0.7,0.5026794
0.16,0.48,0.74,0.3,0.75,0.7,0.5026796
0.18,0.48,0.73,0.3,0.74,0.71,0.5026796
0.18,0.49,0.74,0.26,0.76,0.72,0.5026796
0.16,0.43,0.74,0.23,0.73,0.71,0.5026798
0.17,0.47,0.73,0.25,0.74,0.7,0.5026799
0.18,0.41,0.73,0.22,0.74,0.72,0.5026799
0.18,0.46,0.74,0.27,0.74,0.72,0.50268
0.16,0.49,0.7,0.26,0.76,0.72,0.5026801
0.17,0.41,0.7,0.23,0.74,0.72,0.5026803
0.17,0.44,0.73,0.25,0.76,0.71,0.5026804
0.18,0.49,0.73,0.22,0.73,0.71,0.5026804
0.16,0.41,0.72,0.24,0.76,0.72,0.5026805
0.16,0.43,0.71,0.27,0.75,0.7,0.5026806
0.16,0.42,0.71,0.24,0.72,0.7,0.5026808
0.17,0.5,0.75,0.22,0.74,0.72,0.5026809
0.17,0.42,0.7,0.26,0.76,0.71,0.502681
0.17,0.46,0.74,0.2,0.72,0.71,0.502681
0.18,0.4,0.7,0.24,0.76,0.7,0.502681
0.18,0.45,0.73,0.28,0.76,0.71,0.5026811
0.16,0.46,0.73,0.22,0.74,0.7,0.5026814
0.18,0.44,0.73,0.23,0.73,0.71,0.5026814
0.18,0.5,0.71,0.22,0.74,0.72,0.5026814
0.16,0.47,0.72,0.29,0.73,0.71,0.5026815
0.17,0.46,0.71,0.28,0.74,0.72,0.5026815
0.16,0.43,0.73,0.22,0.76,0.71,0.5026817
0.17,0.43,0.74,0.2,0.74,0.72,0.5026817
0.18,0.47,0.73,0.22,0.75,0.71,0.5026818
0.16,0.43,0.73,0.23,0.72,0.7,0.5026819
0.16,0.45,0.73,0.26,0.73,0.72,0.5026822
0.16,0.46,0.73,0.29,0.76,0.72,0.5026822
0.17,0.41,0.7,0.23,0.73,0.71,0.5026823
0.18,0.48,0.73,0.3,0.73,0.7,0.5026824
0.18,0.5,0.72,0.23,0.72,0.71,0.5026825
0.16,0.41,0.72,0.24,0.75,0.71,0.5026826
0.16,0.48,0.72,0.29,0.75,0.7,0.5026826
0.18,0.5,0.73,0.27,0.75,0.72,0.5026826
0.17,0.44,0.72,0.25,0.75,0.7,0.5026827
0.17,0.47,0.72,0.3,0.76,0.71,0.502683
0.16,0.4,0.72,0.21,0.73,0.72,0.5026831
0.16,0.48,0.73,0.3,0.76,0.72,0.5026831
0.16,0.48,0.71,0.28,0.76,0.71,0.5026832
0.17,0.47,0.71,0.29,0.74,0.71,0.5026832
0.18,0.46,0.7,0.29,0.74,0.7,0.5026832
0.16,0.47,0.71,0.27,0.76,0.7,0.5026833
0.17,0.42,0.7,0.26,0.75,0.7,0.5026834
0.18,0.45,0.72,0.28,0.75,0.7,0.5026834
0.18,0.46,0.71,0.3,0.76,0.7,0.5026834
0.17,0.43,0.73,0.2,0.73,0.71,0.5026837
0.17,0.4,0.71,0.23,0.76,0.72,0.5026838
0.17,0.46,0.71,0.28,0.73,0.71,0.5026838
0.18,0.44,0.72,0.22,0.76,0.71,0.5026838
0.18,0.44,0.72,0.23,0.72,0.7,0.5026838
0.16,0.43,0.72,0.22,0.75,0.7,0.5026839
0.16,0.48,0.7,0.27,0.74,0.71,0.5026839
0.16,0.48,0.72,0.29,0.74,0.72,0.5026839
0.16,0.48,0.75,0.26,0.75,0.71,0.502684
0.16,0.47,0.72,0.29,0.72,0.7,0.5026842
0.18,0.45,0.7,0.27,0.74,0.72,0.5026843
0.18,0.48,0.72,0.2,0.74,0.71,0.5026843
0.18,0.49,0.72,0.25,0.76,0.72,0.5026843
0.17,0.47,0.7,0.28,0.72,0.71,0.5026844
0.16,0.46,0.73,0.29,0.75,0.71,0.5026846
0.17,0.41,0.7,0.23,0.72,0.7,0.5026846
0.17,0.45,0.72,0.28,0.76,0.72,0.5026846
0.16,0.45,0.73,0.26,0.72,0.71,0.5026847
0.17,0.48,0.75,0.23,0.76,0.72,0.5026847
0.17,0.49,0.74,0.2,0.75,0.72,0.5026847
0.16,0.41,0.72,0.24,0.74,0.7,0.5026849
0.18,0.49,0.75,0.27,0.72,0.71,0.5026849
0.16,0.4,0.72,0.21,0.72,0.71,0.5026851
0.17,0.45,0.75,0.24,0.74,0.72,0.5026851
0.17,0.48,0.75,0.24,0.72,0.71,0.5026851
0.17,0.44,0.72,0.25,0.73,0.72,0.5026852
0.16,0.48,0.71,0.28,0.72,0.72,0.5026854
0.16,0.44,0.74,0.26,0.75,0.72,0.5026855
0.17,0.43,0.72,0.2,0.72,0.7,0.5026857
0.18,0.49,0.7,0.2,0.75,0.72,0.5026857
0.18,0.5,0.74,0.28,0.73,0.71,0.5026858
0.18,0.49,0.71,0.21,0.73,0.71,0.5026859
0.17,0.4,0.71,0.23,0.75,0.71,0.502686
0.17,0.4,0.73,0.2,0.75,0.72,0.502686
0.18,0.44,0.71,0.22,0.75,0.7,0.5026862
0.16,0.48,0.74,0.26,0.74,0.7,0.5026864
0.17,0.5,0.73,0.21,0.74,0.72,0.5026864
0.17,0.46,0.71,0.28,0.72,0.7,0.5026865
0.18,0.49,0.73,0.26,0.74,0.71,0.5026866
0.18,0.45,0.7,0.27,0.73,0.71,0.5026867
0.16,0.44,0.75,0.21,0.74,0.72,0.5026868
0.16,0.47,0.75,0.21,0.72,0.71,0.5026868
0.17,0.5,0.75,0.26,0.75,0.72,0.5026869
0.16,0.43,0.74,0.23,0.72,0.72,0.502687
0.16,0.45,0.74,0.26,0.76,0.71,0.502687
0.18,0.48,0.75,0.21,0.73,0.72,0.502687
0.17,0.41,0.71,0.25,0.76,0.7,0.5026871
0.17,0.45,0.72,0.28,0.75,0.71,0.5026871
0.16,0.46,0.73,0.29,0.74,0.7,0.5026873
0.18,0.44,0.71,0.27,0.76,0.72,0.5026873
0.17,0.45,0.74,0.24,0.73,0.71,0.5026874
0.17,0.44,0.72,0.25,0.72,0.71,0.5026875
0.18,0.41,0.71,0.23,0.73,0.7,0.5026875
0.18,0.5,0.71,0.26,0.75,0.72,0.5026875
0.18,0.47,0.71,0.29,0.75,0.72,0.5026876
0.17,0.5,0.74,0.22,0.72,0.71,0.5026877
0.18,0.46,0.74,0.27,0.73,0.71,0.5026877
0.16,0.4,0.71,0.22,0.76,0.7,0.5026878
0.17,0.4,0.72,0.2,0.74,0.71,0.5026878
0.17,0.46,0.74,0.29,0.76,0.71,0.5026878
0.16,0.44,0.74,0.26,0.74,0.71,0.502688
0.17,0.48,0.7,0.27,0.75,0.72,0.5026881
0.16,0.47,0.71,0.29,0.74,0.7,0.5026882
0.18,0.5,0.7,0.22,0.72,0.71,0.5026882
0.16,0.47,0.72,0.3,0.76,0.7,0.5026883
0.16,0.47,0.75,0.2,0.76,0.72,0.5026883
0.17,0.4,0.71,0.23,0.74,0.7,0.5026883
0.17,0.43,0.73,0.25,0.75,0.72,0.5026884
0.18,0.46,0.73,0.26,0.76,0.71,0.5026884
0.18,0.48,0.72,0.24,0.75,0.71,0.5026885
0.17,0.49,0.74,0.24,0.76,0.72,0.5026886
0.18,0.45,0.74,0.21,0.74,0.72,0.5026887
0.16,0.44,0.74,0.21,0.73,0.71,0.502689
0.18,0.43,0.71,0.24,0.73,0.72,0.502689
0.18,0.47,0.7,0.28,0.73,0.72,0.502689
0.16,0.47,0.7,0.28,0.72,0.7,0.5026891
0.16,0.45,0.73,0.26,0.75,0.7,0.5026892
0.16,0.48,0.75,0.28,0.72,0.72,0.5026892
0.17,0.45,0.73,0.23,0.76,0.71,0.5026893
0.18,0.45,0.7,0.27,0.72,0.7,0.5026893
0.18,0.41,0.7,0.22,0.76,0.7,0.5026894
0.18,0.48,0.74,0.21,0.72,0.71,0.5026896
0.17,0.4,0.71,0.2,0.73,0.7,0.5026897
0.17,0.45,0.73,0.24,0.72,0.7,0.5026897
0.17,0.45,0.72,0.28,0.74,0.7,0.5026898
0.18,0.5,0.72,0.27,0.73,0.71,0.5026898
0.18,0.44,0.71,0.27,0.75,0.71,0.5026899
0.18,0.46,0.73,0.27,0.72,0.7,0.5026901
0.18,0.49,0.7,0.24,0.76,0.72,0.5026901
0.17,0.46,0.73,0.29,0.75,0.7,0.5026902
0.16,0.43,0.7,0.26,0.75,0.72,0.5026907
0.16,0.47,0.74,0.2,0.75,0.71,0.5026908
0.17,0.43,0.73,0.25,0.74,0.71,0.5026909
0.18,0.46,0.72,0.26,0.75,0.7,0.5026909
0.16,0.41,0.74,0.21,0.75,0.72,0.502691
0.18,0.45,0.73,0.21,0.73,0.71,0.502691
0.18,0.48,0.71,0.2,0.72,0.7,0.5026911
0.17,0.42,0.73,0.22,0.72,0.72,0.5026912
0.16,0.44,0.73,0.21,0.72,0.7,0.5026913
0.17,0.48,0.74,0.3,0.75,0.72,0.5026913
0.18,0.43,0.71,0.24,0.72,0.71,0.5026913
0.18,0.48,0.72,0.29,0.73,0.72,0.5026913
0.18,0.49,0.71,0.25,0.74,0.71,0.5026913
0.17,0.49,0.73,0.2,0.73,0.71,0.5026914
0.17,0.5,0.73,0.25,0.75,0.72,0.5026914
0.17,0.47,0.74,0.27,0.72,0.72,0.5026916
0.17,0.45,0.72,0.23,0.75,0.7,0.5026918
0.18,0.47,0.71,0.22,0.76,0.71,0.502692
0.16,0.5,0.75,0.2,0.74,0.72,0.5026921
0.17,0.47,0.71,0.29,0.75,0.71,0.5026922
0.18,0.42,0.72,0.24,0.75,0.72,0.5026922
0.18,0.42,0.73,0.21,0.75,0.72,0.5026923
0.16,0.44,0.73,0.2,0.76,0.71,0.5026925
0.18,0.46,0.7,0.29,0.75,0.7,0.5026925
0.16,0.42,0.7,0.23,0.72,0.72,0.5026926
0.18,0.44,0.71,0.27,0.74,0.7,0.5026926
0.16,0.48,0.72,0.29,0.75,0.72,0.5026927
0.16,0.41,0.73,0.21,0.74,0.71,0.5026928
0.16,0.43,0.7,0.26,0.74,0.71,0.5026928
0.17,0.5,0.71,0.2,0.74,0.72,0.5026929
0.18,0.47,0.75,0.25,0.74,0.72,0.5026929
0.18,0.47,0.72,0.23,0.74,0.7,0.5026932
0.16,0.47,0.73,0.2,0.74,0.7,0.5026933
0.16,0.48,0.7,0.27,0.75,0.71,0.5026933
0.17,0.42,0.72,0.24,0.73,0.7,0.5026933
0.17,0.47,0.7,0.28,0.73,0.71,0.5026933
0.17,0.5,0.72,0.21,0.72,0.71,0.5026933
0.17,0.48,0.74,0.23,0.75,0.71,0.5026934
0.18,0.45,0.72,0.21,0.72,0.7,0.5026935
0.18,0.5,0.75,0.25,0.72,0.71,0.5026935
0.16,0.42,0.72,0.26,0.76,0.7,0.5026937
0.18,0.47,0.73,0.29,0.75,0.72,0.5026938
0.18,0.49,0.72,0.26,0.72,0.7,0.5026938
0.16,0.46,0.75,0.25,0.73,0.71,0.5026939
0.17,0.5,0.74,0.26,0.73,0.71,0.5026939
0.16,0.47,0.71,0.28,0.72,0.72,0.502694
0.18,0.48,0.7,0.23,0.75,0.71,0.502694
0.17,0.48,0.74,0.3,0.74,0.71,0.5026941
0.18,0.48,0.72,0.29,0.72,0.71,0.5026941
0.16,0.48,0.71,0.28,0.73,0.72,0.5026942
0.18,0.43,0.71,0.26,0.76,0.7,0.5026942
0.17,0.46,0.75,0.22,0.74,0.72,0.5026943
0.17,0.47,0.75,0.28,0.73,0.71,0.5026943
0.17,0.49,0.72,0.23,0.76,0.72,0.5026943
0.18,0.42,0.72,0.21,0.74,0.71,0.5026944
0.17,0.47,0.74,0.27,0.76,0.71,0.5026945
0.17,0.46,0.75,0.27,0.74,0.72,0.5026946
0.16,0.47,0.75,0.3,0.76,0.71,0.5026947
0.18,0.42,0.72,0.24,0.74,0.71,0.5026947
0.18,0.46,0.73,0.26,0.72,0.72,0.5026947
0.16,0.41,0.72,0.21,0.73,0.7,0.5026948
0.16,0.44,0.72,0.2,0.75,0.7,0.5026949
0.17,0.42,0.71,0.23,0.76,0.7,0.5026949
0.16,0.43,0.7,0.26,0.73,0.7,0.5026951
0.17,0.49,0.75,0.22,0.72,0.71,0.5026952
0.16,0.44,0.7,0.29,0.76,0.7,0.5026954
0.18,0.47,0.74,0.25,0.73,0.71,0.5026954
0.16,0.46,0.74,0.24,0.76,0.71,0.5026955
0.17,0.49,0.73,0.24,0.74,0.71,0.5026955
0.18,0.48,0.71,0.24,0.73,0.7,0.5026955
0.16,0.41,0.71,0.23,0.74,0.72,0.5026956
0.18,0.45,0.72,0.2,0.76,0.71,0.5026956
0.18,0.48,0.74,0.3,0.76,0.71,0.5026956
0.18,0.44,0.74,0.25,0.75,0.72,0.5026961
0.16,0.46,0.74,0.25,0.72,0.7,0.5026963
0.16,0.5,0.75,0.24,0.75,0.72,0.5026963
0.16,0.46,0.72,0.28,0.74,0.72,0.5026964
0.18,0.41,0.72,0.21,0.72,0.72,0.5026964
0.18,0.47,0.71,0.29,0.76,0.72,0.5026964
0.16,0.42,0.71,0.26,0.76,0.71,0.5026965
0.17,0.5,0.75,0.3,0.76,0.72,0.5026965
0.18,0.42,0.71,0.21,0.73,0.7,0.5026966
0.18,0.47,0.73,0.29,0.74,0.71,0.5026966
0.18,0.48,0.72,0.28,0.76,0.71,0.5026966
0.17,0.46,0.7,0.27,0.72,0.72,0.5026967
0.17,0.46,0.74,0.22,0.73,0.71,0.5026967
0.17,0.47,0.74,0.28,0.72,0.7,0.5026968
0.17,0.47,0.73,0.27,0.75,0.7,0.502697
0.17,0.48,0.74,0.3,0.73,0.7,0.502697
0.17,0.5,0.71,0.24,0.75,0.72,0.5026972
0.16,0.47,0.74,0.3,0.75,0.7,0.5026973
0.18,0.46,0.71,0.21,0.75,0.7,0.5026973
0.18,0.47,0.73,0.24,0.76,0.71,0.5026973
0.17,0.43,0.74,0.22,0.75,0.72,0.5026974
0.17,0.48,0.7,0.27,0.76,0.72,0.5026974
0.16,0.47,0.71,0.29,0.75,0.7,0.5026975
0.17,0.47,0.73,0.21,0.76,0.71,0.5026975
0.16,0.41,0.71,0.23,0.73,0.71,0.5026977
0.18,0.45,0.74,0.26,0.74,0.72,0.5026977
0.18,0.47,0.7,0.28,0.74,0.72,0.5026977
0.16,0.41,0.71,0.2,0.76,0.7,0.5026978
0.16,0.46,0.73,0.24,0.75,0.7,0.5026979
0.16,0.47,0.7,0.28,0.73,0.7,0.5026981
0.18,0.47,0.73,0.25,0.72,0.7,0.5026981
0.18,0.45,0.71,0.2,0.75,0.7,0.5026982
0.17,0.49,0.74,0.25,0.72,0.7,0.5026983
0.18,0.44,0.73,0.25,0.74,0.71,0.5026984
0.17,0.5,0.72,0.25,0.73,0.71,0.5026986
0.18,0.49,0.7,0.25,0.72,0.7,0.5026986
0.18,0.47,0.7,0.22,0.74,0.7,0.5026987
0.17,0.48,0.72,0.22,0.75,0.71,0.5026988
0.16,0.42,0.71,0.26,0.75,0.7,0.5026989
0.16,0.46,0.72,0.28,0.73,0.71,0.5026989
0.16,0.5,0.74,0.2,0.72,0.71,0.5026989
0.17,0.45,0.71,0.27,0.74,0.72,0.5026991
0.17,0.46,0.73,0.22,0.72,0.7,0.5026993
0.16,0.4,0.72,0.23,0.76,0.72,0.5026994
0.16,0.49,0.74,0.22,0.76,0.72,0.5026994
0.18,0.47,0.73,0.29,0.73,0.7,0.5026995
0.16,0.42,0.75,0.2,0.72,0.72,0.5026996
0.16,0.45,0.73,0.28,0.76,0.72,0.5026996
0.17,0.41,0.7,0.25,0.76,0.71,0.5026996
0.17,0.43,0.73,0.22,0.74,0.71,0.5026997
0.16,0.43,0.73,0.25,0.73,0.7,0.5026998
0.17,0.4,0.7,0.22,0.74,0.72,0.5026998
0.17,0.5,0.7,0.2,0.72,0.71,0.5026999
0.16,0.41,0.71,0.23,0.72,0.7,0.5027
0.17,0.49,0.75,0.29,0.75,0.71,0.5027002
0.16,0.44,0.73,0.25,0.73,0.72,0.5027003
0.17,0.48,0.73,0.23,0.73,0.7,0.5027003
0.18,0.48,0.73,0.29,0.74,0.7,0.5027003
0.18,0.5,0.74,0.3,0.72,0.71,0.5027003
0.17,0.46,0.73,0.21,0.76,0.71,0.5027004
0.18,0.42,0.7,0.2,0.76,0.7,0.5027005
0.17,0.48,0.74,0.27,0.76,0.71,0.5027006
0.18,0.47,0.72,0.27,0.75,0.7,0.5027007
0.17,0.44,0.72,0.27,0.76,0.7,0.5027008
0.17,0.49,0.7,0.22,0.76,0.72,0.5027008
0.16,0.49,0.75,0.23,0.74,0.71,0.5027009
0.18,0.44,0.72,0.25,0.73,0.7,0.5027009
0.18,0.43,0.74,0.2,0.72,0.72,0.502701
0.18,0.48,0.7,0.27,0.76,0.71,0.502701
0.16,0.43,0.72,0.24,0.76,0.7,0.5027011
0.16,0.48,0.75,0.28,0.76,0.71,0.5027012
0.17,0.49,0.71,0.23,0.74,0.71,0.5027012
0.17,0.47,0.71,0.29,0.76,0.71,0.5027014
0.17,0.45,0.71,0.27,0.73,0.71,0.5027015
0.17,0.48,0.75,0.26,0.73,0.71,0.5027015
0.16,0.46,0.72,0.28,0.72,0.7,0.5027016
0.16,0.5,0.73,0.23,0.75,0.72,0.5027016
0.16,0.4,0.72,0.23,0.75,0.71,0.5027017
0.16,0.48,0.72,0.29,0.76,0.72,0.5027017
0.17,0.4,0.7,0.22,0.73,0.71,0.5027018
0.18,0.46,0.7,0.29,0.76,0.7,0.5027019
0.16,0.45,0.73,0.28,0.75,0.71,0.5027021
0.17,0.4,0.73,0.22,0.76,0.72,0.5027021
0.17,0.41,0.7,0.25,0.75,0.7,0.5027021
0.17,0.43,0.72,0.22,0.73,0.7,0.5027021
0.17,0.45,0.75,0.26,0.75,0.72,0.5027022
0.17,0.47,0.7,0.28,0.74,0.71,0.5027022
0.17,0.44,0.72,0.27,0.76,0.72,0.5027023
0.18,0.44,0.7,0.26,0.74,0.72,0.5027023
0.18,0.48,0.75,0.23,0.74,0.72,0.5027023
0.18,0.49,0.75,0.29,0.73,0.71,0.5027023
0.18,0.46,0.71,0.25,0.76,0.7,0.5027025
0.16,0.47,0.75,0.23,0.73,0.71,0.5027027
0.16,0.48,0.7,0.27,0.76,0.71,0.5027027
0.18,0.44,0.71,0.24,0.76,0.7,0.5027027
0.16,0.44,0.73,0.25,0.72,0.71,0.5027028
0.17,0.49,0.72,0.24,0.72,0.7,0.5027028
0.16,0.48,0.71,0.28,0.74,0.72,0.502703
0.16,0.44,0.75,0.23,0.75,0.72,0.5027031
0.17,0.46,0.72,0.21,0.75,0.7,0.5027031
0.16,0.5,0.74,0.24,0.73,0.71,0.5027032
0.16,0.49,0.74,0.3,0.73,0.72,0.5027034
0.17,0.47,0.71,0.2,0.76,0.71,0.5027035
0.16,0.43,0.74,0.25,0.75,0.72,0.5027037
0.16,0.48,0.75,0.29,0.72,0.7,0.5027037
0.17,0.43,0.72,0.24,0.73,0.72,0.5027038
0.17,0.49,0.73,0.28,0.75,0.71,0.5027038
0.18,0.45,0.75,0.24,0.72,0.72,0.5027039
0.16,0.5,0.75,0.28,0.76,0.72,0.502704
0.17,0.4,0.72,0.22,0.75,0.71,0.502704
0.18,0.48,0.71,0.28,0.74,0.7,0.502704
0.17,0.4,0.7,0.22,0.72,0.7,0.5027041
0.17,0.47,0.72,0.21,0.74,0.7,0.5027041
0.17,0.48,0.74,0.26,0.72,0.7,0.5027041
0.17,0.45,0.71,0.27,0.72,0.7,0.5027042
0.17,0.5,0.7,0.24,0.73,0.71,0.5027043
0.18,0.45,0.7,0.29,0.76,0.71,0.5027043
0.16,0.48,0.74,0.21,0.75,0.71,0.5027044
0.17,0.45,0.74,0.26,0.74,0.71,0.5027047
0.18,0.44,0.7,0.26,0.73,0.71,0.5027047
0.18,0.45,0.74,0.23,0.75,0.72,0.5027047
0.16,0.45,0.73,0.28,0.74,0.7,0.5027048
0.16,0.48,0.7,0.27,0.72,0.72,0.5027048
0.17,0.44,0.72,0.27,0.75,0.71,0.5027048
0.17,0.48,0.72,0.26,0.76,0.71,0.502705
0.18,0.48,0.74,0.23,0.73,0.71,0.502705
0.18,0.49,0.74,0.29,0.72,0.7,0.502705
0.17,0.43,0.71,0.21,0.76,0.7,0.5027051
0.18,0.47,0.7,0.26,0.75,0.7,0.5027051
0.16,0.47,0.74,0.23,0.72,0.7,0.5027053
0.17,0.47,0.75,0.2,0.74,0.72,0.5027053
0.17,0.44,0.75,0.21,0.72,0.72,0.5027054
0.17,0.48,0.7,0.21,0.75,0.71,0.5027054
0.18,0.43,0.71,0.26,0.76,0.72,0.5027054
0.16,0.44,0.74,0.23,0.74,0.71,0.5027055
0.16,0.49,0.72,0.21,0.76,0.72,0.5027057
0.16,0.47,0.74,0.22,0.76,0.71,0.5027058
0.17,0.48,0.71,0.22,0.73,0.7,0.5027058
0.17,0.48,0.73,0.29,0.73,0.72,0.5027058
0.18,0.4,0.73,0.2,0.73,0.72,0.5027059
0.16,0.48,0.75,0.3,0.75,0.72,0.502706
0.17,0.4,0.71,0.22,0.74,0.7,0.502706
0.16,0.49,0.73,0.22,0.74,0.71,0.5027061
0.17,0.43,0.72,0.24,0.72,0.71,0.5027062
0.16,0.43,0.74,0.25,0.74,0.71,0.5027063
0.16,0.49,0.74,0.3,0.72,0.71,0.5027063
0.16,0.42,0.74,0.22,0.72,0.72,0.5027064
0.18,0.47,0.7,0.28,0.75,0.72,0.5027064
0.16,0.47,0.75,0.27,0.72,0.72,0.5027066
0.16,0.47,0.71,0.29,0.76,0.7,0.5027069
0.17,0.42,0.73,0.24,0.75,0.72,0.502707
0.18,0.45,0.7,0.29,0.75,0.7,0.5027071
0.18,0.45,0.73,0.23,0.74,0.71,0.5027071
0.17,0.45,0.73,0.26,0.73,0.7,0.5027072
0.16,0.47,0.7,0.28,0.74,0.7,0.5027074
0.16,0.45,0.73,0.28,0.76,0.7,0.5027075
0.18,0.44,0.7,0.26,0.72,0.7,0.5027075
0.17,0.44,0.72,0.27,0.74,0.7,0.5027076
0.17,0.49,0.74,0.29,0.73,0.7,0.5027076
0.17,0.44,0.74,0.2,0.75,0.72,0.5027077
0.18,0.48,0.73,0.23,0.72,0.7,0.5027077
0.16,0.41,0.74,0.23,0.76,0.72,0.5027078
0.17,0.48,0.73,0.27,0.74,0.7,0.5027078
0.18,0.4,0.72,0.2,0.72,0.71,0.5027079
0.18,0.42,0.71,0.23,0.73,0.72,0.5027079
0.16,0.44,0.73,0.23,0.73,0.7,0.502708
0.16,0.49,0.74,0.23,0.72,0.7,0.502708
0.16,0.49,0.75,0.27,0.75,0.71,0.502708
0.16,0.5,0.71,0.22,0.75,0.72,0.5027081
0.17,0.47,0.74,0.2,0.73,0.71,0.5027081
0.18,0.43,0.71,0.26,0.75,0.71,0.5027081
0.18,0.42,0.73,0.23,0.76,0.72,0.5027083
0.17,0.47,0.74,0.29,0.75,0.72,0.5027084
0.17,0.49,0.7,0.23,0.72,0.7,0.5027084
0.17,0.49,0.71,0.27,0.75,0.71,0.5027084
0.18,0.46,0.72,0.28,0.76,0.7,0.5027085
0.18,0.47,0.72,0.28,0.73,0.72,0.5027085
0.16,0.5,0.72,0.23,0.73,0.71,0.5027086
0.16,0.5,0.73,0.27,0.76,0.72,0.5027087
0.17,0.45,0.72,0.25,0.76,0.7,0.5027087
0.17,0.48,0.73,0.29,0.72,0.71,0.5027087
0.16,0.48,0.75,0.3,0.74,0.71,0.5027088
0.18,0.5,0.74,0.3,0.73,0.71,0.502709
0.16,0.42,0.7,0.25,0.75,0.72,0.5027091
0.17,0.46,0.74,0.26,0.72,0.72,0.5027094
0.17,0.47,0.72,0.25,0.75,0.7,0.5027094
0.16,0.48,0.74,0.25,0.76,0.71,0.5027096
0.17,0.42,0.73,0.24,0.74,0.71,0.5027096
0.18,0.47,0.75,0.27,0.75,0.72,0.5027097
0.16,0.41,0.73,0.23,0.75,0.71,0.5027098
0.18,0.45,0.72,0.23,0.73,0.7,0.5027098
0.17,0.44,0.73,0.2,0.74,0.71,0.5027101
0.17,0.41,0.74,0.21,0.73,0.72,0.5027102
0.17,0.46,0.75,0.24,0.75,0.72,0.5027104
0.17,0.47,0.7,0.2,0.74,0.7,0.5027104
0.18,0.42,0.71,0.23,0.72,0.71,0.5027104
0.17,0.48,0.7,0.25,0.76,0.71,0.5027105
0.16,0.48,0.72,0.2,0.75,0.71,0.5027106
0.16,0.44,0.72,0.22,0.76,0.7,0.5027107
0.17,0.49,0.75,0.24,0.73,0.71,0.5027108
0.18,0.42,0.72,0.23,0.75,0.71,0.5027108
0.18,0.43,0.71,0.26,0.74,0.7,0.5027108
0.16,0.49,0.75,0.27,0.72,0.7,0.5027109
0.17,0.47,0.73,0.2,0.72,0.7,0.502711
0.18,0.46,0.73,0.28,0.75,0.72,0.502711
0.18,0.41,0.72,0.23,0.75,0.72,0.5027111
0.16,0.46,0.75,0.27,0.74,0.71,0.5027113
0.16,0.48,0.73,0.21,0.73,0.7,0.5027113
0.16,0.5,0.74,0.28,0.74,0.71,0.5027113
0.17,0.47,0.7,0.28,0.75,0.71,0.5027113
0.17,0.47,0.74,0.29,0.74,0.71,0.5027113
0.17,0.49,0.72,0.28,0.73,0.7,0.5027113
0.16,0.42,0.7,0.25,0.74,0.71,0.5027114
0.17,0.41,0.73,0.21,0.72,0.72,0.5027114
0.18,0.47,0.72,0.28,0.72,0.71,0.5027114
0.16,0.46,0.71,0.27,0.72,0.72,0.5027116
0.17,0.41,0.73,0.2,0.76,0.72,0.5027116
0.16,0.48,0.71,0.28,0.75,0.72,0.5027118
0.16,0.41,0.7,0.22,0.72,0.72,0.502712
0.16,0.41,0.72,0.23,0.74,0.7,0.502712
0.17,0.41,0.73,0.21,0.72,0.71,0.5027121
0.17,0.48,0.71,0.26,0.74,0.7,0.5027122
0.17,0.46,0.71,0.23,0.76,0.7,0.5027123
0.18,0.47,0.74,0.27,0.74,0.71,0.5027123
0.17,0.45,0.75,0.26,0.74,0.72,0.5027124
0.16,0.49,0.73,0.26,0.75,0.71,0.5027125
0.16,0.49,0.71,0.21,0.74,0.71,0.5027126
0.17,0.44,0.72,0.2,0.73,0.7,0.5027126
0.18,0.46,0.75,0.22,0.72,0.72,0.5027126
0.18,0.45,0.73,0.25,0.72,0.72,0.5027127
0.16,0.45,0.75,0.21,0.75,0.72,0.5027128
0.16,0.49,0.7,0.2,0.76,0.72,0.5027128
0.17,0.46,0.74,0.24,0.74,0.71,0.5027129
0.18,0.42,0.71,0.23,0.74,0.7,0.5027132
0.18,0.45,0.71,0.22,0.76,0.7,0.5027132
0.16,0.49,0.72,0.22,0.72,0.7,0.5027133
0.16,0.43,0.7,0.28,0.76,0.7,0.5027134
0.16,0.48,0.75,0.21,0.73,0.71,0.5027135
0.16,0.48,0.7,0.27,0.73,0.72,0.5027136
0.16,0.42,0.7,0.25,0.73,0.7,0.5027137
0.17,0.41,0.72,0.2,0.75,0.71,0.5027137
0.18,0.41,0.72,0.23,0.74,0.71,0.5027137
0.18,0.49,0.75,0.21,0.74,0.72,0.5027137
0.17,0.43,0.74,0.24,0.76,0.72,0.5027138
0.16,0.46,0.74,0.27,0.73,0.7,0.5027139
0.18,0.46,0.73,0.28,0.74,0.71,0.502714
0.16,0.45,0.72,0.27,0.74,0.72,0.5027142
0.16,0.5,0.71,0.26,0.76,0.72,0.5027142
0.17,0.47,0.7,0.24,0.75,0.7,0.5027146
0.16,0.46,0.73,0.26,0.76,0.7,0.5027147
0.17,0.45,0.7,0.26,0.72,0.72,0.5027147
0.16,0.48,0.72,0.24,0.76,0.71,0.5027149
0.18,0.46,0.74,0.21,0.75,0.72,0.5027149
0.16,0.42,0.75,0.22,0.73,0.72,0.502715
0.18,0.47,0.73,0.27,0.73,0.7,0.502715
0.16,0.4,0.71,0.22,0.74,0.72,0.5027151
0.16,0.41,0.71,0.25,0.76,0.71,0.5027151
0.16,0.5,0.75,0.29,0.72,0.7,0.5027151
0.16,0.45,0.74,0.21,0.74,0.71,0.5027153
0.16,0.49,0.74,0.27,0.73,0.7,0.5027153
0.16,0.5,0.7,0.22,0.73,0.71,0.5027153
0.18,0.47,0.7,0.28,0.76,0.72,0.5027153
0.17,0.46,0.73,0.24,0.73,0.7,0.5027156
0.18,0.44,0.74,0.25,0.74,0.72,0.5027157
0.16,0.5,0.72,0.27,0.74,0.71,0.502716
0.17,0.41,0.71,0.2,0.74,0.7,0.502716
0.18,0.43,0.74,0.22,0.73,0.72,0.502716
0.17,0.43,0.73,0.24,0.75,0.71,0.5027162
0.16,0.42,0.74,0.21,0.76,0.72,0.5027163
0.16,0.48,0.74,0.21,0.72,0.7,0.5027164
0.16,0.46,0.72,0.3,0.76,0.71,0.5027165
0.16,0.47,0.72,0.3,0.75,0.71,0.5027165
0.16,0.45,0.72,0.27,0.73,0.71,0.5027167
0.16,0.47,0.7,0.28,0.75,0.7,0.5027168
0.16,0.48,0.73,0.25,0.74,0.7,0.5027168
0.17,0.46,0.71,0.3,0.75,0.7,0.5027168
0.18,0.4,0.72,0.2,0.72,0.72,0.502717
0.16,0.42,0.74,0.22,0.72,0.71,0.5027171
0.17,0.44,0.71,0.26,0.74,0.72,0.5027172
0.16,0.4,0.71,0.22,0.73,0.71,0.5027173
0.16,0.44,0.73,0.27,0.76,0.72,0.5027174
0.16,0.48,0.71,0.2,0.73,0.7,0.5027175
0.16,0.41,0.71,0.25,0.75,0.7,0.5027176
0.16,0.47,0.71,0.29,0.73,0.71,0.5027176
0.18,0.46,0.73,0.21,0.74,0.71,0.5027176
0.18,0.43,0.73,0.21,0.76,0.72,0.5027178
0.16,0.45,0.73,0.21,0.73,0.7,0.5027179
0.16,0.49,0.71,0.25,0.75,0.71,0.5027179
0.18,0.49,0.75,0.3,0.74,0.72,0.5027179
0.18,0.48,0.75,0.25,0.75,0.72,0.502718
0.18,0.43,0.73,0.22,0.72,0.71,0.5027184
0.16,0.42,0.73,0.21,0.75,0.71,0.5027186
0.17,0.4,0.7,0.24,0.76,0.71,0.5027186
0.17,0.43,0.72,0.24,0.74,0.7,0.5027187
0.17,0.46,0.7,0.29,0.73,0.7,0.5027187
0.17,0.48,0.75,0.28,0.74,0.71,0.5027188
0.16,0.43,0.73,0.24,0.73,0.72,0.5027189
0.16,0.5,0.73,0.28,0.72,0.7,0.5027189
0.17,0.47,0.72,0.29,0.76,0.7,0.5027189
0.18,0.5,0.73,0.29,0.72,0.71,0.5027189
0.16,0.47,0.75,0.25,0.74,0.71,0.5027191
0.17,0.45,0.71,0.29,0.76,0.71,0.5027191
0.18,0.5,0.74,0.23,0.74,0.72,0.5027191
0.16,0.46,0.72,0.3,0.75,0.7,0.5027193
0.16,0.45,0.72,0.27,0.72,0.7,0.5027195
0.16,0.47,0.72,0.23,0.75,0.7,0.5027195
0.16,0.4,0.71,0.22,0.72,0.7,0.5027196
0.17,0.44,0.71,0.26,0.73,0.71,0.5027196
0.16,0.49,0.7,0.21,0.72,0.7,0.5027198
0.16,0.49,0.72,0.26,0.73,0.7,0.5027199
0.16,0.44,0.73,0.27,0.75,0.71,0.50272
0.16,0.44,0.75,0.25,0.76,0.72,0.50272
0.17,0.47,0.75,0.22,0.75,0.72,0.5027201
0.17,0.43,0.72,0.26,0.76,0.72,0.5027203
0.17,0.47,0.72,0.3,0.76,0.72,0.5027203
0.18,0.43,0.72,0.21,0.75,0.71,0.5027203
0.16,0.48,0.74,0.29,0.73,0.72,0.5027205
0.18,0.46,0.72,0.21,0.73,0.7,0.5027205
0.17,0.47,0.7,0.28,0.76,0.71,0.5027206
0.16,0.48,0.71,0.28,0.76,0.72,0.5027209
0.18,0.43,0.7,0.25,0.74,0.72,0.5027209
0.18,0.48,0.74,0.25,0.74,0.71,0.5027209
0.18,0.49,0.75,0.3,0.73,0.71,0.5027209
0.16,0.42,0.72,0.21,0.74,0.7,0.502721
0.18,0.45,0.74,0.25,0.76,0.72,0.502721
0.17,0.4,0.7,0.24,0.75,0.7,0.5027212
0.16,0.48,0.7,0.23,0.76,0.71,0.5027213
0.17,0.44,0.75,0.23,0.73,0.72,0.5027213
0.16,0.43,0.73,0.24,0.72,0.71,0.5027214
0.17,0.47,0.71,0.29,0.74,0.72,0.5027216
0.17,0.48,0.74,0.28,0.73,0.7,0.5027216
0.16,0.47,0.74,0.25,0.73,0.7,0.5027218
0.18,0.48,0.74,0.2,0.76,0.72,0.5027218
0.17,0.45,0.71,0.29,0.75,0.7,0.5027219
0.16,0.48,0.71,0.24,0.74,0.7,0.502722
0.18,0.44,0.7,0.28,0.76,0.71,0.502722
0.16,0.42,0.74,0.24,0.75,0.72,0.5027224
0.16,0.45,0.72,0.2,0.76,0.7,0.5027224
0.16,0.48,0.7,0.27,0.74,0.72,0.5027224
0.17,0.44,0.71,0.26,0.72,0.7,0.5027224
0.16,0.44,0.74,0.25,0.75,0.71,0.5027225
0.18,0.49,0.75,0.26,0.76,0.72,0.5027225
0.16,0.44,0.73,0.27,0.74,0.7,0.5027228
0.17,0.42,0.72,0.23,0.73,0.72,0.5027228
0.17,0.44,0.74,0.22,0.76,0.72,0.5027229
0.17,0.47,0.74,0.22,0.74,0.71,0.5027229
0.17,0.47,0.7,0.28,0.76,0.7,0.502723
0.17,0.47,0.73,0.28,0.73,0.72,0.502723
0.18,0.43,0.71,0.21,0.74,0.7,0.502723
0.16,0.47,0.75,0.29,0.75,0.72,0.5027231
0.17,0.43,0.72,0.26,0.75,0.71,0.5027231
0.18,0.49,0.73,0.21,0.75,0.72,0.5027231
0.18,0.47,0.75,0.2,0.72,0.72,0.5027232
0.16,0.48,0.74,0.29,0.72,0.71,0.5027234
0.17,0.47,0.7,0.28,0.72,0.72,0.5027234
0.18,0.43,0.7,0.25,0.73,0.71,0.5027234
0.18,0.45,0.73,0.25,0.75,0.71,0.5027237
0.16,0.46,0.71,0.21,0.76,0.7,0.5027238
0.18,0.48,0.73,0.25,0.73,0.7,0.5027238
0.17,0.44,0.74,0.23,0.72,0.71,0.5027239
0.18,0.42,0.71,0.25,0.76,0.72,0.502724
0.16,0.43,0.75,0.2,0.73,0.72,0.5027245
0.16,0.46,0.75,0.26,0.72,0.72,0.5027245
0.18,0.4,0.71,0.21,0.76,0.71,0.5027246
0.18,0.49,0.74,0.22,0.73,0.71,0.5027246
0.18,0.44,0.7,0.28,0.75,0.7,0.5027249
0.18,0.5,0.72,0.22,0.74,0.72,0.5027249
0.16,0.44,0.73,0.25,0.74,0.7,0.5027251
0.18,0.47,0.72,0.3,0.76,0.72,0.5027251
0.16,0.49,0.7,0.25,0.73,0.7,0.5027252
0.18,0.5,0.74,0.27,0.75,0.72,0.5027252
0.17,0.42,0.72,0.23,0.72,0.71,0.5027254
0.16,0.47,0.7,0.22,0.75,0.7,0.5027255
0.17,0.44,0.73,0.22,0.75,0.71,0.5027255
0.16,0.47,0.72,0.3,0.76,0.71,0.5027256
0.17,0.46,0.74,0.28,0.75,0.72,0.5027257
0.17,0.47,0.73,0.22,0.73,0.7,0.5027258
0.17,0.43,0.72,0.26,0.74,0.7,0.5027259
0.17,0.46,0.71,0.3,0.76,0.7,0.5027259
0.18,0.44,0.74,0.2,0.73,0.72,0.5027259
0.16,0.48,0.73,0.29,0.75,0.7,0.502726
0.17,0.47,0.73,0.28,0.72,0.71,0.502726
0.18,0.46,0.72,0.27,0.73,0.72,0.502726
0.16,0.47,0.75,0.29,0.74,0.71,0.5027261
0.17,0.41,0.73,0.23,0.75,0.72,0.5027261
0.18,0.43,0.7,0.25,0.72,0.7,0.5027261
0.16,0.47,0.7,0.28,0.76,0.7,0.5027262
0.17,0.46,0.7,0.29,0.74,0.7,0.5027263
0.16,0.47,0.71,0.29,0.74,0.71,0.5027264
0.18,0.5,0.73,0.23,0.72,0.71,0.5027264
0.18,0.45,0.72,0.25,0.74,0.7,0.5027265
0.16,0.41,0.74,0.21,0.72,0.72,0.5027267
0.16,0.43,0.74,0.2,0.72,0.71,0.5027267
0.17,0.49,0.75,0.26,0.74,0.71,0.5027267
0.18,0.42,0.71,0.25,0.75,0.71,0.5027267
0.17,0.46,0.75,0.26,0.76,0.72,0.5027268
0.16,0.47,0.72,0.27,0.76,0.7,0.5027269
0.18,0.4,0.7,0.21,0.75,0.7,0.502727
0.18,0.47,0.75,0.29,0.76,0.72,0.5027271
0.18,0.49,0.73,0.25,0.76,0.72,0.5027272
0.18,0.41,0.71,0.22,0.73,0.72,0.5027275
0.18,0.5,0.73,0.29,0.73,0.71,0.5027275
0.17,0.45,0.74,0.25,0.72,0.72,0.5027276
0.18,0.47,0.72,0.3,0.75,0.71,0.5027279
0.18,0.42,0.72,0.25,0.76,0.71,0.502728
0.18,0.49,0.75,0.23,0.75,0.72,0.502728
0.16,0.41,0.7,0.24,0.75,0.72,0.5027281
0.17,0.44,0.72,0.22,0.74,0.7,0.5027282
0.16,0.46,0.71,0.29,0.75,0.72,0.5027283
0.16,0.47,0.7,0.28,0.72,0.71,0.5027283
0.18,0.44,0.73,0.2,0.72,0.71,0.5027284
0.16,0.49,0.75,0.29,0.73,0.7,0.5027285
0.18,0.46,0.75,0.24,0.73,0.72,0.5027285
0.16,0.45,0.75,0.23,0.76,0.72,0.5027286
0.16,0.48,0.75,0.23,0.74,0.71,0.5027286
0.17,0.46,0.74,0.28,0.74,0.71,0.5027287
0.17,0.49,0.75,0.2,0.75,0.72,0.5027288
0.18,0.45,0.73,0.27,0.75,0.72,0.5027288
0.18,0.5,0.75,0.28,0.73,0.71,0.5027288
0.18,0.48,0.73,0.2,0.74,0.71,0.5027289
0.18,0.46,0.72,0.27,0.72,0.71,0.502729
0.16,0.4,0.74,0.2,0.74,0.72,0.5027294
0.17,0.41,0.72,0.22,0.76,0.71,0.5027294
0.17,0.46,0.74,0.26,0.75,0.71,0.5027295
0.18,0.42,0.71,0.25,0.74,0.7,0.5027296
0.18,0.49,0.71,0.2,0.75,0.72,0.5027296
0.16,0.45,0.71,0.26,0.72,0.72,0.5027297
0.18,0.47,0.74,0.29,0.75,0.71,0.5027298
0.16,0.45,0.75,0.24,0.72,0.71,0.50273
0.17,0.5,0.75,0.3,0.72,0.72,0.50273
0.18,0.49,0.74,0.26,0.74,0.71,0.50273
0.17,0.5,0.74,0.21,0.74,0.72,0.5027301
0.18,0.41,0.71,0.22,0.72,0.71,0.5027301
0.18,0.46,0.74,0.23,0.76,0.72,0.5027301
0.17,0.47,0.71,0.29,0.75,0.72,0.5027302
0.18,0.5,0.72,0.26,0.75,0.72,0.5027302
0.16,0.48,0.71,0.28,0.75,0.7,0.5027303
0.18,0.46,0.7,0.29,0.75,0.71,0.5027303
0.18,0.49,0.72,0.21,0.73,0.71,0.5027303
0.16,0.41,0.7,0.24,0.74,0.71,0.5027304
0.18,0.41,0.73,0.2,0.74,0.72,0.5027305
0.18,0.42,0.71,0.25,0.75,0.7,0.5027306
0.17,0.45,0.75,0.21,0.73,0.72,0.5027308
0.18,0.4,0.72,0.22,0.75,0.72,0.5027308
0.16,0.46,0.71,0.29,0.74,0.71,0.502731
0.18,0.47,0.72,0.3,0.74,0.7,0.502731
0.17,0.45,0.7,0.28,0.75,0.72,0.5027312
0.16,0.45,0.74,0.23,0.75,0.71,0.5027313
0.18,0.46,0.74,0.24,0.72,0.71,0.5027313
0.18,0.44,0.73,0.24,0.72,0.72,0.5027314
0.16,0.48,0.7,0.27,0.75,0.72,0.5027315
0.16,0.48,0.74,0.23,0.73,0.7,0.5027315
0.16,0.4,0.73,0.2,0.73,0.71,0.5027316
0.16,0.42,0.7,0.27,0.76,0.7,0.5027316
0.17,0.49,0.75,0.24,0.76,0.72,0.5027318
0.18,0.45,0.73,0.27,0.74,0.71,0.5027318
0.18,0.5,0.7,0.21,0.74,0.72,0.5027318
0.17,0.5,0.75,0.22,0.72,0.71,0.5027319
0.16,0.47,0.7,0.26,0.76,0.7,0.502732
0.17,0.4,0.73,0.2,0.72,0.72,0.5027321
0.17,0.41,0.71,0.22,0.75,0.7,0.5027321
0.17,0.47,0.7,0.28,0.73,0.72,0.5027321
0.17,0.48,0.75,0.2,0.75,0.72,0.5027321
0.18,0.48,0.73,0.24,0.75,0.71,0.5027321
0.16,0.4,0.7,0.21,0.72,0.72,0.5027323
0.16,0.44,0.72,0.26,0.74,0.72,0.5027324
0.17,0.46,0.73,0.26,0.74,0.7,0.5027324
0.18,0.5,0.71,0.22,0.72,0.71,0.5027324
0.18,0.47,0.73,0.29,0.74,0.7,0.5027326
0.18,0.49,0.74,0.29,0.72,0.72,0.5027327
0.18,0.41,0.72,0.2,0.73,0.71,0.5027328
0.16,0.41,0.7,0.24,0.73,0.7,0.5027329
0.18,0.46,0.73,0.23,0.75,0.71,0.5027329
0.18,0.5,0.73,0.27,0.73,0.71,0.5027329
0.18,0.49,0.71,0.24,0.76,0.72,0.502733
0.17,0.44,0.7,0.25,0.72,0.72,0.5027332
0.17,0.45,0.74,0.21,0.72,0.71,0.5027335
0.16,0.46,0.71,0.29,0.73,0.7,0.5027337
0.17,0.45,0.7,0.28,0.74,0.71,0.5027338
0.16,0.4,0.72,0.2,0.72,0.7,0.5027339
0.17,0.43,0.73,0.26,0.76,0.71,0.5027339
0.17,0.45,0.74,0.2,0.76,0.72,0.5027339
0.16,0.45,0.73,0.23,0.74,0.7,0.502734
0.16,0.45,0.72,0.29,0.76,0.71,0.5027341
0.18,0.48,0.75,0.27,0.76,0.72,0.5027341
0.16,0.4,0.71,0.24,0.76,0.71,0.5027342
0.18,0.43,0.74,0.24,0.74,0.72,0.5027342
0.17,0.5,0.74,0.25,0.75,0.72,0.5027343
0.18,0.49,0.72,0.25,0.74,0.71,0.5027347
0.17,0.42,0.74,0.21,0.74,0.72,0.5027348
0.16,0.44,0.72,0.26,0.73,0.71,0.5027349
0.18,0.48,0.75,0.29,0.74,0.72,0.5027349
0.16,0.42,0.73,0.23,0.76,0.71,0.502735
0.18,0.43,0.73,0.24,0.73,0.71,0.502735
0.17,0.48,0.74,0.2,0.74,0.71,0.5027351
0.16,0.47,0.71,0.29,0.75,0.71,0.5027353
0.18,0.41,0.71,0.2,0.72,0.7,0.5027353
0.16,0.43,0.73,0.26,0.76,0.72,0.5027355
0.17,0.46,0.7,0.29,0.75,0.7,0.5027355
0.17,0.47,0.75,0.24,0.76,0.72,0.5027355
0.17,0.43,0.71,0.25,0.74,0.72,0.5027358
0.18,0.46,0.72,0.23,0.74,0.7,0.5027358
0.16,0.47,0.75,0.27,0.75,0.71,0.5027359
0.17,0.49,0.74,0.2,0.73,0.71,0.502736
0.18,0.47,0.72,0.22,0.76,0.71,0.5027361
0.18,0.5,0.7,0.25,0.75,0.72,0.5027361
0.18,0.48,0.72,0.2,0.72,0.7,0.5027362
0.17,0.48,0.75,0.3,0.75,0.71,0.5027363
0.18,0.43,0.72,0.23,0.76,0.71,0.5027363
0.17,0.43,0.72,0.26,0.75,0.7,0.5027366
0.17,0.45,0.7,0.28,0.73,0.7,0.5027366
0.17,0.5,0.72,0.2,0.74,0.72,0.5027367
0.16,0.4,0.71,0.24,0.75,0.7,0.5027368
0.17,0.45,0.73,0.2,0.75,0.71,0.5027368
0.16,0.45,0.72,0.29,0.75,0.7,0.5027369
0.17,0.44,0.71,0.28,0.76,0.71,0.5027369
0.18,0.49,0.7,0.2,0.73,0.71,0.5027369
0.18,0.48,0.74,0.27,0.75,0.71,0.502737
0.16,0.47,0.7,0.28,0.73,0.71,0.5027371
0.17,0.47,0.75,0.25,0.72,0.71,0.5027371
0.18,0.48,0.75,0.28,0.72,0.71,0.5027371
0.17,0.42,0.73,0.21,0.73,0.71,0.5027372
0.17,0.5,0.75,0.26,0.73,0.71,0.5027372
0.17,0.49,0.73,0.23,0.76,0.72,0.5027374
0.17,0.5,0.73,0.21,0.72,0.71,0.5027376
0.16,0.42,0.72,0.23,0.75,0.7,0.5027377
0.18,0.5,0.74,0.3,0.72,0.72,0.5027377
0.16,0.44,0.72,0.26,0.72,0.7,0.5027378
0.18,0.43,0.72,0.24,0.72,0.7,0.5027378
0.18,0.48,0.71,0.23,0.75,0.71,0.5027378
0.18,0.49,0.73,0.26,0.72,0.7,0.5027378
0.18,0.5,0.72,0.28,0.72,0.71,0.5027378
0.16,0.47,0.74,0.28,0.73,0.72,0.5027379
0.16,0.42,0.73,0.23,0.73,0.72,0.502738
0.17,0.44,0.75,0.25,0.74,0.72,0.502738
0.18,0.47,0.75,0.22,0.73,0.72,0.502738
0.18,0.5,0.71,0.26,0.73,0.71,0.502738
0.16,0.43,0.73,0.26,0.75,0.71,0.5027383
0.17,0.43,0.71,0.25,0.73,0.71,0.5027383
0.17,0.47,0.74,0.24,0.75,0.71,0.5027383
0.16,0.47,0.74,0.27,0.74,0.7,0.5027387
0.16,0.46,0.75,0.21,0.76,0.72,0.5027389
0.17,0.47,0.71,0.29,0.76,0.72,0.5027389
0.16,0.46,0.75,0.22,0.72,0.71,0.502739
0.17,0.42,0.72,0.25,0.76,0.72,0.502739
0.18,0.49,0.74,0.3,0.75,0.71,0.502739
0.17,0.48,0.74,0.3,0.74,0.7,0.5027392
0.17,0.49,0.74,0.24,0.74,0.71,0.5027392
0.18,0.43,0.71,0.23,0.75,0.7,0.5027392
0.18,0.46,0.7,0.29,0.76,0.71,0.5027392
0.17,0.47,0.73,0.3,0.76,0.72,0.5027396
0.18,0.48,0.73,0.28,0.76,0.71,0.5027396
0.18,0.48,0.72,0.24,0.73,0.7,0.5027397
0.16,0.43,0.75,0.22,0.74,0.72,0.5027398
0.17,0.42,0.72,0.21,0.72,0.7,0.5027398
0.17,0.44,0.71,0.28,0.75,0.7,0.5027398
0.17,0.45,0.72,0.2,0.74,0.7,0.5027398
0.17,0.42,0.72,0.2,0.76,0.71,0.5027399
0.18,0.42,0.7,0.24,0.74,0.72,0.5027399
0.18,0.47,0.71,0.29,0.74,0.72,0.5027399
0.18,0.43,0.7,0.27,0.76,0.71,0.5027401
0.16,0.44,0.74,0.27,0.76,0.71,0.5027402
0.17,0.5,0.72,0.24,0.75,0.72,0.5027402
0.18,0.49,0.7,0.24,0.74,0.71,0.5027405
0.16,0.42,0.73,0.23,0.72,0.71,0.5027406
0.16,0.46,0.75,0.28,0.75,0.72,0.5027406
0.16,0.48,0.7,0.27,0.76,0.72,0.5027406
0.18,0.45,0.73,0.27,0.76,0.71,0.5027406
0.17,0.44,0.74,0.25,0.73,0.71,0.5027407
0.17,0.46,0.73,0.27,0.73,0.72,0.5027407
0.17,0.47,0.7,0.28,0.74,0.72,0.5027408
0.16,0.47,0.74,0.28,0.72,0.71,0.5027409
0.18,0.47,0.74,0.22,0.72,0.71,0.502741
0.17,0.43,0.71,0.25,0.72,0.7,0.5027411
0.18,0.44,0.74,0.22,0.74,0.72,0.5027411
0.17,0.47,0.73,0.24,0.74,0.7,0.5027413
0.18,0.47,0.74,0.21,0.76,0.72,0.5027414
0.16,0.41,0.74,0.23,0.75,0.72,0.5027415
0.16,0.46,0.74,0.21,0.75,0.71,0.5027417
0.17,0.42,0.72,0.25,0.75,0.71,0.5027417
0.17,0.44,0.73,0.24,0.76,0.71,0.5027418
0.17,0.5,0.73,0.25,0.73,0.71,0.5027421
0.16,0.43,0.74,0.22,0.73,0.71,0.5027423
0.17,0.5,0.74,0.29,0.76,0.72,0.5027424
0.17,0.5,0.74,0.3,0.72,0.71,0.5027424
0.18,0.46,0.72,0.29,0.76,0.72,0.5027424
0.17,0.41,0.72,0.22,0.73,0.72,0.5027425
0.18,0.42,0.7,0.24,0.73,0.71,0.5027425
0.18,0.47,0.7,0.21,0.76,0.71,0.5027425
0.17,0.42,0.71,0.2,0.75,0.7,0.5027426
0.17,0.47,0.73,0.3,0.75,0.71,0.5027426
0.18,0.49,0.71,0.25,0.72,0.7,0.5027426
0.18,0.49,0.73,0.3,0.72,0.7,0.5027426
0.16,0.45,0.75,0.25,0.72,0.72,0.5027427
0.16,0.49,0.75,0.22,0.76,0.72,0.5027428
0.17,0.48,0.73,0.22,0.75,0.71,0.5027428
0.18,0.47,0.71,0.29,0.73,0.71,0.5027429
0.16,0.44,0.73,0.27,0.75,0.7,0.502743
0.18,0.41,0.71,0.24,0.76,0.72,0.502743
0.18,0.43,0.7,0.27,0.75,0.7,0.502743
0.18,0.47,0.71,0.22,0.74,0.7,0.5027433
0.16,0.5,0.75,0.2,0.72,0.71,0.5027435
0.17,0.45,0.74,0.27,0.75,0.72,0.5027435
0.18,0.45,0.72,0.27,0.75,0.7,0.5027435
0.16,0.46,0.75,0.28,0.74,0.71,0.5027436
0.17,0.44,0.73,0.25,0.72,0.7,0.5027436
0.17,0.46,0.73,0.27,0.72,0.71,0.5027437
0.18,0.4,0.7,0.23,0.76,0.7,0.5027437
0.16,0.46,0.7,0.28,0.73,0.72,0.5027439
0.18,0.44,0.73,0.22,0.73,0.71,0.5027439
0.18,0.45,0.72,0.26,0.73,0.72,0.502744
0.18,0.48,0.71,0.27,0.76,0.71,0.502744
0.17,0.49,0.71,0.22,0.76,0.72,0.5027442
0.17,0.5,0.71,0.2,0.72,0.71,0.5027442
0.16,0.48,0.75,0.25,0.75,0.71,0.5027443
0.16,0.47,0.71,0.29,0.76,0.71,0.5027445
0.18,0.47,0.73,0.21,0.75,0.71,0.5027445
0.17,0.44,0.72,0.24,0.75,0.7,0.5027446
0.16,0.43,0.73,0.21,0.76,0.71,0.5027447
0.16,0.46,0.73,0.21,0.74,0.7,0.5027447
0.17,0.46,0.7,0.29,0.76,0.7,0.5027447
0.16,0.5,0.74,0.23,0.75,0.72,0.5027449
0.17,0.49,0.72,0.23,0.74,0.71,0.5027449
0.18,0.46,0.75,0.26,0.74,0.72,0.5027449
0.18,0.49,0.75,0.26,0.72,0.71,0.5027449
0.16,0.43,0.73,0.22,0.72,0.7,0.5027451
0.17,0.41,0.72,0.22,0.72,0.71,0.5027451
0.18,0.48,0.7,0.23,0.73,0.7,0.5027453
0.18,0.42,0.7,0.24,0.72,0.7,0.5027454
0.18,0.46,0.72,0.29,0.75,0.71,0.5027454
0.18,0.41,0.73,0.22,0.75,0.72,0.5027457
0.17,0.47,0.73,0.3,0.74,0.7,0.5027458
0.18,0.41,0.71,0.24,0.75,0.71,0.5027458
0.16,0.47,0.7,0.28,0.74,0.71,0.5027459
0.17,0.4,0.73,0.22,0.75,0.72,0.5027459
0.18,0.5,0.74,0.3,0.73,0.72,0.502746
0.17,0.48,0.75,0.22,0.76,0.72,0.5027461
0.18,0.47,0.71,0.29,0.72,0.7,0.5027461
0.16,0.45,0.71,0.28,0.75,0.72,0.5027462
0.17,0.44,0.74,0.24,0.72,0.72,0.5027462
0.17,0.5,0.75,0.3,0.74,0.71,0.5027463
0.17,0.45,0.75,0.23,0.74,0.72,0.5027464
0.16,0.46,0.7,0.28,0.72,0.71,0.5027466
0.17,0.45,0.74,0.27,0.74,0.71,0.5027466
0.17,0.48,0.75,0.23,0.72,0.71,0.5027466
0.18,0.5,0.72,0.28,0.73,0.71,0.5027466
0.17,0.49,0.74,0.28,0.75,0.71,0.5027467
0.18,0.44,0.72,0.21,0.76,0.71,0.5027467
0.18,0.44,0.72,0.22,0.72,0.7,0.5027468
0.17,0.46,0.74,0.28,0.76,0.71,0.5027469
0.16,0.5,0.75,0.24,0.73,0.71,0.502747
0.17,0.49,0.73,0.24,0.72,0.7,0.502747
0.17,0.5,0.7,0.23,0.75,0.72,0.502747
0.18,0.44,0.73,0.26,0.75,0.72,0.502747
0.16,0.45,0.75,0.26,0.73,0.71,0.5027471
0.17,0.49,0.75,0.29,0.72,0.72,0.5027471
0.18,0.45,0.72,0.26,0.72,0.71,0.5027471
0.16,0.4,0.74,0.2,0.72,0.72,0.5027474
0.18,0.48,0.72,0.28,0.74,0.7,0.5027474
0.16,0.4,0.7,0.23,0.75,0.72,0.5027475
0.16,0.43,0.72,0.21,0.75,0.7,0.5027475
0.16,0.4,0.73,0.22,0.74,0.71,0.5027476
0.16,0.45,0.74,0.25,0.76,0.71,0.5027476
0.16,0.5,0.74,0.3,0.72,0.7,0.5027476
0.17,0.47,0.72,0.2,0.76,0.71,0.5027478
0.17,0.5,0.71,0.24,0.73,0.71,0.5027478
0.18,0.4,0.71,0.21,0.73,0.72,0.5027479
0.18,0.46,0.74,0.26,0.73,0.71,0.5027479
0.17,0.48,0.73,0.26,0.76,0.71,0.5027482
0.18,0.41,0.72,0.22,0.74,0.71,0.5027483
0.16,0.44,0.71,0.25,0.72,0.72,0.5027484
0.18,0.46,0.7,0.2,0.75,0.7,0.5027484
0.18,0.46,0.72,0.29,0.74,0.7,0.5027486
0.16,0.45,0.71,0.28,0.74,0.71,0.5027489
0.18,0.47,0.71,0.26,0.75,0.7,0.5027489
0.18,0.46,0.73,0.25,0.76,0.71,0.502749
0.16,0.49,0.73,0.21,0.76,0.72,0.5027492
0.17,0.41,0.71,0.24,0.76,0.7,0.5027492
0.17,0.44,0.7,0.27,0.75,0.72,0.5027493
0.17,0.45,0.74,0.23,0.73,0.71,0.5027493
0.17,0.47,0.7,0.28,0.75,0.72,0.5027495
0.17,0.48,0.71,0.21,0.75,0.71,0.5027495
0.18,0.48,0.75,0.2,0.73,0.72,0.5027496
0.16,0.44,0.75,0.2,0.74,0.72,0.5027498
0.17,0.46,0.73,0.28,0.75,0.7,0.5027498
0.18,0.44,0.71,0.21,0.75,0.7,0.5027498
0.16,0.4,0.7,0.23,0.74,0.71,0.5027499
0.16,0.4,0.72,0.22,0.73,0.7,0.50275
0.16,0.45,0.74,0.26,0.72,0.7,0.50275
0.16,0.47,0.75,0.2,0.72,0.71,0.50275
0.18,0.44,0.73,0.26,0.74,0.71,0.50275
0.16,0.49,0.74,0.22,0.74,0.71,0.5027501
0.18,0.48,0.74,0.28,0.72,0.72,0.5027501
0.16,0.41,0.7,0.26,0.76,0.7,0.5027503
0.17,0.48,0.72,0.22,0.73,0.7,0.5027503
0.18,0.43,0.73,0.23,0.72,0.72,0.5027504
0.16,0.45,0.73,0.25,0.75,0.7,0.5027505
0.17,0.42,0.74,0.23,0.75,0.72,0.5027505
0.18,0.4,0.71,0.21,0.72,0.71,0.5027506
0.16,0.43,0.72,0.25,0.74,0.72,0.5027509
0.18,0.46,0.73,0.26,0.72,0.7,0.5027509
0.17,0.5,0.74,0.3,0.73,0.71,0.502751
0.18,0.41,0.71,0.22,0.73,0.7,0.502751
0.16,0.5,0.74,0.27,0.76,0.72,0.5027511
0.18,0.49,0.73,0.3,0.73,0.7,0.5027513
0.17,0.49,0.72,0.27,0.75,0.71,0.5027514
0.16,0.5,0.72,0.22,0.75,0.72,0.5027515
0.16,0.4,0.71,0.21,0.76,0.7,0.5027516
0.17,0.45,0.73,0.22,0.76,0.71,0.5027516
0.18,0.45,0.74,0.2,0.74,0.72,0.5027516
0.16,0.48,0.73,0.3,0.74,0.72,0.5027517
0.16,0.45,0.71,0.28,0.73,0.7,0.5027518
0.17,0.49,0.7,0.22,0.74,0.71,0.5027518
0.18,0.46,0.7,0.24,0.76,0.7,0.5027518
0.17,0.44,0.7,0.27,0.74,0.71,0.5027519
0.16,0.44,0.72,0.28,0.76,0.71,0.502752
0.18,0.48,0.7,0.27,0.74,0.7,0.502752
0.18,0.46,0.72,0.25,0.75,0.7,0.5027521
0.17,0.43,0.7,0.24,0.72,0.72,0.5027523
0.17,0.45,0.73,0.23,0.72,0.7,0.5027523
0.18,0.47,0.75,0.28,0.74,0.72,0.5027523
0.16,0.5,0.73,0.23,0.73,0.71,0.5027524
0.16,0.4,0.7,0.23,0.73,0.7,0.5027525
0.16,0.44,0.74,0.2,0.73,0.71,0.5027526
0.17,0.49,0.71,0.23,0.72,0.7,0.5027528
0.18,0.48,0.74,0.2,0.72,0.71,0.5027528
0.17,0.42,0.73,0.23,0.74,0.71,0.5027532
0.18,0.41,0.7,0.21,0.76,0.7,0.5027532
0.16,0.47,0.75,0.29,0.76,0.71,0.5027534
0.18,0.47,0.75,0.24,0.74,0.72,0.5027534
0.16,0.43,0.72,0.25,0.73,0.71,0.5027535
0.17,0.48,0.71,0.25,0.76,0.71,0.5027538
0.17,0.47,0.75,0.27,0.73,0.71,0.5027539
0.18,0.48,0.74,0.29,0.76,0.71,0.502754
0.16,0.5,0.75,0.28,0.74,0.71,0.5027541
0.16,0.42,0.73,0.25,0.76,0.72,0.5027542
0.16,0.47,0.74,0.3,0.76,0.72,0.5027542
0.17,0.5,0.74,0.3,0.72,0.7,0.5027543
0.16,0.41,0.74,0.2,0.75,0.72,0.5027544
0.17,0.47,0.72,0.29,0.74,0.72,0.5027544
0.18,0.5,0.74,0.3,0.74,0.72,0.5027544
0.18,0.5,0.75,0.24,0.72,0.71,0.5027544
0.17,0.47,0.74,0.26,0.76,0.71,0.5027546
0.18,0.45,0.73,0.2,0.73,0.71,0.5027546
0.17,0.45,0.72,0.22,0.75,0.7,0.5027547
0.17,0.49,0.73,0.28,0.73,0.7,0.5027547
0.16,0.47,0.7,0.28,0.75,0.71,0.5027548
0.16,0.48,0.73,0.2,0.75,0.71,0.5027548
0.16,0.48,0.73,0.3,0.73,0.71,0.5027548
0.17,0.42,0.71,0.24,0.74,0.72,0.5027548
0.17,0.44,0.7,0.27,0.73,0.7,0.5027548
0.18,0.42,0.74,0.21,0.72,0.72,0.5027548
0.16,0.44,0.72,0.28,0.75,0.7,0.5027549
0.16,0.42,0.72,0.25,0.76,0.7,0.5027551
0.16,0.46,0.75,0.24,0.73,0.71,0.5027551
0.17,0.43,0.71,0.27,0.76,0.71,0.5027551
0.17,0.47,0.71,0.2,0.74,0.7,0.5027552
0.16,0.44,0.73,0.2,0.72,0.7,0.5027555
0.18,0.42,0.73,0.2,0.75,0.72,0.5027556
0.16,0.46,0.74,0.27,0.73,0.72,0.5027557
0.16,0.49,0.74,0.26,0.75,0.71,0.5027557
0.18,0.43,0.71,0.25,0.76,0.7,0.5027557
0.18,0.47,0.7,0.28,0.72,0.72,0.5027557
0.17,0.48,0.72,0.26,0.74,0.7,0.5027559
0.17,0.42,0.72,0.23,0.73,0.7,0.502756
0.16,0.43,0.75,0.24,0.75,0.72,0.5027562
0.17,0.46,0.75,0.21,0.74,0.72,0.5027563
0.18,0.5,0.73,0.29,0.72,0.72,0.5027563
0.16,0.43,0.72,0.25,0.72,0.7,0.5027564
0.16,0.47,0.74,0.29,0.75,0.7,0.5027564
0.18,0.47,0.74,0.24,0.73,0.71,0.5027565
0.16,0.49,0.71,0.2,0.76,0.72,0.5027566
0.17,0.46,0.72,0.23,0.76,0.7,0.5027566
0.16,0.49,0.72,0.21,0.74,0.71,0.5027567
0.16,0.5,0.72,0.26,0.76,0.72,0.5027567
0.16,0.41,0.73,0.2,0.74,0.71,0.5027569
0.18,0.44,0.74,0.24,0.75,0.72,0.5027569
0.16,0.42,0.73,0.25,0.75,0.71,0.502757
0.16,0.46,0.74,0.23,0.76,0.71,0.502757
0.17,0.47,0.74,0.27,0.72,0.7,0.502757
0.17,0.48,0.7,0.21,0.73,0.7,0.502757
0.17,0.49,0.7,0.26,0.75,0.71,0.502757
0.17,0.46,0.73,0.29,0.76,0.72,0.5027571
0.16,0.47,0.74,0.3,0.75,0.71,0.5027574
0.18,0.5,0.71,0.27,0.72,0.71,0.5027574
0.17,0.42,0.71,0.24,0.73,0.71,0.5027575
0.17,0.47,0.72,0.29,0.73,0.71,0.5027575
0.18,0.46,0.71,0.28,0.74,0.72,0.5027575
0.16,0.41,0.73,0.22,0.73,0.72,0.5027577
0.17,0.47,0.73,0.26,0.75,0.7,0.5027577
0.17,0.49,0.75,0.21,0.72,0.71,0.5027577
0.18,0.45,0.72,0.2,0.72,0.7,0.5027577
0.16,0.49,0.73,0.22,0.72,0.7,0.5027579
0.17,0.42,0.71,0.22,0.76,0.7,0.5027579
0.16,0.48,0.73,0.3,0.72,0.7,0.502758
0.17,0.41,0.72,0.24,0.76,0.72,0.502758
0.16,0.46,0.74,0.24,0.72,0.7,0.5027581
0.17,0.43,0.71,0.27,0.75,0.7,0.5027581
0.18,0.42,0.72,0.2,0.74,0.71,0.5027582
0.16,0.48,0.73,0.24,0.76,0.71,0.5027583
0.17,0.47,0.7,0.28,0.76,0.72,0.5027583
0.16,0.45,0.75,0.27,0.75,0.72,0.5027584
0.17,0.47,0.71,0.24,0.75,0.7,0.5027586
0.18,0.42,0.7,0.26,0.76,0.71,0.5027587
0.16,0.46,0.74,0.27,0.72,0.71,0.5027588
0.17,0.45,0.73,0.26,0.73,0.72,0.5027588
0.16,0.43,0.74,0.24,0.74,0.71,0.5027589
0.16,0.5,0.7,0.21,0.75,0.72,0.5027589
0.17,0.43,0.75,0.22,0.72,0.72,0.5027589
0.18,0.47,0.73,0.23,0.76,0.71,0.5027589
0.16,0.5,0.73,0.27,0.74,0.71,0.502759
0.16,0.5,0.71,0.22,0.73,0.71,0.5027592
0.18,0.41,0.7,0.23,0.74,0.72,0.5027592
0.17,0.46,0.74,0.21,0.73,0.71,0.5027593
0.17,0.49,0.71,0.27,0.73,0.7,0.5027594
0.16,0.41,0.72,0.2,0.73,0.7,0.5027596
0.17,0.5,0.74,0.3,0.74,0.71,0.5027596
0.18,0.47,0.73,0.24,0.72,0.7,0.5027598
0.16,0.46,0.71,0.3,0.75,0.7,0.5027599
0.17,0.43,0.74,0.21,0.75,0.72,0.5027599
0.18,0.44,0.73,0.24,0.74,0.71,0.5027599
0.16,0.46,0.73,0.23,0.75,0.7,0.50276
0.17,0.46,0.73,0.29,0.75,0.71,0.5027601
0.18,0.45,0.72,0.28,0.76,0.72,0.5027602
0.17,0.42,0.71,0.24,0.72,0.7,0.5027603
0.16,0.41,0.73,0.22,0.72,0.71,0.5027604
0.16,0.48,0.75,0.27,0.76,0.71,0.5027605
0.16,0.47,0.74,0.3,0.74,0.7,0.5027606
0.18,0.46,0.71,0.28,0.73,0.71,0.5027606
0.16,0.48,0.74,0.25,0.74,0.7,0.5027607
0.17,0.41,0.72,0.24,0.75,0.71,0.5027608
0.17,0.47,0.72,0.29,0.72,0.7,0.5027608
0.18,0.42,0.71,0.2,0.73,0.7,0.502761
0.16,0.46,0.7,0.29,0.73,0.7,0.5027611
0.16,0.49,0.72,0.25,0.75,0.71,0.5027611
0.16,0.44,0.75,0.24,0.72,0.72,0.5027612
0.17,0.5,0.73,0.29,0.72,0.71,0.5027612
0.18,0.49,0.75,0.28,0.73,0.71,0.5027613
0.16,0.4,0.74,0.22,0.75,0.72,0.5027614
0.18,0.45,0.72,0.29,0.76,0.7,0.5027614
0.17,0.48,0.7,0.25,0.74,0.7,0.5027615
0.17,0.44,0.72,0.26,0.76,0.7,0.5027616
0.18,0.49,0.72,0.29,0.72,0.7,0.5027616
0.17,0.44,0.74,0.26,0.75,0.72,0.5027617
0.18,0.42,0.7,0.26,0.75,0.7,0.5027617
0.16,0.43,0.73,0.24,0.73,0.7,0.5027618
0.16,0.45,0.7,0.27,0.73,0.72,0.502762
0.17,0.45,0.73,0.26,0.72,0.71,0.502762
0.18,0.41,0.7,0.23,0.73,0.71,0.502762
0.17,0.47,0.73,0.29,0.76,0.7,0.5027621
0.17,0.48,0.75,0.25,0.73,0.71,0.5027621
0.16,0.5,0.74,0.28,0.72,0.7,0.5027622
0.16,0.48,0.72,0.2,0.73,0.7,0.5027623
0.17,0.45,0.75,0.25,0.75,0.72,0.5027623
0.18,0.4,0.71,0.23,0.76,0.72,0.5027623
0.18,0.5,0.75,0.23,0.74,0.72,0.5027624
0.17,0.46,0.73,0.21,0.72,0.7,0.5027626
0.18,0.44,0.72,0.25,0.73,0.72,0.5027627
0.17,0.43,0.73,0.21,0.74,0.71,0.5027628
0.17,0.46,0.7,0.22,0.76,0.7,0.5027628
0.16,0.47,0.72,0.3,0.76,0.72,0.5027629
0.17,0.4,0.72,0.21,0.73,0.72,0.5027629
0.18,0.5,0.74,0.3,0.75,0.72,0.5027629
0.18,0.44,0.72,0.24,0.73,0.7,0.502763
0.18,0.45,0.72,0.28,0.75,0.71,0.5027632
0.17,0.46,0.71,0.3,0.76,0.71,0.5027633
0.16,0.5,0.7,0.25,0.76,0.72,0.5027634
0.17,0.46,0.73,0.29,0.74,0.7,0.5027634
0.16,0.48,0.75,0.28,0.72,0.7,0.5027635
0.16,0.43,0.72,0.23,0.76,0.7,0.5027636
0.16,0.49,0.73,0.26,0.73,0.7,0.5027636
0.18,0.48,0.75,0.22,0.74,0.72,0.5027636
0.16,0.47,0.73,0.23,0.75,0.7,0.5027637
0.17,0.46,0.73,0.2,0.76,0.71,0.5027637
0.18,0.46,0.71,0.28,0.72,0.7,0.5027639
0.16,0.47,0.7,0.28,0.76,0.71,0.502764
0.16,0.49,0.7,0.2,0.74,0.71,0.5027641
0.16,0.44,0.71,0.27,0.75,0.72,0.5027644
0.16,0.49,0.71,0.21,0.72,0.7,0.5027645
0.16,0.49,0.74,0.3,0.76,0.71,0.5027645
0.16,0.5,0.71,0.26,0.74,0.71,0.5027645
0.17,0.48,0.75,0.28,0.72,0.72,0.5027645
0.18,0.49,0.74,0.28,0.72,0.7,0.5027646
0.18,0.5,0.73,0.29,0.73,0.72,0.5027646
0.16,0.45,0.7,0.27,0.72,0.71,0.5027647
0.16,0.47,0.75,0.22,0.73,0.71,0.5027647
0.17,0.46,0.7,0.29,0.74,0.71,0.5027647
0.16,0.47,0.71,0.29,0.74,0.72,0.5027648
0.16,0.48,0.71,0.23,0.76,0.71,0.5027648
0.16,0.44,0.75,0.22,0.75,0.72,0.5027649
0.18,0.41,0.7,0.23,0.72,0.7,0.5027649
0.17,0.4,0.73,0.21,0.76,0.72,0.502765
0.18,0.44,0.71,0.23,0.76,0.7,0.502765
0.18,0.45,0.75,0.23,0.72,0.72,0.5027651
0.18,0.4,0.71,0.23,0.75,0.71,0.5027652
0.17,0.43,0.74,0.23,0.72,0.72,0.5027653
0.17,0.45,0.74,0.25,0.74,0.71,0.5027654
0.17,0.48,0.74,0.25,0.72,0.7,0.5027654
0.18,0.43,0.73,0.25,0.75,0.72,0.5027656
0.18,0.48,0.74,0.3,0.75,0.72,0.5027656
0.17,0.4,0.72,0.21,0.72,0.71,0.5027657
0.17,0.43,0.72,0.21,0.73,0.7,0.5027658
0.18,0.44,0.72,0.25,0.72,0.71,0.5027658
0.16,0.48,0.72,0.24,0.74,0.7,0.502766
0.18,0.5,0.71,0.27,0.73,0.71,0.5027662
0.17,0.47,0.71,0.28,0.76,0.7,0.5027664
0.18,0.45,0.74,0.22,0.75,0.72,0.5027664
0.16,0.5,0.73,0.29,0.72,0.7,0.5027666
0.18,0.45,0.72,0.28,0.74,0.7,0.5027666
0.18,0.49,0.74,0.21,0.75,0.72,0.5027667
0.17,0.46,0.72,0.2,0.75,0.7,0.502767
0.18,0.48,0.74,0.22,0.73,0.71,0.502767
0.16,0.44,0.71,0.27,0.74,0.71,0.5027671
0.16,0.5,0.72,0.27,0.72,0.7,0.5027671
0.16,0.43,0.71,0.24,0.72,0.72,0.5027674
0.16,0.47,0.7,0.28,0.72,0.72,0.5027674
0.16,0.48,0.72,0.29,0.72,0.72,0.5027675
0.16,0.45,0.73,0.27,0.76,0.7,0.5027676
0.17,0.4,0.72,0.21,0.75,0.71,0.5027676
0.17,0.46,0.73,0.3,0.76,0.7,0.5027676
0.17,0.43,0.7,0.26,0.75,0.72,0.5027677
0.18,0.5,0.75,0.27,0.75,0.72,0.5027677
0.16,0.49,0.7,0.24,0.75,0.71,0.5027678
0.18,0.41,0.71,0.24,0.74,0.7,0.5027678
0.18,0.47,0.74,0.27,0.72,0.72,0.5027678
0.16,0.44,0.74,0.22,0.74,0.71,0.5027679
0.16,0.47,0.74,0.22,0.72,0.7,0.502768
0.18,0.46,0.73,0.28,0.73,0.7,0.5027681
0.16,0.47,0.74,0.21,0.76,0.71,0.5027683
0.16,0.46,0.72,0.21,0.76,0.7,0.5027684
0.18,0.5,0.73,0.22,0.74,0.72,0.5027684
0.17,0.45,0.73,0.25,0.73,0.7,0.5027685
0.18,0.46,0.72,0.27,0.76,0.7,0.5027686
0.17,0.44,0.75,0.2,0.72,0.72,0.5027687
0.18,0.48,0.74,0.3,0.74,0.71,0.5027689
0.16,0.46,0.71,0.3,0.76,0.7,0.502769
0.16,0.49,0.71,0.25,0.73,0.7,0.502769
0.16,0.45,0.71,0.3,0.76,0.7,0.5027691
0.16,0.47,0.73,0.29,0.74,0.72,0.5027692
0.16,0.48,0.74,0.29,0.75,0.7,0.5027692
0.18,0.47,0.75,0.26,0.75,0.72,0.5027692
0.16,0.4,0.7,0.25,0.76,0.7,0.5027695
0.17,0.43,0.71,0.2,0.76,0.7,0.5027695
0.18,0.45,0.73,0.22,0.74,0.71,0.5027695
0.16,0.41,0.74,0.22,0.76,0.72,0.5027698
0.17,0.5,0.73,0.29,0.73,0.71,0.5027698
0.16,0.47,0.71,0.22,0.75,0.7,0.5027699
0.18,0.49,0.74,0.25,0.76,0.72,0.5027699
0.16,0.42,0.72,0.24,0.74,0.72,0.50277
0.16,0.46,0.7,0.29,0.74,0.7,0.50277
0.16,0.44,0.71,0.27,0.73,0.7,0.5027701
0.18,0.46,0.75,0.27,0.74,0.72,0.5027702
0.18,0.5,0.74,0.23,0.72,0.71,0.5027702
0.16,0.43,0.72,0.27,0.76,0.71,0.5027703
0.16,0.47,0.73,0.27,0.76,0.7,0.5027703
0.17,0.45,0.72,0.24,0.76,0.7,0.5027703
0.17,0.47,0.71,0.28,0.72,0.72,0.5027703
0.17,0.4,0.71,0.21,0.74,0.7,0.5027704
0.17,0.43,0.7,0.26,0.74,0.71,0.5027704
0.18,0.42,0.73,0.22,0.72,0.72,0.5027704
0.18,0.42,0.73,0.22,0.76,0.72,0.5027704
0.18,0.48,0.73,0.22,0.72,0.7,0.5027704
0.16,0.44,0.73,0.22,0.73,0.7,0.502771
0.16,0.49,0.75,0.26,0.72,0.7,0.5027714
0.17,0.46,0.75,0.23,0.75,0.72,0.5027714
0.16,0.46,0.75,0.26,0.74,0.71,0.5027716
0.17,0.42,0.7,0.23,0.72,0.72,0.5027718
0.16,0.46,0.74,0.29,0.76,0.72,0.5027719
0.17,0.44,0.7,0.29,0.76,0.7,0.502772
0.17,0.49,0.75,0.23,0.73,0.71,0.5027721
0.17,0.46,0.72,0.28,0.74,0.72,0.5027722
0.16,0.47,0.73,0.29,0.73,0.71,0.5027723
0.16,0.41,0.73,0.22,0.75,0.71,0.5027725
0.18,0.47,0.74,0.26,0.74,0.71,0.5027725
0.16,0.48,0.7,0.23,0.74,0.7,0.5027726
0.16,0.42,0.72,0.24,0.73,0.71,0.5027727
0.18,0.45,0.72,0.22,0.73,0.7,0.5027727
0.18,0.5,0.73,0.26,0.75,0.72,0.5027728
0.18,0.5,0.73,0.29,0.74,0.72,0.5027731
0.16,0.47,0.71,0.29,0.75,0.72,0.5027733
0.17,0.42,0.72,0.25,0.74,0.7,0.5027733
0.18,0.44,0.74,0.26,0.76,0.72,0.5027733
0.18,0.49,0.72,0.2,0.75,0.72,0.5027733
0.16,0.41,0.73,0.24,0.76,0.72,0.5027734
0.16,0.43,0.72,0.27,0.75,0.7,0.5027734
0.17,0.43,0.7,0.26,0.73,0.7,0.5027734
0.17,0.46,0.7,0.29,0.75,0.71,0.5027734
0.18,0.42,0.72,0.22,0.75,0.71,0.5027734
0.16,0.48,0.72,0.28,0.75,0.7,0.5027735
0.17,0.42,0.71,0.26,0.76,0.71,0.5027737
0.17,0.41,0.74,0.2,0.73,0.72,0.5027738
0.17,0.5,0.75,0.21,0.74,0.72,0.5027738
0.18,0.46,0.7,0.27,0.72,0.72,0.5027738
0.16,0.45,0.74,0.26,0.73,0.72,0.5027739
0.16,0.44,0.72,0.21,0.76,0.7,0.5027742
0.17,0.41,0.71,0.23,0.74,0.72,0.5027743
0.17,0.47,0.74,0.29,0.73,0.7,0.5027744
0.18,0.49,0.73,0.21,0.73,0.71,0.5027745
0.17,0.46,0.74,0.23,0.74,0.71,0.5027746
0.16,0.46,0.74,0.26,0.73,0.7,0.5027747
0.18,0.46,0.75,0.21,0.72,0.72,0.5027747
0.17,0.45,0.73,0.28,0.76,0.72,0.5027749
0.16,0.46,0.74,0.29,0.75,0.71,0.502775
0.17,0.43,0.74,0.23,0.76,0.72,0.5027753
0.17,0.46,0.72,0.28,0.73,0.71,0.5027753
0.18,0.5,0.71,0.21,0.74,0.72,0.5027753
0.16,0.41,0.72,0.22,0.74,0.7,0.5027754
0.16,0.46,0.7,0.2,0.76,0.7,0.5027754
0.18,0.5,0.72,0.28,0.72,0.72,0.5027754
0.16,0.47,0.71,0.26,0.76,0.7,0.5027755
0.16,0.42,0.72,0.24,0.72,0.7,0.5027756
0.16,0.45,0.75,0.2,0.75,0.72,0.5027756
0.18,0.45,0.71,0.27,0.74,0.72,0.5027756
0.16,0.47,0.73,0.29,0.72,0.7,0.5027757
0.18,0.47,0.73,0.26,0.73,0.7,0.5027759
0.18,0.49,0.72,0.24,0.76,0.72,0.5027759
0.18,0.5,0.74,0.27,0.73,0.71,0.5027759
0.16,0.46,0.73,0.25,0.76,0.7,0.502776
0.16,0.47,0.7,0.28,0.73,0.72,0.502776
0.18,0.49,0.75,0.2,0.74,0.72,0.502776
0.16,0.41,0.73,0.24,0.75,0.71,0.5027762
0.17,0.41,0.73,0.2,0.72,0.71,0.5027764
0.18,0.44,0.73,0.26,0.75,0.71,0.5027764
0.18,0.5,0.72,0.22,0.72,0.71,0.5027764
0.18,0.42,0.71,0.22,0.74,0.7,0.5027765
0.16,0.48,0.75,0.2,0.73,0.71,0.5027766
0.16,0.44,0.75,0.26,0.75,0.72,0.5027767
0.18,0.45,0.71,0.21,0.76,0.7,0.5027767
0.17,0.42,0.71,0.26,0.75,0.7,0.5027769
0.18,0.46,0.7,0.29,0.76,0.72,0.5027769
0.17,0.41,0.71,0.23,0.73,0.71,0.502777
0.18,0.46,0.71,0.3,0.76,0.71,0.502777
0.17,0.5,0.75,0.25,0.75,0.72,0.5027771
0.16,0.45,0.74,0.26,0.72,0.71,0.5027772
0.17,0.4,0.72,0.23,0.76,0.72,0.5027773
0.17,0.44,0.73,0.25,0.73,0.72,0.5027774
0.18,0.5,0.7,0.26,0.72,0.71,0.5027776
0.18,0.41,0.7,0.25,0.76,0.71,0.5027778
0.17,0.46,0.73,0.23,0.73,0.7,0.5027779
0.18,0.46,0.74,0.2,0.75,0.72,0.5027779
0.16,0.42,0.75,0.21,0.73,0.72,0.502778
0.17,0.45,0.73,0.28,0.75,0.71,0.502778
0.17,0.49,0.74,0.3,0.73,0.72,0.502778
0.17,0.48,0.75,0.27,0.74,0.71,0.5027781
0.18,0.49,0.73,0.25,0.74,0.71,0.5027781
0.18,0.49,0.75,0.3,0.74,0.71,0.5027781
0.16,0.4,0.73,0.21,0.73,0.72,0.5027782
0.18,0.44,0.72,0.27,0.76,0.72,0.5027782
0.16,0.45,0.7,0.29,0.76,0.72,0.5027783
0.16,0.46,0.74,0.29,0.74,0.7,0.5027783
0.17,0.43,0.73,0.23,0.75,0.71,0.5027784
0.18,0.48,0.75,0.24,0.75,0.72,0.5027784
0.17,0.5,0.73,0.29,0.74,0.71,0.5027785
0.17,0.46,0.72,0.28,0.72,0.7,0.5027787
0.18,0.45,0.71,0.27,0.73,0.71,0.5027787
0.16,0.45,0.74,0.2,0.74,0.71,0.5027788
0.18,0.43,0.74,0.21,0.73,0.72,0.5027788
0.18,0.5,0.71,0.25,0.75,0.72,0.5027788
0.16,0.48,0.7,0.27,0.75,0.7,0.502779
0.16,0.46,0.7,0.29,0.75,0.7,0.5027791
0.17,0.45,0.75,0.27,0.76,0.72,0.5027792
0.18,0.4,0.7,0.22,0.74,0.72,0.5027793
0.16,0.43,0.73,0.26,0.74,0.7,0.5027794
0.16,0.42,0.74,0.2,0.76,0.72,0.5027797
0.17,0.5,0.74,0.3,0.72,0.72,0.5027797
0.18,0.44,0.72,0.26,0.74,0.7,0.5027797
0.17,0.41,0.71,0.23,0.72,0.7,0.50278
0.17,0.48,0.75,0.3,0.75,0.72,0.50278
0.16,0.48,0.74,0.2,0.72,0.7,0.5027801
0.18,0.49,0.73,0.3,0.72,0.71,0.5027801
0.16,0.47,0.75,0.24,0.74,0.71,0.5027802
0.17,0.4,0.72,0.23,0.75,0.71,0.5027802
0.17,0.43,0.74,0.25,0.75,0.72,0.5027803
0.17,0.5,0.73,0.2,0.74,0.72,0.5027803
0.18,0.46,0.71,0.3,0.75,0.7,0.5027803
0.16,0.43,0.75,0.23,0.72,0.72,0.5027804
0.17,0.49,0.74,0.23,0.76,0.72,0.5027804
0.17,0.5,0.72,0.28,0.72,0.71,0.5027804
0.17,0.44,0.73,0.25,0.72,0.71,0.5027806
0.16,0.42,0.74,0.21,0.72,0.71,0.5027807
0.16,0.44,0.7,0.26,0.73,0.72,0.5027807
0.16,0.48,0.75,0.3,0.73,0.7,0.5027807
0.16,0.44,0.75,0.24,0.76,0.72,0.5027808
0.18,0.41,0.7,0.25,0.75,0.7,0.5027809
0.18,0.48,0.73,0.29,0.73,0.72,0.502781
0.18,0.49,0.71,0.28,0.72,0.7,0.502781
0.16,0.4,0.73,0.21,0.72,0.71,0.5027811
0.16,0.45,0.7,0.29,0.75,0.71,0.5027811
0.18,0.43,0.73,0.2,0.76,0.72,0.5027811
0.18,0.45,0.75,0.25,0.73,0.72,0.5027811
0.18,0.49,0.71,0.2,0.73,0.71,0.5027811
0.18,0.5,0.72,0.26,0.73,0.71,0.5027811
0.18,0.46,0.73,0.2,0.74,0.71,0.5027812
0.17,0.49,0.74,0.3,0.72,0.71,0.5027813
0.17,0.45,0.73,0.28,0.74,0.7,0.5027814
0.18,0.44,0.72,0.27,0.75,0.71,0.5027814
0.17,0.48,0.74,0.27,0.73,0.7,0.5027815
0.18,0.48,0.72,0.23,0.75,0.71,0.5027815
0.17,0.43,0.72,0.23,0.74,0.7,0.5027816
0.18,0.45,0.74,0.24,0.76,0.72,0.5027817
0.18,0.5,0.73,0.29,0.75,0.72,0.5027817
0.17,0.5,0.74,0.21,0.72,0.71,0.5027818
0.18,0.43,0.72,0.24,0.73,0.72,0.5027818
0.18,0.43,0.73,0.21,0.72,0.71,0.5027818
0.18,0.48,0.74,0.24,0.74,0.71,0.5027818
0.16,0.45,0.73,0.2,0.73,0.7,0.502782
0.16,0.47,0.71,0.29,0.76,0.72,0.502782
0.17,0.47,0.75,0.21,0.75,0.72,0.5027821
0.18,0.4,0.7,0.22,0.73,0.71,0.5027821
0.18,0.45,0.71,0.27,0.72,0.7,0.5027821
0.17,0.46,0.7,0.29,0.76,0.71,0.5027823
0.17,0.45,0.74,0.27,0.75,0.71,0.5027824
0.17,0.47,0.75,0.27,0.72,0.72,0.5027824
0.16,0.42,0.73,0.2,0.75,0.71,0.5027825
0.18,0.49,0.7,0.23,0.76,0.72,0.5027828
0.16,0.43,0.71,0.26,0.75,0.72,0.502783
0.17,0.5,0.73,0.24,0.75,0.72,0.502783
0.18,0.47,0.74,0.29,0.75,0.72,0.502783
0.17,0.44,0.75,0.22,0.73,0.72,0.5027833
0.18,0.5,0.7,0.21,0.72,0.71,0.5027833
0.16,0.44,0.7,0.26,0.72,0.71,0.5027834
0.17,0.48,0.75,0.3,0.74,0.71,0.5027834
0.16,0.47,0.74,0.24,0.73,0.7,0.5027835
0.17,0.4,0.72,0.23,0.76,0.71,0.5027837
0.18,0.49,0.71,0.24,0.74,0.71,0.5027839
0.18,0.5,0.72,0.28,0.73,0.72,0.5027839
0.16,0.44,0.74,0.24,0.75,0.71,0.502784
0.16,0.45,0.7,0.29,0.74,0.7,0.5027841
0.18,0.43,0.72,0.2,0.75,0.71,0.5027842
0.18,0.45,0.74,0.25,0.72,0.71,0.5027843
0.18,0.48,0.73,0.29,0.72,0.71,0.5027844
0.16,0.47,0.7,0.28,0.74,0.72,0.5027845
0.17,0.5,0.75,0.29,0.76,0.72,0.5027845
0.18,0.4,0.73,0.21,0.74,0.72,0.5027846
0.18,0.42,0.73,0.24,0.75,0.72,0.5027846
0.18,0.46,0.72,0.2,0.73,0.7,0.5027847
0.18,0.44,0.72,0.27,0.74,0.7,0.5027848
0.16,0.5,0.74,0.3,0.72,0.71,0.5027849
0.18,0.43,0.72,0.24,0.72,0.71,0.5027849
0.18,0.45,0.73,0.24,0.75,0.71,0.502785
0.18,0.4,0.7,0.22,0.72,0.7,0.5027851
0.16,0.47,0.72,0.28,0.72,0.72,0.5027852
0.17,0.42,0.74,0.22,0.72,0.72,0.5027852
0.17,0.49,0.73,0.3,0.72,0.7,0.5027852
0.17,0.44,0.74,0.21,0.76,0.72,0.5027853
0.17,0.5,0.74,0.25,0.73,0.71,0.5027853
0.18,0.48,0.73,0.24,0.73,0.7,0.5027853
0.16,0.42,0.72,0.2,0.74,0.7,0.5027856
0.17,0.45,0.73,0.27,0.74,0.7,0.5027856
0.17,0.47,0.74,0.21,0.74,0.71,0.5027856
0.18,0.47,0.75,0.28,0.76,0.72,0.5027856
0.18,0.49,0.73,0.29,0.75,0.71,0.5027857
0.16,0.43,0.71,0.26,0.74,0.71,0.5027858
0.18,0.46,0.74,0.26,0.72,0.72,0.5027859
0.16,0.5,0.72,0.28,0.72,0.7,0.502786
0.17,0.44,0.74,0.22,0.72,0.71,0.5027865
0.18,0.47,0.74,0.29,0.74,0.71,0.5027865
0.18,0.49,0.72,0.25,0.72,0.7,0.5027865
0.18,0.5,0.7,0.26,0.73,0.71,0.5027865
0.18,0.47,0.71,0.21,0.76,0.71,0.5027866
0.17,0.4,0.71,0.23,0.75,0.7,0.5027867
0.17,0.48,0.74,0.22,0.75,0.71,0.5027867
0.17,0.42,0.7,0.25,0.75,0.72,0.5027868
0.16,0.42,0.71,0.23,0.72,0.72,0.502787
0.16,0.44,0.71,0.29,0.76,0.7,0.502787
0.17,0.46,0.75,0.25,0.76,0.72,0.502787
0.18,0.48,0.72,0.27,0.76,0.71,0.502787
0.18,0.5,0.7,0.25,0.73,0.71,0.502787
0.16,0.46,0.73,0.28,0.74,0.72,0.5027871
0.17,0.49,0.75,0.25,0.74,0.71,0.5027871
0.16,0.44,0.73,0.24,0.74,0.7,0.5027872
0.18,0.4,0.72,0.21,0.73,0.71,0.5027873
0.17,0.49,0.72,0.22,0.76,0.72,0.5027874
0.18,0.43,0.71,0.2,0.74,0.7,0.5027875
0.18,0.47,0.72,0.22,0.74,0.7,0.5027877
0.16,0.49,0.75,0.28,0.73,0.7,0.5027879
0.17,0.5,0.74,0.3,0.73,0.72,0.5027879
0.16,0.5,0.75,0.23,0.75,0.72,0.502788
0.16,0.46,0.7,0.29,0.76,0.7,0.5027883
0.18,0.48,0.7,0.22,0.75,0.71,0.5027883
0.17,0.46,0.71,0.27,0.72,0.72,0.5027884
0.18,0.45,0.72,0.24,0.74,0.7,0.5027884
0.18,0.49,0.73,0.3,0.73,0.71,0.5027884
0.16,0.46,0.75,0.28,0.75,0.71,0.5027885
0.17,0.44,0.73,0.21,0.75,0.71,0.5027885
0.17,0.49,0.73,0.23,0.74,0.71,0.5027885
0.17,0.5,0.72,0.2,0.72,0.71,0.5027885
0.17,0.41,0.74,0.22,0.74,0.72,0.5027886
0.16,0.43,0.71,0.26,0.73,0.7,0.5027888
0.18,0.4,0.71,0.2,0.76,0.71,0.5027888
0.18,0.47,0.74,0.28,0.75,0.71,0.5027889
0.16,0.42,0.72,0.26,0.76,0.71,0.502789
0.18,0.46,0.7,0.29,0.75,0.72,0.502789
0.17,0.5,0.72,0.28,0.73,0.71,0.5027891
0.16,0.41,0.73,0.24,0.76,0.71,0.5027893
0.17,0.47,0.73,0.21,0.73,0.7,0.5027893
0.17,0.49,0.75,0.28,0.75,0.71,0.5027893
0.17,0.5,0.73,0.28,0.76,0.72,0.5027893
0.18,0.42,0.72,0.24,0.76,0.71,0.5027894
0.18,0.49,0.75,0.22,0.75,0.72,0.5027894
0.16,0.41,0.72,0.23,0.74,0.72,0.5027895
0.17,0.42,0.7,0.25,0.74,0.71,0.5027896
0.18,0.48,0.71,0.23,0.73,0.7,0.5027896
0.16,0.45,0.74,0.28,0.76,0.72,0.5027897
0.18,0.46,0.75,0.23,0.73,0.72,0.5027898
0.18,0.49,0.74,0.3,0.73,0.7,0.5027898
0.17,0.46,0.75,0.26,0.72,0.71,0.50279
0.17,0.5,0.71,0.23,0.75,0.72,0.50279
0.18,0.4,0.71,0.21,0.72,0.7,0.5027902
0.16,0.45,0.75,0.22,0.76,0.72,0.5027903
0.16,0.46,0.73,0.28,0.73,0.71,0.5027903
0.17,0.45,0.72,0.27,0.74,0.72,0.5027903
0.17,0.46,0.74,0.25,0.75,0.71,0.5027903
0.17,0.43,0.7,0.28,0.76,0.7,0.5027904
0.16,0.48,0.75,0.22,0.74,0.71,0.5027906
0.18,0.48,0.73,0.28,0.74,0.7,0.5027907
0.17,0.49,0.74,0.24,0.72,0.7,0.5027912
0.17,0.5,0.72,0.24,0.73,0.71,0.5027912
0.18,0.41,0.73,0.21,0.72,0.72,0.5027912
0.17,0.48,0.74,0.26,0.76,0.71,0.5027913
0.17,0.41,0.73,0.22,0.73,0.71,0.5027915
0.17,0.46,0.72,0.3,0.76,0.71,0.5027916
0.18,0.46,0.74,0.22,0.76,0.72,0.5027917
0.16,0.45,0.75,0.23,0.72,0.71,0.5027918
0.17,0.41,0.7,0.22,0.72,0.72,0.5027918
0.16,0.46,0.74,0.28,0.74,0.7,0.5027919
0.17,0.44,0.72,0.21,0.74,0.7,0.5027919
0.18,0.4,0.7,0.2,0.75,0.7,0.5027919
0.17,0.47,0.73,0.2,0.76,0.71,0.502792
0.18,0.45,0.7,0.26,0.72,0.72,0.5027921
0.18,0.46,0.7,0.29,0.74,0.71,0.5027922
0.16,0.41,0.72,0.24,0.75,0.7,0.5027923
0.16,0.42,0.72,0.26,0.75,0.7,0.5027923
0.18,0.49,0.7,0.24,0.72,0.7,0.5027923
0.16,0.41,0.72,0.23,0.73,0.71,0.5027924
0.18,0.47,0.73,0.28,0.74,0.7,0.5027924
0.18,0.5,0.72,0.28,0.74,0.72,0.5027924
0.16,0.44,0.74,0.25,0.73,0.72,0.5027925
0.16,0.49,0.75,0.3,0.73,0.72,0.5027925
0.16,0.49,0.74,0.21,0.76,0.72,0.5027926
0.17,0.42,0.7,0.25,0.73,0.7,0.5027926
0.18,0.47,0.72,0.26,0.75,0.7,0.5027926
0.17,0.41,0.72,0.21,0.76,0.71,0.5027927
0.18,0.42,0.71,0.24,0.75,0.7,0.5027927
0.18,0.48,0.7,0.26,0.76,0.71,0.5027928
0.16,0.4,0.73,0.23,0.76,0.72,0.5027929
0.16,0.45,0.74,0.28,0.75,0.71,0.5027929
0.17,0.41,0.71,0.25,0.76,0.71,0.5027929
0.17,0.5,0.74,0.29,0.74,0.71,0.5027929
0.16,0.47,0.7,0.28,0.75,0.72,0.5027931
0.17,0.44,0.73,0.27,0.76,0.72,0.5027931
0.18,0.46,0.71,0.2,0.75,0.7,0.5027932
0.18,0.46,0.74,0.23,0.72,0.71,0.5027932
0.16,0.5,0.74,0.3,0.73,0.71,0.5027933
0.17,0.48,0.72,0.21,0.75,0.71,0.5027933
0.16,0.5,0.75,0.27,0.76,0.72,0.5027934
0.16,0.42,0.75,0.23,0.74,0.72,0.5027935
0.16,0.45,0.74,0.22,0.75,0.71,0.5027935
0.17,0.45,0.72,0.27,0.73,0.71,0.5027935
0.16,0.46,0.73,0.28,0.72,0.7,0.5027937
0.17,0.45,0.75,0.2,0.73,0.72,0.5027937
0.18,0.48,0.75,0.26,0.76,0.72,0.5027937
0.17,0.46,0.73,0.25,0.74,0.7,0.5027938
0.17,0.49,0.73,0.3,0.73,0.7,0.5027938
0.18,0.43,0.74,0.23,0.74,0.72,0.5027938
0.16,0.48,0.74,0.22,0.73,0.7,0.5027941
0.16,0.49,0.75,0.22,0.74,0.71,0.5027941
0.18,0.44,0.71,0.26,0.74,0.72,0.5027941
0.17,0.49,0.73,0.27,0.75,0.71,0.5027942
0.18,0.49,0.72,0.29,0.73,0.7,0.5027942
0.17,0.4,0.71,0.22,0.74,0.72,0.5027943
0.17,0.41,0.72,0.22,0.72,0.7,0.5027945
0.18,0.47,0.7,0.21,0.74,0.7,0.5027945
0.16,0.5,0.73,0.22,0.75,0.72,0.5027946
0.17,0.43,0.73,0.25,0.76,0.71,0.5027947
0.17,0.48,0.73,0.22,0.73,0.7,0.5027948
0.18,0.45,0.71,0.29,0.76,0.71,0.5027948
0.17,0.46,0.72,0.3,0.75,0.7,0.5027949
0.17,0.48,0.75,0.29,0.75,0.71,0.502795
0.17,0.49,0.7,0.21,0.76,0.72,0.502795
0.18,0.46,0.73,0.22,0.75,0.71,0.5027951
0.18,0.5,0.71,0.27,0.72,0.72,0.5027952
0.16,0.41,0.72,0.23,0.72,0.7,0.5027954
0.18,0.48,0.71,0.27,0.74,0.7,0.5027954
0.16,0.43,0.75,0.25,0.75,0.72,0.5027955
0.17,0.48,0.74,0.29,0.73,0.72,0.5027955
0.17,0.49,0.71,0.22,0.74,0.71,0.5027955
0.18,0.46,0.7,0.29,0.73,0.7,0.5027955
0.18,0.46,0.71,0.24,0.76,0.7,0.5027957
0.16,0.44,0.74,0.25,0.72,0.71,0.5027959
0.17,0.41,0.71,0.21,0.75,0.7,0.5027959
0.16,0.47,0.75,0.26,0.75,0.71,0.502796
0.16,0.49,0.75,0.3,0.72,0.71,0.502796
0.16,0.5,0.74,0.23,0.73,0.71,0.5027961
0.17,0.41,0.71,0.25,0.75,0.7,0.5027961
0.17,0.5,0.74,0.3,0.74,0.72,0.5027962
0.16,0.42,0.74,0.23,0.73,0.71,0.5027964
0.17,0.44,0.73,0.27,0.75,0.71,0.5027964
0.17,0.47,0.75,0.23,0.76,0.72,0.5027964
0.16,0.44,0.7,0.28,0.76,0.72,0.5027965
0.17,0.43,0.73,0.24,0.73,0.72,0.5027966
0.17,0.48,0.72,0.25,0.76,0.71,0.5027968
0.18,0.48,0.75,0.27,0.72,0.71,0.5027968
0.18,0.49,0.73,0.3,0.74,0.71,0.5027968
0.16,0.45,0.73,0.22,0.74,0.7,0.5027969
0.17,0.49,0.72,0.23,0.72,0.7,0.5027969
0.18,0.43,0.72,0.26,0.76,0.72,0.5027969
0.17,0.45,0.72,0.27,0.72,0.7,0.502797
0.17,0.45,0.74,0.2,0.72,0.71,0.502797
0.17,0.5,0.75,0.3,0.72,0.7,0.5027971
0.18,0.43,0.73,0.23,0.73,0.71,0.5027971
0.17,0.4,0.71,0.22,0.73,0.71,0.5027972
0.18,0.4,0.7,0.24,0.76,0.71,0.5027972
0.18,0.48,0.74,0.26,0.75,0.71,0.5027972
0.18,0.44,0.71,0.26,0.73,0.71,0.5027973
0.17,0.47,0.75,0.29,0.75,0.72,0.5027976
0.16,0.42,0.73,0.22,0.76,0.71,0.5027977
0.17,0.49,0.74,0.28,0.73,0.7,0.5027979
0.17,0.5,0.72,0.28,0.74,0.71,0.5027979
0.17,0.43,0.72,0.25,0.75,0.7,0.502798
0.18,0.47,0.7,0.25,0.75,0.7,0.5027981
0.17,0.5,0.7,0.23,0.73,0.71,0.5027982
0.18,0.45,0.71,0.29,0.75,0.7,0.5027982
0.17,0.42,0.74,0.2,0.74,0.72,0.5027983
0.17,0.48,0.74,0.29,0.74,0.7,0.5027984
0.17,0.47,0.75,0.24,0.72,0.71,0.5027985
0.17,0.5,0.73,0.29,0.72,0.72,0.5027986
0.16,0.49,0.75,0.26,0.75,0.71,0.5027987
0.18,0.43,0.72,0.22,0.76,0.71,0.5027987
0.18,0.46,0.72,0.22,0.74,0.7,0.5027987
0.18,0.47,0.73,0.28,0.73,0.72,0.5027987
0.17,0.44,0.75,0.24,0.74,0.72,0.5027988
0.17,0.48,0.74,0.29,0.72,0.71,0.5027989
0.16,0.48,0.74,0.2,0.75,0.71,0.502799
0.16,0.5,0.73,0.26,0.76,0.72,0.502799
0.18,0.49,0.72,0.29,0.72,0.71,0.5027991
0.16,0.44,0.7,0.28,0.75,0.71,0.5027994
0.16,0.47,0.74,0.26,0.74,0.7,0.5027994
0.17,0.42,0.74,0.24,0.75,0.72,0.5027994
0.16,0.42,0.73,0.23,0.72,0.7,0.5027996
0.17,0.48,0.73,0.26,0.74,0.7,0.5027996
0.16,0.43,0.7,0.25,0.73,0.72,0.5027997
0.17,0.43,0.73,0.24,0.72,0.71,0.5027997
0.17,0.47,0.74,0.23,0.75,0.71,0.5027999
0.17,0.47,0.72,0.2,0.74,0.7,0.5028
0.17,0.49,0.71,0.26,0.75,0.71,0.5028
0.18,0.47,0.75,0.21,0.73,0.72,0.5028
0.16,0.49,0.72,0.2,0.76,0.72,0.5028001
0.17,0.4,0.71,0.22,0.72,0.7,0.5028002
0.18,0.43,0.72,0.26,0.75,0.71,0.5028002
0.17,0.5,0.71,0.27,0.72,0.71,0.5028004
0.16,0.42,0.75,0.22,0.72,0.72,0.5028005
0.16,0.47,0.72,0.3,0.75,0.72,0.5028005
0.16,0.49,0.73,0.21,0.74,0.71,0.5028005
0.16,0.44,0.74,0.26,0.76,0.71,0.5028006
0.17,0.46,0.75,0.26,0.72,0.72,0.5028006
0.18,0.4,0.7,0.24,0.75,0.7,0.5028006
0.18,0.43,0.72,0.23,0.72,0.7,0.5028006
0.18,0.44,0.71,0.26,0.72,0.7,0.5028008
0.18,0.46,0.74,0.28,0.75,0.72,0.5028008
0.18,0.49,0.7,0.27,0.72,0.7,0.5028008
0.16,0.42,0.72,0.22,0.75,0.7,0.5028009
0.18,0.45,0.73,0.26,0.76,0.71,0.5028009
0.18,0.5,0.72,0.28,0.75,0.72,0.5028009
0.17,0.48,0.7,0.2,0.75,0.71,0.502801
0.17,0.47,0.75,0.29,0.74,0.71,0.5028011
0.17,0.42,0.73,0.2,0.73,0.71,0.5028013
0.18,0.42,0.72,0.23,0.73,0.72,0.5028013
0.18,0.47,0.72,0.3,0.76,0.7,0.5028013
0.17,0.48,0.71,0.21,0.73,0.7,0.5028014
0.16,0.46,0.75,0.2,0.76,0.72,0.5028015
0.16,0.48,0.74,0.24,0.76,0.71,0.5028015
0.17,0.5,0.73,0.29,0.72,0.7,0.5028016
0.16,0.47,0.7,0.28,0.76,0.72,0.5028017
0.16,0.5,0.74,0.27,0.74,0.71,0.5028018
0.16,0.46,0.75,0.21,0.72,0.71,0.5028019
0.16,0.5,0.74,0.3,0.74,0.71,0.5028019
0.16,0.42,0.71,0.25,0.75,0.72,0.502802
0.17,0.44,0.74,0.24,0.73,0.71,0.5028022
0.16,0.5,0.71,0.21,0.75,0.72,0.5028023
0.18,0.43,0.71,0.22,0.75,0.7,0.5028023
0.18,0.47,0.73,0.28,0.72,0.71,0.5028023
0.16,0.43,0.75,0.21,0.74,0.72,0.5028024
0.16,0.49,0.74,0.22,0.72,0.7,0.5028024
0.17,0.47,0.72,0.24,0.75,0.7,0.5028024
0.16,0.44,0.7,0.28,0.74,0.7,0.5028025
0.16,0.43,0.7,0.25,0.72,0.71,0.5028026
0.17,0.49,0.72,0.27,0.73,0.7,0.5028027
0.16,0.5,0.72,0.22,0.73,0.71,0.5028029
0.16,0.46,0.72,0.27,0.72,0.72,0.5028033
0.17,0.47,0.73,0.23,0.74,0.7,0.5028035
0.17,0.44,0.73,0.23,0.76,0.71,0.5028036
0.17,0.48,0.7,0.24,0.76,0.71,0.5028036
0.18,0.44,0.74,0.21,0.74,0.72,0.5028036
0.16,0.47,0.72,0.3,0.74,0.71,0.5028037
0.17,0.46,0.71,0.29,0.75,0.72,0.5028037
0.18,0.47,0.74,0.21,0.72,0.71,0.5028037
0.17,0.49,0.7,0.22,0.72,0.7,0.5028038
0.18,0.5,0.71,0.27,0.73,0.72,0.5028038
0.16,0.44,0.73,0.26,0.75,0.7,0.5028039
0.16,0.5,0.73,0.29,0.72,0.71,0.502804
0.18,0.47,0.74,0.2,0.76,0.72,0.502804
0.18,0.41,0.73,0.23,0.75,0.72,0.5028041
0.18,0.5,0.75,0.3,0.72,0.72,0.5028041
0.16,0.49,0.73,0.25,0.75,0.71,0.5028042
0.17,0.49,0.72,0.29,0.72,0.7,0.5028044
0.18,0.46,0.74,0.28,0.74,0.71,0.5028044
0.18,0.42,0.72,0.23,0.72,0.71,0.5028045
0.18,0.45,0.72,0.26,0.75,0.7,0.5028045
0.17,0.42,0.72,0.2,0.72,0.7,0.5028046
0.17,0.5,0.74,0.3,0.75,0.72,0.5028046
0.18,0.45,0.74,0.25,0.72,0.72,0.5028046
0.16,0.42,0.71,0.25,0.74,0.71,0.5028049
0.16,0.46,0.74,0.2,0.75,0.71,0.5028051
0.17,0.48,0.71,0.25,0.74,0.7,0.5028051
0.18,0.46,0.75,0.25,0.74,0.72,0.5028052
0.16,0.48,0.75,0.24,0.75,0.71,0.5028053
0.18,0.49,0.73,0.3,0.75,0.71,0.5028053
0.16,0.45,0.73,0.27,0.74,0.72,0.5028054
0.16,0.5,0.75,0.28,0.72,0.7,0.5028054
0.18,0.49,0.75,0.25,0.72,0.71,0.5028054
0.16,0.43,0.71,0.28,0.76,0.7,0.5028056
0.16,0.43,0.74,0.21,0.73,0.71,0.5028056
0.17,0.44,0.73,0.24,0.72,0.7,0.5028057
0.18,0.47,0.74,0.3,0.76,0.71,0.5028059
0.16,0.5,0.71,0.25,0.76,0.72,0.502806
0.17,0.41,0.74,0.21,0.72,0.72,0.5028061
0.17,0.41,0.7,0.24,0.75,0.72,0.5028062
0.16,0.46,0.73,0.3,0.76,0.71,0.5028063
0.16,0.5,0.71,0.27,0.72,0.7,0.5028063
0.16,0.46,0.71,0.3,0.76,0.71,0.5028064
0.17,0.46,0.74,0.27,0.76,0.71,0.5028064
0.16,0.49,0.75,0.3,0.76,0.71,0.5028069
0.17,0.45,0.71,0.26,0.72,0.72,0.5028069
0.17,0.5,0.73,0.29,0.73,0.72,0.5028069
0.17,0.46,0.71,0.29,0.74,0.71,0.502807
0.18,0.44,0.73,0.21,0.73,0.71,0.502807
0.16,0.41,0.71,0.22,0.72,0.72,0.5028071
0.17,0.44,0.72,0.23,0.75,0.7,0.5028071
0.17,0.46,0.71,0.22,0.76,0.7,0.5028071
0.18,0.4,0.7,0.22,0.76,0.7,0.5028071
0.16,0.47,0.72,0.3,0.73,0.7,0.5028072
0.16,0.48,0.73,0.2,0.73,0.7,0.5028072
0.16,0.49,0.74,0.26,0.73,0.7,0.5028072
0.17,0.45,0.7,0.3,0.76,0.7,0.5028072
0.18,0.45,0.7,0.28,0.75,0.72,0.5028072
0.16,0.5,0.72,0.26,0.74,0.71,0.5028075
0.18,0.49,0.72,0.29,0.73,0.71,0.5028075
0.18,0.47,0.73,0.2,0.75,0.71,0.5028076
0.16,0.42,0.71,0.25,0.73,0.7,0.502808
0.16,0.45,0.75,0.25,0.73,0.71,0.502808
0.16,0.44,0.74,0.27,0.76,0.72,0.5028081
0.16,0.48,0.72,0.23,0.76,0.71,0.5028081
0.17,0.48,0.75,0.21,0.76,0.72,0.5028081
0.16,0.49,0.71,0.2,0.74,0.71,0.5028082
0.17,0.48,0.73,0.3,0.75,0.7,0.5028082
0.16,0.4,0.74,0.21,0.75,0.72,0.5028083
0.16,0.41,0.72,0.25,0.76,0.71,0.5028083
0.17,0.45,0.75,0.22,0.74,0.72,0.5028083
0.16,0.43,0.73,0.2,0.76,0.71,0.5028084
0.16,0.46,0.7,0.29,0.74,0.71,0.5028084
0.17,0.49,0.7,0.26,0.73,0.7,0.5028085
0.16,0.45,0.73,0.27,0.73,0.71,0.5028086
0.17,0.48,0.75,0.22,0.72,0.71,0.5028086
0.18,0.41,0.73,0.21,0.75,0.72,0.5028086
0.18,0.46,0.74,0.25,0.73,0.71,0.5028087
0.16,0.46,0.73,0.2,0.74,0.7,0.5028088
0.17,0.44,0.72,0.26,0.74,0.72,0.5028089
0.16,0.43,0.73,0.21,0.72,0.7,0.502809
0.16,0.45,0.74,0.24,0.76,0.71,0.502809
0.16,0.49,0.72,0.21,0.72,0.7,0.502809
0.17,0.42,0.7,0.27,0.76,0.7,0.5028091
0.17,0.47,0.7,0.23,0.75,0.7,0.5028091
0.17,0.5,0.71,0.27,0.73,0.71,0.5028091
0.17,0.41,0.7,0.24,0.74,0.71,0.5028092
0.17,0.47,0.72,0.28,0.76,0.7,0.5028095
0.18,0.47,0.73,0.3,0.75,0.7,0.5028095
0.17,0.45,0.72,0.29,0.76,0.71,0.5028096
0.18,0.42,0.71,0.26,0.76,0.7,0.5028096
0.16,0.4,0.72,0.22,0.74,0.72,0.5028097
0.16,0.46,0.73,0.3,0.75,0.7,0.5028097
0.16,0.48,0.73,0.24,0.74,0.7,0.5028098
0.17,0.46,0.73,0.27,0.75,0.7,0.50281
0.18,0.46,0.73,0.24,0.76,0.71,0.50281
0.16,0.48,0.75,0.29,0.73,0.72,0.5028101
0.16,0.5,0.73,0.27,0.72,0.7,0.5028104
0.17,0.46,0.71,0.29,0.73,0.7,0.5028104
0.18,0.44,0.72,0.21,0.72,0.7,0.5028105
0.18,0.45,0.7,0.28,0.74,0.71,0.5028105
0.18,0.44,0.72,0.2,0.76,0.71,0.5028106
0.16,0.5,0.7,0.21,0.73,0.71,0.5028107
0.16,0.49,0.71,0.24,0.75,0.71,0.502811
0.18,0.44,0.7,0.25,0.72,0.72,0.5028111
0.16,0.4,0.73,0.21,0.74,0.71,0.5028113
0.16,0.44,0.74,0.27,0.75,0.71,0.5028114
0.16,0.49,0.73,0.29,0.76,0.71,0.5028114
0.16,0.45,0.74,0.25,0.72,0.7,0.5028115
0.17,0.46,0.7,0.29,0.75,0.72,0.5028115
0.16,0.41,0.72,0.25,0.75,0.7,0.5028116
0.16,0.43,0.74,0.24,0.73,0.72,0.5028116
0.18,0.5,0.74,0.22,0.74,0.72,0.5028116
0.16,0.43,0.72,0.2,0.75,0.7,0.5028118
0.17,0.41,0.71,0.23,0.76,0.7,0.5028118
0.17,0.43,0.73,0.26,0.76,0.72,0.5028118
0.17,0.45,0.74,0.22,0.73,0.71,0.5028118
0.18,0.41,0.72,0.21,0.74,0.71,0.5028119
0.16,0.45,0.73,0.27,0.72,0.7,0.5028121
0.17,0.44,0.72,0.26,0.73,0.71,0.5028121
0.17,0.41,0.7,0.24,0.73,0.7,0.5028123
0.18,0.5,0.71,0.27,0.74,0.72,0.5028123
0.16,0.47,0.75,0.28,0.76,0.71,0.5028124
0.17,0.4,0.71,0.24,0.76,0.71,0.5028124
0.18,0.4,0.73,0.2,0.72,0.72,0.5028124
0.18,0.46,0.73,0.25,0.72,0.7,0.5028124
0.16,0.45,0.73,0.24,0.75,0.7,0.5028125
0.16,0.5,0.73,0.29,0.73,0.71,0.5028125
0.16,0.4,0.72,0.22,0.73,0.71,0.5028126
0.17,0.4,0.7,0.21,0.72,0.72,0.5028126
0.18,0.49,0.75,0.25,0.76,0.72,0.5028127
0.16,0.49,0.72,0.25,0.73,0.7,0.5028128
0.17,0.42,0.74,0.22,0.75,0.72,0.5028128
0.17,0.45,0.72,0.29,0.75,0.7,0.502813
0.17,0.49,0.72,0.29,0.73,0.7,0.5028131
0.17,0.5,0.74,0.3,0.76,0.72,0.5028131
0.18,0.44,0.71,0.28,0.76,0.71,0.5028131
0.18,0.48,0.74,0.28,0.76,0.71,0.5028131
0.17,0.47,0.74,0.28,0.73,0.72,0.5028132
0.18,0.48,0.75,0.29,0.73,0.71,0.5028132
0.18,0.43,0.71,0.25,0.74,0.72,0.5028133
0.18,0.43,0.73,0.25,0.74,0.71,0.5028133
0.16,0.48,0.75,0.29,0.72,0.71,0.5028136
0.18,0.46,0.72,0.24,0.75,0.7,0.5028137
0.18,0.45,0.7,0.28,0.73,0.7,0.5028138
0.18,0.47,0.73,0.3,0.76,0.72,0.5028138
0.17,0.47,0.75,0.26,0.73,0.71,0.502814
0.16,0.47,0.72,0.22,0.75,0.7,0.5028141
0.16,0.5,0.7,0.25,0.74,0.71,0.5028143
0.18,0.44,0.71,0.2,0.75,0.7,0.5028143
0.16,0.4,0.72,0.21,0.73,0.7,0.5028144
0.17,0.45,0.73,0.21,0.76,0.71,0.5028145
0.18,0.47,0.75,0.23,0.74,0.72,0.5028145
0.17,0.47,0.7,0.27,0.76,0.7,0.5028147
0.16,0.43,0.74,0.24,0.72,0.71,0.5028149
0.16,0.43,0.7,0.27,0.76,0.72,0.5028151
0.17,0.43,0.73,0.26,0.75,0.71,0.5028151
0.17,0.47,0.74,0.25,0.76,0.71,0.5028151
0.18,0.41,0.71,0.21,0.73,0.7,0.5028152
0.17,0.43,0.72,0.27,0.76,0.7,0.5028153
0.17,0.5,0.73,0.29,0.74,0.72,0.5028153
0.18,0.5,0.74,0.26,0.75,0.72,0.5028153
0.17,0.45,0.73,0.22,0.72,0.7,0.5028154
0.16,0.48,0.7,0.22,0.76,0.71,0.5028155
0.16,0.49,0.74,0.3,0.74,0.7,0.5028155
0.17,0.46,0.75,0.28,0.75,0.72,0.5028155
0.16,0.4,0.72,0.22,0.72,0.7,0.5028157
0.17,0.4,0.71,0.24,0.75,0.7,0.5028157
0.17,0.44,0.72,0.26,0.72,0.7,0.5028157
0.18,0.5,0.7,0.26,0.72,0.72,0.5028157
0.18,0.5,0.75,0.23,0.72,0.71,0.5028157
0.16,0.47,0.74,0.28,0.75,0.7,0.502816
0.18,0.42,0.72,0.25,0.76,0.72,0.502816
0.18,0.49,0.72,0.29,0.74,0.71,0.502816
0.17,0.42,0.73,0.22,0.74,0.71,0.5028161
0.17,0.42,0.73,0.23,0.73,0.72,0.5028162
0.16,0.5,0.71,0.26,0.72,0.7,0.5028163
0.16,0.48,0.71,0.23,0.74,0.7,0.5028164
0.16,0.4,0.71,0.2,0.76,0.7,0.5028165
0.18,0.43,0.71,0.25,0.73,0.71,0.5028165
0.18,0.44,0.71,0.28,0.75,0.7,0.5028166
0.16,0.48,0.73,0.28,0.75,0.7,0.5028167
0.16,0.49,0.7,0.2,0.72,0.7,0.5028167
0.16,0.47,0.71,0.29,0.73,0.72,0.5028168
0.17,0.47,0.74,0.28,0.72,0.71,0.5028168
0.18,0.46,0.73,0.27,0.73,0.72,0.5028168
0.18,0.49,0.73,0.2,0.75,0.72,0.5028168
0.16,0.46,0.75,0.23,0.73,0.71,0.5028169
0.18,0.43,0.72,0.25,0.73,0.7,0.5028169
0.16,0.46,0.7,0.29,0.75,0.71,0.502817
0.18,0.48,0.74,0.29,0.72,0.7,0.502817
0.16,0.42,0.72,0.24,0.76,0.7,0.5028171
0.18,0.47,0.73,0.3,0.75,0.71,0.5028174
0.16,0.43,0.75,0.23,0.75,0.72,0.5028177
0.17,0.47,0.74,0.26,0.72,0.7,0.5028177
0.16,0.41,0.75,0.2,0.72,0.72,0.5028179
0.18,0.43,0.71,0.24,0.76,0.7,0.5028179
0.16,0.43,0.7,0.27,0.75,0.71,0.5028181
0.17,0.5,0.72,0.28,0.72,0.72,0.5028181
0.18,0.41,0.7,0.2,0.76,0.7,0.5028181
0.17,0.45,0.72,0.21,0.75,0.7,0.5028183
0.18,0.47,0.74,0.23,0.73,0.71,0.5028183
0.18,0.44,0.74,0.23,0.75,0.72,0.5028184
0.16,0.46,0.72,0.29,0.75,0.72,0.5028185
0.18,0.42,0.74,0.2,0.72,0.72,0.5028185
0.18,0.49,0.74,0.21,0.73,0.71,0.5028185
0.18,0.49,0.71,0.28,0.72,0.71,0.5028186
0.18,0.49,0.73,0.24,0.76,0.72,0.5028186
0.18,0.5,0.72,0.21,0.74,0.72,0.5028186
0.17,0.44,0.74,0.26,0.74,0.71,0.5028187
0.17,0.47,0.73,0.25,0.75,0.7,0.5028188
0.18,0.5,0.75,0.27,0.73,0.71,0.5028188
0.16,0.47,0.72,0.26,0.76,0.7,0.502819
0.18,0.45,0.74,0.27,0.75,0.72,0.502819
0.16,0.42,0.7,0.24,0.73,0.72,0.5028192
0.17,0.46,0.75,0.2,0.74,0.72,0.5028192
0.16,0.46,0.74,0.22,0.76,0.71,0.5028193
0.17,0.45,0.75,0.25,0.72,0.72,0.5028193
0.17,0.42,0.73,0.23,0.72,0.71,0.5028194
0.18,0.42,0.72,0.25,0.75,0.71,0.5028194
0.16,0.49,0.7,0.24,0.73,0.7,0.5028195
0.17,0.42,0.72,0.22,0.73,0.7,0.5028197
0.16,0.46,0.71,0.2,0.76,0.7,0.50282
0.17,0.46,0.7,0.29,0.76,0.72,0.50282
0.18,0.43,0.71,0.25,0.72,0.7,0.50282
0.16,0.47,0.71,0.29,0.72,0.71,0.5028201
0.17,0.46,0.7,0.28,0.73,0.72,0.5028201
0.18,0.5,0.73,0.22,0.72,0.71,0.5028201
0.18,0.46,0.73,0.27,0.72,0.71,0.5028204
0.16,0.46,0.74,0.23,0.72,0.7,0.5028206
0.16,0.48,0.75,0.26,0.76,0.71,0.5028206
0.17,0.49,0.75,0.2,0.72,0.71,0.5028208
0.18,0.49,0.75,0.27,0.73,0.71,0.5028208
0.18,0.47,0.73,0.3,0.74,0.7,0.502821
0.16,0.5,0.73,0.29,0.74,0.71,0.5028211
0.17,0.5,0.7,0.26,0.72,0.71,0.5028211
0.18,0.46,0.75,0.27,0.75,0.72,0.5028211
0.18,0.5,0.71,0.27,0.75,0.72,0.5028211
0.16,0.43,0.74,0.23,0.74,0.71,0.5028212
0.16,0.44,0.73,0.28,0.76,0.7,0.5028212
0.18,0.47,0.73,0.22,0.76,0.71,0.5028212
0.18,0.49,0.74,0.25,0.74,0.71,0.5028212
0.16,0.41,0.75,0.21,0.72,0.72,0.5028213
0.16,0.43,0.7,0.27,0.74,0.7,0.5028213
0.18,0.45,0.72,0.28,0.76,0.7,0.5028213
0.18,0.5,0.72,0.25,0.75,0.72,0.5028213
0.16,0.41,0.71,0.24,0.75,0.72,0.5028216
0.16,0.47,0.7,0.21,0.75,0.7,0.5028216
0.18,0.41,0.72,0.22,0.73,0.72,0.5028216
0.17,0.42,0.71,0.21,0.76,0.7,0.5028218
0.18,0.49,0.75,0.29,0.72,0.72,0.5028218
0.16,0.45,0.72,0.26,0.72,0.72,0.5028219
0.16,0.46,0.72,0.29,0.74,0.71,0.5028219
0.17,0.45,0.71,0.28,0.75,0.72,0.5028219
0.17,0.43,0.75,0.21,0.72,0.72,0.502822
0.18,0.44,0.73,0.23,0.74,0.71,0.502822
0.16,0.42,0.7,0.24,0.72,0.71,0.5028221
0.16,0.48,0.71,0.27,0.75,0.7,0.5028222
0.16,0.5,0.74,0.3,0.72,0.72,0.5028222
0.18,0.47,0.73,0.23,0.72,0.7,0.5028222
0.17,0.44,0.73,0.26,0.73,0.7,0.5028223
0.17,0.49,0.73,0.3,0.72,0.71,0.5028226
0.18,0.5,0.74,0.3,0.76,0.72,0.5028227
0.16,0.46,0.73,0.22,0.75,0.7,0.5028229
0.17,0.46,0.74,0.2,0.73,0.71,0.5028229
0.17,0.49,0.75,0.3,0.72,0.7,0.502823
0.17,0.44,0.72,0.25,0.76,0.7,0.5028231
0.17,0.45,0.75,0.24,0.75,0.72,0.5028232
0.17,0.43,0.74,0.2,0.75,0.72,0.5028233
0.17,0.48,0.75,0.24,0.73,0.71,0.5028233
0.18,0.48,0.72,0.3,0.72,0.7,0.5028233
0.17,0.46,0.7,0.28,0.72,0.71,0.5028234
0.17,0.49,0.75,0.23,0.76,0.72,0.5028234
0.18,0.41,0.73,0.23,0.76,0.72,0.5028236
0.17,0.5,0.73,0.29,0.75,0.72,0.5028237
0.16,0.48,0.75,0.27,0.72,0.7,0.5028238
0.16,0.5,0.72,0.28,0.72,0.71,0.5028238
0.17,0.5,0.74,0.2,0.74,0.72,0.5028238
0.18,0.44,0.74,0.24,0.72,0.72,0.5028238
0.16,0.44,0.73,0.26,0.74,0.72,0.502824
0.17,0.49,0.71,0.28,0.72,0.7,0.502824
0.18,0.5,0.73,0.26,0.73,0.71,0.502824
0.18,0.5,0.7,0.26,0.73,0.72,0.5028243
0.16,0.42,0.71,0.27,0.76,0.7,0.5028244
0.16,0.45,0.73,0.29,0.76,0.71,0.5028244
0.18,0.49,0.72,0.29,0.75,0.71,0.5028245
0.16,0.41,0.71,0.24,0.74,0.71,0.5028246
0.16,0.45,0.75,0.27,0.74,0.71,0.5028246
0.16,0.43,0.73,0.23,0.73,0.7,0.5028247
0.18,0.46,0.74,0.27,0.74,0.71,0.5028248
0.18,0.49,0.74,0.27,0.72,0.7,0.5028248
0.18,0.41,0.72,0.22,0.72,0.71,0.5028249
0.18,0.48,0.73,0.23,0.75,0.71,0.502825
0.18,0.49,0.72,0.2,0.73,0.71,0.5028252
0.17,0.45,0.71,0.28,0.74,0.71,0.5028253
0.16,0.46,0.72,0.29,0.73,0.7,0.5028254
0.16,0.47,0.7,0.25,0.76,0.7,0.5028254
0.18,0.49,0.73,0.3,0.73,0.72,0.5028255
0.18,0.49,0.71,0.23,0.76,0.72,0.5028256
0.17,0.5,0.74,0.24,0.75,0.72,0.5028257
0.18,0.44,0.7,0.27,0.75,0.72,0.5028257
0.18,0.44,0.72,0.23,0.73,0.7,0.5028257
0.17,0.5,0.75,0.21,0.72,0.71,0.5028258
0.18,0.48,0.75,0.21,0.74,0.72,0.5028258
0.16,0.46,0.7,0.29,0.76,0.71,0.5028259
0.17,0.44,0.71,0.25,0.72,0.72,0.502826
0.17,0.4,0.7,0.23,0.75,0.72,0.5028262
0.17,0.48,0.73,0.3,0.74,0.72,0.5028263
0.17,0.5,0.72,0.28,0.73,0.72,0.5028265
0.18,0.5,0.7,0.2,0.74,0.72,0.5028265
0.16,0.43,0.72,0.22,0.76,0.7,0.5028266
0.17,0.43,0.73,0.2,0.74,0.71,0.5028267
0.16,0.43,0.74,0.26,0.76,0.72,0.5028268
0.17,0.46,0.73,0.2,0.72,0.7,0.5028268
0.17,0.45,0.74,0.24,0.74,0.71,0.5028269
0.17,0.46,0.73,0.29,0.76,0.7,0.502827
0.16,0.5,0.7,0.26,0.72,0.7,0.5028271
0.18,0.41,0.72,0.23,0.75,0.71,0.5028271
0.18,0.45,0.75,0.22,0.72,0.72,0.5028271
0.18,0.49,0.71,0.28,0.73,0.71,0.5028271
0.17,0.48,0.74,0.24,0.72,0.7,0.5028272
0.18,0.49,0.72,0.24,0.74,0.71,0.5028272
0.16,0.44,0.73,0.26,0.73,0.71,0.5028273
0.18,0.5,0.71,0.21,0.72,0.71,0.5028273
0.16,0.4,0.73,0.23,0.75,0.71,0.5028274
0.16,0.44,0.75,0.21,0.75,0.72,0.5028274
0.17,0.4,0.74,0.2,0.72,0.72,0.5028274
0.16,0.47,0.75,0.21,0.73,0.71,0.5028275
0.16,0.41,0.71,0.24,0.73,0.7,0.5028278
0.16,0.4,0.72,0.24,0.76,0.71,0.5028279
0.16,0.45,0.73,0.29,0.75,0.7,0.5028279
0.17,0.44,0.72,0.28,0.76,0.71,0.5028279
0.16,0.4,0.71,0.21,0.72,0.72,0.502828
0.16,0.47,0.75,0.28,0.73,0.72,0.502828
0.17,0.43,0.72,0.25,0.74,0.72,0.502828
0.18,0.49,0.74,0.29,0.75,0.71,0.502828
0.16,0.49,0.73,0.3,0.72,0.7,0.5028281
0.16,0.45,0.74,0.27,0.73,0.7,0.5028282
0.18,0.44,0.71,0.22,0.76,0.7,0.5028282
0.17,0.41,0.7,0.26,0.76,0.7,0.5028283
0.17,0.47,0.74,0.3,0.76,0.72,0.5028283
0.16,0.45,0.73,0.26,0.76,0.7,0.5028284
0.17,0.42,0.74,0.24,0.76,0.72,0.5028284
0.17,0.5,0.75,0.25,0.73,0.71,0.5028285
0.18,0.5,0.7,0.24,0.75,0.72,0.5028285
0.18,0.46,0.73,0.27,0.73,0.7,0.5028286
0.17,0.4,0.73,0.2,0.76,0.72,0.5028287
0.17,0.45,0.71,0.28,0.73,0.7,0.5028287
0.18,0.45,0.74,0.21,0.75,0.72,0.5028287
0.18,0.44,0.7,0.27,0.74,0.71,0.502829
0.17,0.4,0.7,0.23,0.74,0.71,0.5028292
0.18,0.46,0.72,0.26,0.76,0.7,0.5028294
0.18,0.47,0.75,0.25,0.75,0.72,0.5028294
0.18,0.47,0.72,0.29,0.74,0.72,0.5028296
0.18,0.48,0.73,0.27,0.76,0.71,0.5028298
0.18,0.48,0.74,0.21,0.73,0.71,0.5028298
0.17,0.48,0.73,0.3,0.73,0.71,0.5028299
0.17,0.5,0.7,0.26,0.73,0.71,0.5028299
0.18,0.45,0.7,0.3,0.76,0.7,0.5028301
0.18,0.49,0.73,0.25,0.72,0.7,0.5028302
0.18,0.5,0.71,0.25,0.73,0.71,0.5028302
0.16,0.43,0.74,0.26,0.75,0.71,0.5028303
0.16,0.5,0.74,0.3,0.73,0.72,0.5028303
0.17,0.43,0.72,0.2,0.73,0.7,0.5028303
0.17,0.49,0.73,0.22,0.76,0.72,0.5028304
0.18,0.47,0.72,0.21,0.76,0.71,0.5028304
0.17,0.47,0.75,0.28,0.74,0.71,0.5028305
0.16,0.4,0.72,0.23,0.74,0.7,0.5028306
0.17,0.45,0.73,0.24,0.73,0.7,0.5028307
0.18,0.41,0.71,0.23,0.74,0.7,0.5028307
0.17,0.49,0.73,0.3,0.73,0.71,0.5028308
0.18,0.43,0.7,0.24,0.72,0.72,0.5028308
0.17,0.42,0.73,0.25,0.76,0.72,0.5028309
0.16,0.44,0.73,0.26,0.72,0.7,0.502831
0.16,0.44,0.74,0.21,0.74,0.71,0.502831
0.17,0.43,0.72,0.25,0.73,0.71,0.5028313
0.17,0.5,0.74,0.28,0.76,0.72,0.5028313
0.16,0.42,0.74,0.23,0.73,0.72,0.5028314
0.16,0.47,0.74,0.2,0.76,0.71,0.5028315
0.16,0.47,0.74,0.21,0.72,0.7,0.5028315
0.17,0.44,0.72,0.28,0.75,0.7,0.5028315
0.17,0.46,0.74,0.27,0.73,0.72,0.5028315
0.16,0.47,0.75,0.28,0.72,0.71,0.5028316
0.18,0.43,0.71,0.27,0.76,0.71,0.5028317
0.18,0.46,0.73,0.29,0.76,0.72,0.5028317
0.18,0.48,0.72,0.3,0.73,0.7,0.5028317
0.17,0.42,0.73,0.24,0.75,0.71,0.5028319
0.18,0.48,0.71,0.22,0.75,0.71,0.5028319
0.17,0.4,0.72,0.2,0.75,0.71,0.502832
0.17,0.47,0.74,0.3,0.75,0.71,0.502832
0.17,0.49,0.74,0.23,0.74,0.71,0.502832
0.17,0.5,0.73,0.29,0.76,0.72,0.5028323
0.18,0.42,0.74,0.22,0.73,0.72,0.5028323
0.16,0.46,0.75,0.25,0.74,0.71,0.5028324
0.16,0.5,0.72,0.28,0.73,0.71,0.5028324
0.17,0.4,0.7,0.23,0.73,0.7,0.5028324
0.18,0.45,0.73,0.21,0.74,0.71,0.5028324
0.17,0.5,0.73,0.2,0.72,0.71,0.5028325
0.16,0.41,0.74,0.21,0.76,0.72,0.5028326
0.18,0.44,0.7,0.27,0.73,0.7,0.5028326
0.16,0.49,0.75,0.25,0.72,0.7,0.5028327
0.17,0.45,0.72,0.23,0.76,0.7,0.5028327
0.17,0.5,0.72,0.23,0.75,0.72,0.5028327
0.17,0.49,0.71,0.28,0.73,0.7,0.5028328
0.18,0.42,0.71,0.24,0.74,0.72,0.5028328
0.18,0.49,0.72,0.28,0.75,0.71,0.5028329
0.18,0.5,0.7,0.26,0.74,0.72,0.5028329
0.17,0.46,0.75,0.22,0.75,0.72,0.5028331
0.16,0.47,0.74,0.3,0.76,0.7,0.5028333
0.18,0.42,0.73,0.21,0.76,0.72,0.5028333
0.18,0.47,0.72,0.29,0.73,0.71,0.5028333
0.18,0.47,0.74,0.25,0.74,0.71,0.5028333
0.17,0.48,0.73,0.3,0.72,0.7,0.5028336
0.18,0.49,0.73,0.3,0.74,0.72,0.5028336
0.18,0.44,0.74,0.25,0.76,0.72,0.5028337
0.16,0.43,0.75,0.25,0.76,0.72,0.5028338
0.17,0.45,0.75,0.27,0.75,0.72,0.5028338
0.18,0.48,0.72,0.23,0.73,0.7,0.5028338
0.18,0.48,0.73,0.21,0.72,0.7,0.5028339
0.16,0.42,0.7,0.26,0.76,0.72,0.5028341
0.17,0.49,0.75,0.22,0.73,0.71,0.5028342
0.18,0.49,0.7,0.23,0.74,0.71,0.5028342
0.17,0.42,0.73,0.25,0.75,0.71,0.5028343
0.17,0.47,0.74,0.28,0.73,0.7,0.5028343
0.17,0.5,0.73,0.24,0.73,0.71,0.5028344
0.16,0.42,0.74,0.23,0.72,0.71,0.5028347
0.16,0.44,0.73,0.21,0.73,0.7,0.5028347
0.17,0.43,0.72,0.25,0.72,0.7,0.5028349
0.17,0.5,0.72,0.28,0.74,0.72,0.5028349
0.16,0.46,0.71,0.28,0.73,0.72,0.502835
0.17,0.46,0.74,0.27,0.72,0.71,0.5028351
0.17,0.5,0.75,0.29,0.74,0.71,0.5028352
0.18,0.43,0.71,0.27,0.75,0.7,0.5028353
0.17,0.4,0.71,0.2,0.74,0.7,0.5028354
0.17,0.42,0.72,0.24,0.74,0.7,0.5028354
0.18,0.45,0.73,0.26,0.73,0.72,0.5028354
0.18,0.46,0.73,0.29,0.75,0.71,0.5028354
0.18,0.41,0.72,0.24,0.76,0.72,0.5028355
0.18,0.48,0.71,0.26,0.76,0.71,0.5028356
0.18,0.49,0.71,0.28,0.74,0.71,0.5028356
0.16,0.49,0.75,0.21,0.76,0.72,0.5028358
0.18,0.42,0.73,0.22,0.72,0.71,0.5028358
0.16,0.41,0.73,0.21,0.75,0.71,0.5028359
0.18,0.49,0.71,0.24,0.72,0.7,0.5028361
0.16,0.46,0.74,0.25,0.73,0.7,0.5028362
0.18,0.42,0.71,0.24,0.73,0.71,0.5028362
0.18,0.45,0.72,0.21,0.73,0.7,0.5028363
0.17,0.41,0.73,0.22,0.73,0.72,0.5028365
0.17,0.43,0.75,0.23,0.73,0.72,0.5028365
0.16,0.49,0.73,0.3,0.73,0.7,0.5028366
0.18,0.49,0.72,0.29,0.72,0.72,0.5028366
0.18,0.42,0.72,0.21,0.75,0.71,0.5028367
0.18,0.49,0.75,0.29,0.74,0.71,0.5028368
0.16,0.45,0.72,0.28,0.75,0.72,0.5028369
0.17,0.46,0.74,0.22,0.74,0.71,0.5028369
0.17,0.49,0.74,0.27,0.75,0.71,0.5028369
0.18,0.47,0.72,0.29,0.72,0.7,0.502837
0.17,0.48,0.73,0.21,0.75,0.71,0.5028371
0.18,0.49,0.73,0.29,0.73,0.7,0.5028371
0.16,0.42,0.7,0.26,0.75,0.71,0.5028372
0.16,0.43,0.74,0.25,0.75,0.71,0.5028373
0.17,0.5,0.72,0.27,0.76,0.72,0.5028373
0.18,0.47,0.73,0.25,0.73,0.7,0.5028373
0.17,0.43,0.74,0.22,0.76,0.72,0.5028374
0.18,0.44,0.73,0.25,0.75,0.71,0.5028375
0.16,0.5,0.74,0.22,0.75,0.72,0.5028376
0.18,0.46,0.75,0.2,0.72,0.72,0.5028376
0.16,0.46,0.73,0.24,0.76,0.7,0.5028377
0.18,0.44,0.74,0.26,0.75,0.72,0.5028377
0.18,0.47,0.7,0.2,0.76,0.71,0.502838
0.16,0.46,0.71,0.28,0.72,0.71,0.5028383
0.17,0.49,0.71,0.21,0.76,0.72,0.5028383
0.17,0.5,0.71,0.27,0.72,0.72,0.5028383
0.16,0.44,0.72,0.2,0.76,0.7,0.5028384
0.16,0.5,0.74,0.3,0.74,0.72,0.5028384
0.17,0.48,0.75,0.26,0.74,0.71,0.5028384
0.17,0.44,0.75,0.24,0.72,0.72,0.5028385
0.17,0.45,0.7,0.27,0.73,0.72,0.5028387
0.18,0.48,0.72,0.27,0.74,0.7,0.5028388
0.18,0.49,0.7,0.27,0.72,0.71,0.5028388
0.17,0.45,0.75,0.26,0.76,0.72,0.5028389
0.17,0.49,0.72,0.22,0.74,0.71,0.5028389
0.18,0.47,0.71,0.21,0.74,0.7,0.5028389
0.18,0.41,0.72,0.24,0.75,0.71,0.502839
0.16,0.41,0.7,0.23,0.73,0.72,0.5028392
0.17,0.49,0.73,0.3,0.74,0.71,0.5028392
0.18,0.45,0.73,0.26,0.72,0.71,0.5028392
0.18,0.48,0.75,0.23,0.75,0.72,0.5028393
0.16,0.41,0.72,0.21,0.74,0.7,0.5028395
0.16,0.5,0.75,0.23,0.73,0.71,0.5028396
0.17,0.48,0.73,0.25,0.76,0.71,0.5028397
0.18,0.42,0.71,0.24,0.72,0.7,0.5028397
0.18,0.48,0.75,0.28,0.72,0.72,0.5028397
0.17,0.41,0.73,0.22,0.72,0.71,0.5028398
0.18,0.48,0.72,0.3,0.74,0.7,0.5028401
0.17,0.43,0.74,0.23,0.72,0.71,0.5028402
0.16,0.45,0.72,0.28,0.74,0.71,0.5028403
0.16,0.48,0.75,0.29,0.73,0.7,0.5028403
0.17,0.5,0.73,0.28,0.74,0.71,0.5028403
0.16,0.42,0.7,0.26,0.74,0.7,0.5028405
0.17,0.44,0.71,0.27,0.75,0.72,0.5028405
0.18,0.42,0.71,0.21,0.74,0.7,0.5028405
0.18,0.48,0.7,0.22,0.73,0.7,0.5028406
0.17,0.5,0.7,0.22,0.75,0.72,0.5028407
0.16,0.48,0.74,0.3,0.74,0.72,0.5028408
0.17,0.46,0.73,0.22,0.73,0.7,0.5028408
0.17,0.49,0.73,0.23,0.72,0.7,0.5028409
0.18,0.45,0.71,0.2,0.76,0.7,0.5028409
0.16,0.43,0.73,0.25,0.74,0.7,0.502841
0.16,0.5,0.72,0.28,0.74,0.71,0.502841
0.16,0.44,0.72,0.25,0.72,0.72,0.5028411
0.17,0.43,0.73,0.22,0.75,0.71,0.5028411
0.16,0.5,0.74,0.26,0.76,0.72,0.5028413
0.18,0.44,0.72,0.25,0.74,0.7,0.5028414
0.17,0.5,0.71,0.23,0.73,0.71,0.5028415
0.16,0.4,0.71,0.23,0.75,0.72,0.5028416
0.18,0.47,0.71,0.25,0.75,0.7,0.5028416
0.16,0.42,0.75,0.2,0.73,0.72,0.5028417
0.16,0.5,0.73,0.29,0.72,0.72,0.5028417
0.18,0.5,0.7,0.26,0.75,0.72,0.5028417
0.18,0.49,0.73,0.3,0.75,0.72,0.5028418
0.16,0.47,0.75,0.23,0.74,0.71,0.5028419
0.17,0.45,0.7,0.27,0.72,0.71,0.5028419
0.17,0.49,0.72,0.29,0.72,0.71,0.5028419
0.18,0.45,0.75,0.24,0.73,0.72,0.5028421
0.16,0.41,0.7,0.23,0.72,0.71,0.5028422
0.16,0.44,0.75,0.23,0.76,0.72,0.5028423
0.18,0.43,0.74,0.2,0.73,0.72,0.5028423
0.18,0.49,0.71,0.28,0.73,0.7,0.5028423
0.17,0.48,0.74,0.26,0.73,0.7,0.5028424
0.17,0.45,0.74,0.26,0.75,0.71,0.5028427
0.17,0.48,0.72,0.29,0.72,0.72,0.5028427
0.17,0.49,0.72,0.26,0.75,0.71,0.5028427
0.18,0.4,0.72,0.21,0.73,0.72,0.5028427
0.18,0.48,0.71,0.29,0.72,0.7,0.5028428
0.16,0.44,0.73,0.28,0.76,0.71,0.5028429
0.16,0.47,0.75,0.3,0.76,0.72,0.5028429
0.18,0.45,0.74,0.23,0.76,0.72,0.502843
0.16,0.43,0.73,0.25,0.74,0.72,0.5028431
0.16,0.49,0.73,0.2,0.76,0.72,0.5028434
0.18,0.43,0.74,0.23,0.72,0.72,0.5028434
0.18,0.48,0.74,0.23,0.74,0.71,0.5028434
0.17,0.5,0.72,0.28,0.75,0.72,0.5028435
0.16,0.41,0.71,0.26,0.76,0.7,0.5028438
0.16,0.45,0.72,0.28,0.73,0.7,0.5028439
0.17,0.44,0.71,0.27,0.74,0.71,0.5028439
0.16,0.5,0.71,0.27,0.72,0.71,0.5028441
0.17,0.47,0.73,0.29,0.74,0.72,0.5028441
0.18,0.49,0.71,0.28,0.75,0.71,0.5028441
0.17,0.49,0.7,0.27,0.72,0.7,0.5028443
0.16,0.49,0.74,0.21,0.74,0.71,0.5028444
0.16,0.5,0.75,0.27,0.74,0.71,0.5028444
0.17,0.5,0.74,0.29,0.72,0.7,0.5028444
0.16,0.48,0.74,0.3,0.73,0.71,0.5028445
0.18,0.48,0.7,0.26,0.74,0.7,0.5028446
0.16,0.4,0.71,0.23,0.74,0.71,0.5028447
0.17,0.45,0.71,0.3,0.76,0.7,0.5028447
0.18,0.43,0.7,0.26,0.75,0.72,0.5028447
0.18,0.47,0.75,0.27,0.76,0.72,0.5028447
0.18,0.49,0.72,0.29,0.73,0.72,0.5028447
0.17,0.47,0.75,0.2,0.75,0.72,0.5028449
0.17,0.48,0.71,0.2,0.75,0.71,0.5028449
0.16,0.42,0.74,0.2,0.72,0.71,0.502845
0.17,0.43,0.72,0.22,0.74,0.7,0.502845
0.16,0.49,0.73,0.3,0.74,0.7,0.5028451
0.16,0.44,0.75,0.24,0.72,0.71,0.5028453
0.18,0.46,0.73,0.29,0.74,0.7,0.5028453
0.16,0.5,0.72,0.21,0.75,0.72,0.5028455
0.17,0.43,0.71,0.24,0.72,0.72,0.5028456
0.16,0.47,0.74,0.23,0.73,0.7,0.5028458
0.17,0.48,0.72,0.21,0.73,0.7,0.5028458
0.18,0.43,0.73,0.2,0.72,0.71,0.5028459
0.16,0.42,0.74,0.25,0.76,0.72,0.502846
0.17,0.49,0.73,0.27,0.73,0.7,0.502846
0.18,0.45,0.74,0.24,0.72,0.71,0.502846
0.16,0.44,0.74,0.23,0.75,0.71,0.5028461
0.17,0.44,0.75,0.21,0.73,0.72,0.5028461
0.18,0.46,0.7,0.23,0.76,0.7,0.5028461
0.18,0.4,0.72,0.21,0.72,0.71,0.5028462
0.17,0.46,0.74,0.29,0.76,0.72,0.5028463
0.17,0.5,0.71,0.27,0.74,0.71,0.5028463
0.16,0.43,0.73,0.25,0.73,0.71,0.5028464
0.16,0.46,0.75,0.27,0.73,0.72,0.5028464
0.16,0.44,0.73,0.28,0.75,0.7,0.5028465
0.16,0.5,0.73,0.22,0.73,0.71,0.5028465
0.18,0.47,0.71,0.28,0.72,0.72,0.5028465
0.16,0.47,0.75,0.3,0.75,0.71,0.5028466
0.17,0.4,0.72,0.22,0.76,0.71,0.5028466
0.17,0.45,0.73,0.26,0.74,0.7,0.5028466
0.17,0.48,0.71,0.24,0.76,0.71,0.5028466
0.17,0.43,0.72,0.27,0.76,0.71,0.5028467
0.17,0.5,0.71,0.27,0.73,0.72,0.5028467
0.16,0.5,0.74,0.3,0.75,0.72,0.5028468
0.18,0.45,0.73,0.23,0.75,0.71,0.5028469
0.17,0.49,0.7,0.21,0.74,0.71,0.502847
0.16,0.49,0.74,0.25,0.75,0.71,0.5028472
0.18,0.49,0.7,0.27,0.73,0.71,0.5028473
0.17,0.44,0.71,0.27,0.73,0.7,0.5028475
0.17,0.42,0.72,0.24,0.74,0.72,0.5028476
0.17,0.49,0.73,0.3,0.75,0.71,0.5028476
0.16,0.49,0.72,0.29,0.72,0.7,0.5028477
0.17,0.46,0.75,0.24,0.76,0.72,0.5028477
0.18,0.46,0.72,0.28,0.74,0.72,0.5028478
0.17,0.47,0.73,0.29,0.73,0.71,0.5028479
0.16,0.4,0.71,0.23,0.73,0.7,0.502848
0.16,0.49,0.75,0.27,0.73,0.7,0.502848
0.17,0.4,0.7,0.25,0.76,0.7,0.502848
0.17,0.49,0.71,0.22,0.72,0.7,0.502848
0.17,0.49,0.75,0.24,0.74,0.71,0.5028481
0.18,0.43,0.7,0.26,0.74,0.71,0.5028481
0.16,0.5,0.72,0.25,0.76,0.72,0.5028483
0.16,0.46,0.75,0.27,0.75,0.71,0.5028484
0.16,0.48,0.74,0.3,0.72,0.7,0.5028484
0.18,0.4,0.73,0.2,0.74,0.72,0.5028484
0.18,0.44,0.7,0.29,0.76,0.7,0.5028484
0.17,0.44,0.74,0.2,0.76,0.72,0.5028485
0.18,0.47,0.74,0.27,0.75,0.71,0.5028486
0.17,0.48,0.72,0.25,0.74,0.7,0.5028487
0.18,0.47,0.71,0.29,0.76,0.7,0.5028488
0.17,0.47,0.74,0.2,0.74,0.71,0.5028491
0.17,0.5,0.72,0.28,0.72,0.7,0.5028496
0.17,0.49,0.7,0.25,0.75,0.71,0.5028497
0.16,0.5,0.73,0.29,0.73,0.72,0.5028498
0.17,0.44,0.74,0.21,0.72,0.71,0.5028499
0.18,0.45,0.73,0.28,0.76,0.72,0.5028499
0.16,0.44,0.73,0.23,0.74,0.7,0.50285
0.17,0.46,0.74,0.29,0.75,0.71,0.50285
0.18,0.49,0.73,0.3,0.76,0.72,0.50285
0.16,0.46,0.71,0.3,0.76,0.72,0.5028501
0.17,0.45,0.74,0.26,0.73,0.72,0.5028501
0.16,0.43,0.73,0.25,0.72,0.7,0.5028502
0.16,0.46,0.75,0.27,0.72,0.71,0.5028502
0.17,0.49,0.72,0.29,0.73,0.71,0.5028502
0.16,0.5,0.73,0.26,0.74,0.71,0.5028503
0.17,0.4,0.71,0.22,0.75,0.7,0.5028503
0.17,0.41,0.73,0.24,0.76,0.72,0.5028504
0.17,0.43,0.72,0.27,0.75,0.7,0.5028504
0.16,0.45,0.7,0.3,0.76,0.7,0.5028508
0.18,0.42,0.7,0.23,0.72,0.72,0.5028508
0.17,0.46,0.75,0.25,0.72,0.71,0.5028509
0.18,0.42,0.71,0.26,0.76,0.71,0.5028509
0.18,0.45,0.72,0.23,0.74,0.7,0.5028509
0.17,0.42,0.72,0.24,0.73,0.71,0.502851
0.17,0.47,0.74,0.3,0.74,0.7,0.5028511
0.17,0.46,0.72,0.22,0.76,0.7,0.5028512
0.18,0.48,0.71,0.29,0.73,0.7,0.5028512
0.16,0.48,0.73,0.23,0.76,0.71,0.5028513
0.16,0.41,0.73,0.23,0.76,0.71,0.5028515
0.17,0.46,0.74,0.24,0.75,0.71,0.5028515
0.18,0.46,0.72,0.28,0.73,0.71,0.5028515
0.18,0.49,0.75,0.21,0.75,0.72,0.5028515
0.16,0.41,0.74,0.22,0.73,0.72,0.5028516
0.18,0.46,0.75,0.22,0.73,0.72,0.5028516
0.18,0.42,0.72,0.23,0.76,0.71,0.5028517
0.17,0.41,0.74,0.21,0.74,0.72,0.5028518
0.17,0.47,0.73,0.29,0.72,0.7,0.5028518
0.18,0.43,0.7,0.26,0.73,0.7,0.5028518
0.17,0.49,0.71,0.26,0.73,0.7,0.5028519
0.18,0.4,0.72,0.2,0.73,0.71,0.5028519
0.16,0.49,0.72,0.2,0.74,0.71,0.5028521
0.17,0.5,0.72,0.28,0.76,0.72,0.5028521
0.18,0.49,0.74,0.3,0.73,0.72,0.5028522
0.16,0.46,0.74,0.27,0.74,0.7,0.5028523
0.17,0.44,0.73,0.2,0.75,0.71,0.5028523
0.17,0.44,0.75,0.26,0.75,0.72,0.5028525
0.17,0.47,0.73,0.28,0.76,0.7,0.5028525
0.16,0.45,0.75,0.21,0.76,0.72,0.5028527
0.18,0.41,0.71,0.23,0.74,0.72,0.5028527
0.18,0.47,0.73,0.27,0.74,0.7,0.5028527
0.16,0.5,0.71,0.27,0.73,0.71,0.5028528
0.17,0.47,0.71,0.23,0.75,0.7,0.5028528
0.18,0.49,0.72,0.29,0.74,0.72,0.5028528
0.17,0.49,0.7,0.27,0.73,0.7,0.5028532
0.16,0.48,0.75,0.21,0.74,0.71,0.5028534
0.16,0.49,0.73,0.21,0.72,0.7,0.5028534
0.17,0.47,0.73,0.2,0.73,0.7,0.5028534
0.16,0.46,0.71,0.3,0.75,0.71,0.5028535
0.16,0.5,0.74,0.27,0.72,0.7,0.5028535
0.16,0.48,0.74,0.24,0.74,0.7,0.5028536
0.18,0.48,0.75,0.25,0.76,0.72,0.5028536
0.16,0.41,0.7,0.25,0.76,0.72,0.5028537
0.16,0.45,0.71,0.27,0.73,0.72,0.5028537
0.16,0.49,0.74,0.29,0.76,0.71,0.5028537
0.17,0.45,0.7,0.29,0.76,0.72,0.5028537
0.17,0.48,0.7,0.2,0.73,0.7,0.5028537
0.18,0.45,0.73,0.28,0.75,0.71,0.5028537
0.18,0.48,0.75,0.3,0.75,0.72,0.5028537
0.18,0.44,0.73,0.27,0.76,0.71,0.5028538
0.16,0.49,0.72,0.24,0.75,0.71,0.502854
0.17,0.45,0.74,0.26,0.72,0.71,0.502854
0.16,0.5,0.7,0.2,0.75,0.72,0.5028541
0.17,0.48,0.75,0.28,0.75,0.71,0.5028541
0.18,0.46,0.74,0.21,0.76,0.72,0.5028542
0.16,0.5,0.71,0.21,0.73,0.71,0.5028544
0.16,0.45,0.75,0.22,0.72,0.71,0.5028545
0.18,0.44,0.73,0.25,0.73,0.72,0.5028545
0.17,0.42,0.72,0.24,0.72,0.7,0.5028546
0.18,0.42,0.71,0.26,0.75,0.7,0.5028546
0.18,0.5,0.75,0.22,0.74,0.72,0.5028548
0.16,0.41,0.72,0.23,0.75,0.7,0.5028551
0.16,0.41,0.74,0.22,0.72,0.71,0.5028551
0.16,0.5,0.74,0.3,0.76,0.72,0.5028551
0.16,0.46,0.7,0.29,0.75,0.72,0.5028552
0.17,0.5,0.71,0.27,0.74,0.72,0.5028552
0.17,0.41,0.73,0.21,0.73,0.71,0.5028553
0.18,0.4,0.71,0.2,0.72,0.7,0.5028554
0.18,0.4,0.72,0.23,0.76,0.72,0.5028554
0.18,0.46,0.72,0.28,0.72,0.7,0.5028554
0.16,0.44,0.72,0.27,0.75,0.72,0.5028556
0.17,0.46,0.73,0.24,0.74,0.7,0.5028556
0.17,0.48,0.7,0.24,0.74,0.7,0.5028556
0.17,0.48,0.72,0.29,0.75,0.7,0.5028557
0.18,0.42,0.71,0.23,0.75,0.7,0.5028557
0.18,0.46,0.74,0.22,0.72,0.71,0.5028557
0.16,0.42,0.75,0.22,0.74,0.72,0.5028559
0.18,0.49,0.7,0.27,0.74,0.71,0.502856
0.18,0.49,0.74,0.3,0.72,0.71,0.502856
0.16,0.5,0.7,0.24,0.76,0.72,0.5028561
0.18,0.41,0.71,0.23,0.73,0.71,0.5028561
0.16,0.49,0.72,0.29,0.73,0.7,0.5028562
0.18,0.43,0.74,0.22,0.74,0.72,0.5028562
0.17,0.43,0.73,0.24,0.76,0.71,0.5028563
0.16,0.49,0.73,0.25,0.73,0.7,0.5028564
0.17,0.44,0.72,0.2,0.74,0.7,0.5028564
0.18,0.49,0.71,0.28,0.72,0.72,0.5028564
0.16,0.45,0.74,0.21,0.75,0.71,0.5028565
0.16,0.47,0.75,0.25,0.75,0.71,0.5028568
0.18,0.43,0.74,0.25,0.75,0.72,0.5028568
0.16,0.41,0.7,0.25,0.75,0.71,0.5028569
0.16,0.46,0.71,0.3,0.74,0.7,0.502857
0.16,0.45,0.71,0.27,0.72,0.71,0.5028571
0.16,0.5,0.71,0.25,0.74,0.71,0.5028571
0.17,0.45,0.7,0.29,0.75,0.71,0.5028571
0.18,0.48,0.75,0.26,0.72,0.71,0.5028571
0.17,0.41,0.72,0.2,0.76,0.71,0.5028572
0.16,0.48,0.73,0.29,0.72,0.72,0.5028575
0.16,0.48,0.74,0.21,0.73,0.7,0.5028576
0.17,0.4,0.73,0.21,0.73,0.72,0.5028576
0.18,0.44,0.72,0.27,0.75,0.7,0.5028576
0.18,0.45,0.75,0.26,0.74,0.72,0.5028576
0.18,0.5,0.75,0.26,0.75,0.72,0.5028576
0.18,0.48,0.74,0.25,0.75,0.71,0.5028577
0.17,0.44,0.7,0.26,0.73,0.72,0.5028578
0.16,0.5,0.73,0.29,0.74,0.72,0.502858
0.17,0.47,0.71,0.27,0.76,0.7,0.502858
0.18,0.47,0.75,0.27,0.72,0.72,0.502858
0.16,0.47,0.73,0.22,0.75,0.7,0.5028581
0.16,0.49,0.75,0.3,0.74,0.7,0.5028581
0.17,0.43,0.75,0.23,0.72,0.72,0.5028581
0.17,0.47,0.75,0.22,0.76,0.72,0.5028581
0.17,0.48,0.74,0.28,0.74,0.7,0.5028582
0.18,0.46,0.73,0.21,0.75,0.71,0.5028583
0.18,0.44,0.73,0.25,0.72,0.71,0.5028584
0.17,0.49,0.72,0.29,0.74,0.71,0.5028586
0.16,0.47,0.74,0.29,0.74,0.72,0.5028588
0.17,0.46,0.7,0.21,0.76,0.7,0.5028588
0.17,0.41,0.72,0.21,0.72,0.7,0.5028589
0.16,0.44,0.72,0.27,0.74,0.71,0.502859
0.16,0.48,0.71,0.22,0.76,0.71,0.502859
0.17,0.45,0.74,0.28,0.76,0.71,0.5028592
0.17,0.5,0.7,0.26,0.72,0.72,0.5028592
0.16,0.42,0.74,0.22,0.73,0.71,0.5028594
0.16,0.45,0.72,0.3,0.76,0.7,0.5028595
0.16,0.49,0.72,0.28,0.76,0.71,0.5028595
0.17,0.43,0.71,0.26,0.75,0.72,0.5028595
0.16,0.48,0.74,0.28,0.75,0.7,0.5028596
0.16,0.5,0.72,0.26,0.72,0.7,0.5028596
0.18,0.48,0.71,0.29,0.74,0.7,0.5028597
0.16,0.4,0.7,0.22,0.73,0.72,0.5028598
0.18,0.41,0.71,0.23,0.72,0.7,0.5028599
0.18,0.43,0.73,0.22,0.73,0.71,0.5028601
0.16,0.41,0.7,0.25,0.74,0.7,0.5028602
0.16,0.48,0.72,0.23,0.74,0.7,0.5028602
0.17,0.43,0.72,0.24,0.75,0.7,0.5028603
0.18,0.49,0.74,0.2,0.75,0.72,0.5028603
0.17,0.47,0.75,0.23,0.72,0.71,0.5028604
0.16,0.45,0.73,0.21,0.74,0.7,0.5028606
0.17,0.44,0.75,0.23,0.74,0.72,0.5028606
0.16,0.43,0.72,0.24,0.72,0.72,0.5028607
0.17,0.45,0.7,0.29,0.74,0.7,0.5028607
0.16,0.47,0.74,0.25,0.74,0.7,0.5028608
0.17,0.41,0.71,0.2,0.75,0.7,0.5028609
0.17,0.47,0.72,0.28,0.72,0.72,0.5028609
0.16,0.42,0.73,0.21,0.76,0.71,0.502861
0.16,0.46,0.75,0.29,0.76,0.72,0.502861
0.17,0.44,0.7,0.26,0.72,0.71,0.502861
0.16,0.49,0.71,0.2,0.72,0.7,0.5028611
0.18,0.49,0.72,0.29,0.75,0.72,0.5028611
0.17,0.4,0.73,0.21,0.72,0.71,0.5028612
0.18,0.49,0.74,0.24,0.76,0.72,0.5028612
0.16,0.44,0.74,0.25,0.76,0.71,0.5028614
0.16,0.5,0.71,0.27,0.74,0.71,0.5028616
0.16,0.5,0.72,0.28,0.72,0.72,0.5028616
0.18,0.45,0.74,0.26,0.73,0.71,0.5028616
0.16,0.43,0.73,0.27,0.76,0.71,0.5028618
0.16,0.49,0.7,0.23,0.75,0.71,0.5028618
0.17,0.49,0.71,0.28,0.72,0.71,0.5028618
0.18,0.5,0.73,0.21,0.74,0.72,0.5028618
0.18,0.45,0.73,0.25,0.76,0.71,0.502862
0.18,0.43,0.72,0.21,0.76,0.71,0.5028621
0.17,0.47,0.74,0.22,0.75,0.71,0.5028622
0.16,0.47,0.73,0.26,0.76,0.7,0.5028623
0.17,0.46,0.73,0.28,0.74,0.72,0.5028624
0.18,0.46,0.72,0.21,0.74,0.7,0.5028625
0.16,0.47,0.74,0.29,0.73,0.71,0.5028626
0.18,0.4,0.73,0.22,0.75,0.72,0.5028626
0.16,0.44,0.72,0.27,0.73,0.7,0.5028627
0.16,0.42,0.73,0.24,0.74,0.72,0.5028628
0.18,0.48,0.7,0.28,0.72,0.7,0.5028628
0.16,0.4,0.7,0.22,0.72,0.71,0.5028629
0.16,0.49,0.71,0.24,0.73,0.7,0.502863
0.17,0.43,0.71,0.26,0.74,0.71,0.502863
0.16,0.49,0.73,0.29,0.74,0.7,0.5028631
0.18,0.47,0.75,0.2,0.73,0.72,0.5028631
0.17,0.44,0.71,0.29,0.76,0.7,0.5028632
0.17,0.45,0.73,0.28,0.75,0.7,0.5028632
0.16,0.42,0.73,0.22,0.72,0.7,0.5028633
0.16,0.4,0.71,0.25,0.76,0.7,0.5028635
0.16,0.46,0.7,0.29,0.76,0.72,0.5028636
0.18,0.5,0.73,0.25,0.75,0.72,0.5028637
0.18,0.5,0.74,0.22,0.72,0.71,0.5028638
0.17,0.5,0.71,0.27,0.75,0.72,0.502864
0.18,0.42,0.74,0.22,0.72,0.72,0.502864
0.18,0.43,0.72,0.22,0.72,0.7,0.5028641
0.16,0.46,0.72,0.2,0.76,0.7,0.5028643
0.18,0.42,0.7,0.25,0.75,0.72,0.5028643
0.18,0.5,0.75,0.3,0.76,0.72,0.5028643
0.18,0.49,0.71,0.28,0.73,0.72,0.5028645
0.17,0.44,0.74,0.23,0.73,0.71,0.5028646
0.17,0.45,0.74,0.28,0.76,0.72,0.5028646
0.18,0.47,0.74,0.29,0.76,0.71,0.5028647
0.18,0.49,0.7,0.27,0.75,0.71,0.5028647
0.16,0.46,0.75,0.29,0.75,0.71,0.5028648
0.16,0.46,0.75,0.29,0.76,0.71,0.5028648
0.16,0.49,0.72,0.29,0.74,0.7,0.5028648
0.16,0.42,0.72,0.21,0.75,0.7,0.5028649
0.18,0.46,0.71,0.27,0.72,0.72,0.5028649
0.16,0.5,0.7,0.26,0.72,0.71,0.502865
0.16,0.45,0.75,0.26,0.73,0.72,0.5028652
0.16,0.48,0.72,0.27,0.75,0.7,0.5028652
0.16,0.44,0.73,0.25,0.75,0.7,0.5028655
0.16,0.46,0.75,0.2,0.72,0.71,0.5028655
0.16,0.49,0.73,0.3,0.72,0.71,0.5028655
0.16,0.43,0.73,0.27,0.75,0.7,0.5028656
0.17,0.42,0.71,0.23,0.72,0.72,0.5028657
0.18,0.45,0.73,0.26,0.72,0.7,0.5028657
0.16,0.41,0.74,0.24,0.76,0.72,0.5028658
0.16,0.47,0.71,0.21,0.75,0.7,0.5028658
0.17,0.42,0.72,0.26,0.76,0.71,0.5028659
0.16,0.43,0.75,0.2,0.74,0.72,0.502866
0.17,0.44,0.73,0.22,0.76,0.71,0.5028661
0.18,0.46,0.75,0.24,0.74,0.72,0.5028661
0.16,0.42,0.73,0.24,0.73,0.71,0.5028662
0.18,0.43,0.71,0.21,0.75,0.7,0.5028662
0.18,0.45,0.72,0.25,0.75,0.7,0.5028662
0.17,0.46,0.73,0.28,0.73,0.71,0.5028663
0.18,0.4,0.72,0.22,0.74,0.71,0.5028663
0.18,0.45,0.72,0.27,0.74,0.72,0.5028663
0.16,0.5,0.7,0.25,0.72,0.7,0.5028664
0.16,0.5,0.73,0.29,0.75,0.72,0.5028664
0.17,0.41,0.74,0.23,0.75,0.72,0.5028664
0.17,0.48,0.72,0.3,0.72,0.7,0.5028664
0.18,0.46,0.72,0.3,0.76,0.71,0.5028664
0.17,0.47,0.73,0.22,0.74,0.7,0.5028665
0.17,0.49,0.75,0.3,0.73,0.72,0.5028665
0.16,0.47,0.74,0.29,0.72,0.7,0.5028666
0.16,0.46,0.7,0.29,0.74,0.72,0.5028667
0.17,0.4,0.71,0.24,0.76,0.7,0.5028667
0.17,0.43,0.71,0.26,0.73,0.7,0.5028667
0.18,0.49,0.75,0.24,0.72,0.71,0.5028667
0.18,0.44,0.74,0.2,0.74,0.72,0.5028668
0.18,0.5,0.74,0.26,0.73,0.71,0.5028668
0.16,0.48,0.75,0.23,0.75,0.71,0.5028669
0.17,0.46,0.74,0.26,0.76,0.71,0.5028669
0.17,0.46,0.75,0.27,0.73,0.71,0.5028669
0.17,0.49,0.72,0.29,0.75,0.71,0.5028671
0.18,0.43,0.7,0.28,0.76,0.7,0.5028672
0.17,0.5,0.75,0.2,0.74,0.72,0.5028673
0.18,0.47,0.74,0.2,0.72,0.71,0.5028674
0.17,0.41,0.72,0.23,0.74,0.72,0.5028676
0.17,0.5,0.7,0.26,0.73,0.72,0.5028677
0.16,0.49,0.71,0.28,0.72,0.7,0.5028678
0.18,0.42,0.7,0.25,0.74,0.71,0.5028678
0.17,0.49,0.73,0.3,0.73,0.72,0.5028679
0.16,0.48,0.7,0.22,0.74,0.7,0.502868
0.17,0.5,0.75,0.24,0.75,0.72,0.5028682
0.18,0.49,0.72,0.23,0.76,0.72,0.5028683
0.17,0.45,0.74,0.28,0.75,0.71,0.5028684
0.16,0.45,0.71,0.29,0.76,0.72,0.5028685
0.18,0.44,0.73,0.27,0.76,0.72,0.5028686
0.17,0.44,0.73,0.23,0.72,0.7,0.5028687
0.16,0.47,0.71,0.25,0.76,0.7,0.5028688
0.18,0.47,0.73,0.29,0.75,0.7,0.5028689
0.18,0.48,0.72,0.3,0.73,0.71,0.5028689
0.16,0.46,0.74,0.29,0.75,0.7,0.502869
0.16,0.45,0.75,0.26,0.72,0.71,0.5028691
0.17,0.44,0.74,0.25,0.73,0.72,0.5028692
0.18,0.49,0.73,0.2,0.73,0.71,0.5028693
0.18,0.49,0.72,0.29,0.76,0.72,0.5028695
0.18,0.5,0.73,0.29,0.76,0.72,0.5028695
0.16,0.45,0.75,0.24,0.73,0.71,0.5028696
0.17,0.42,0.72,0.26,0.75,0.7,0.5028697
0.16,0.43,0.74,0.2,0.73,0.71,0.5028698
0.16,0.5,0.72,0.28,0.73,0.72,0.5028698
0.16,0.42,0.73,0.24,0.72,0.7,0.5028699
0.18,0.5,0.71,0.2,0.74,0.72,0.5028699
0.18,0.4,0.71,0.22,0.73,0.7,0.5028701
0.18,0.48,0.74,0.29,0.73,0.72,0.5028701
0.16,0.46,0.7,0.29,0.73,0.71,0.5028702
0.17,0.41,0.73,0.23,0.74,0.71,0.5028702
0.17,0.46,0.73,0.28,0.72,0.7,0.5028702
0.17,0.49,0.71,0.28,0.73,0.71,0.5028702
0.18,0.45,0.72,0.27,0.73,0.71,0.5028702
0.18,0.46,0.72,0.3,0.75,0.7,0.5028702
0.18,0.46,0.74,0.24,0.73,0.71,0.5028702
0.17,0.4,0.73,0.23,0.76,0.72,0.5028703
0.17,0.44,0.72,0.22,0.75,0.7,0.5028703
0.18,0.49,0.73,0.24,0.74,0.71,0.5028703
0.17,0.48,0.75,0.3,0.76,0.71,0.5028704
0.17,0.49,0.75,0.3,0.72,0.71,0.5028705
0.18,0.41,0.71,0.25,0.76,0.71,0.5028705
0.17,0.45,0.75,0.21,0.74,0.72,0.5028707
0.17,0.48,0.75,0.2,0.76,0.72,0.5028707
0.18,0.44,0.73,0.2,0.73,0.71,0.5028707
0.16,0.45,0.74,0.23,0.76,0.71,0.5028709
0.18,0.5,0.71,0.24,0.75,0.72,0.5028709
0.17,0.46,0.74,0.27,0.72,0.7,0.502871
0.18,0.43,0.74,0.24,0.75,0.72,0.502871
0.18,0.5,0.72,0.21,0.72,0.71,0.502871
0.17,0.41,0.72,0.23,0.73,0.71,0.5028711
0.17,0.46,0.73,0.26,0.75,0.7,0.5028711
0.18,0.4,0.7,0.21,0.76,0.7,0.5028713
0.18,0.48,0.7,0.28,0.73,0.7,0.5028713
0.16,0.42,0.75,0.24,0.75,0.72,0.5028714
0.17,0.48,0.75,0.21,0.72,0.71,0.5028714
0.18,0.41,0.7,0.22,0.72,0.72,0.5028714
0.18,0.42,0.71,0.25,0.76,0.7,0.5028714
0.18,0.42,0.7,0.25,0.73,0.7,0.5028715
0.18,0.47,0.75,0.29,0.75,0.72,0.5028717
0.16,0.41,0.72,0.25,0.76,0.7,0.5028718
0.16,0.48,0.7,0.26,0.75,0.7,0.5028719
0.18,0.46,0.73,0.23,0.76,0.71,0.5028719
0.16,0.45,0.71,0.29,0.75,0.71,0.502872
0.16,0.47,0.75,0.27,0.76,0.71,0.502872
0.16,0.4,0.74,0.2,0.75,0.72,0.5028721
0.17,0.44,0.7,0.28,0.76,0.72,0.5028722
0.18,0.41,0.73,0.2,0.75,0.72,0.5028724
0.18,0.44,0.73,0.27,0.75,0.71,0.5028724
0.18,0.48,0.75,0.28,0.73,0.71,0.5028726
0.18,0.48,0.74,0.27,0.76,0.71,0.5028727
0.18,0.49,0.71,0.28,0.74,0.72,0.5028727
0.17,0.5,0.71,0.27,0.76,0.72,0.5028728
0.16,0.4,0.74,0.21,0.73,0.72,0.5028729
0.16,0.44,0.71,0.26,0.73,0.72,0.502873
0.17,0.44,0.74,0.25,0.72,0.71,0.5028732
0.17,0.49,0.74,0.22,0.76,0.72,0.5028732
0.17,0.5,0.75,0.28,0.76,0.72,0.5028732
0.18,0.5,0.72,0.25,0.73,0.71,0.5028732
0.18,0.4,0.71,0.22,0.74,0.72,0.5028734
0.16,0.49,0.73,0.3,0.73,0.71,0.5028736
0.18,0.5,0.74,0.3,0.74,0.71,0.5028737
0.16,0.4,0.7,0.24,0.76,0.72,0.5028738
0.16,0.43,0.73,0.2,0.72,0.7,0.5028738
0.16,0.45,0.74,0.24,0.72,0.7,0.5028738
0.16,0.46,0.7,0.29,0.72,0.7,0.5028738
0.16,0.5,0.7,0.26,0.73,0.71,0.5028739
0.17,0.41,0.72,0.23,0.73,0.7,0.5028741
0.18,0.43,0.73,0.24,0.73,0.72,0.5028741
0.18,0.48,0.74,0.29,0.72,0.71,0.5028741
0.18,0.45,0.72,0.27,0.72,0.7,0.5028742
0.18,0.41,0.71,0.25,0.75,0.7,0.5028744
0.17,0.48,0.72,0.3,0.73,0.7,0.5028746
0.17,0.48,0.74,0.3,0.75,0.7,0.5028746
0.18,0.46,0.73,0.24,0.72,0.7,0.5028746
0.16,0.43,0.72,0.26,0.75,0.72,0.5028747
0.16,0.5,0.73,0.29,0.76,0.72,0.5028748
0.17,0.41,0.72,0.23,0.72,0.7,0.5028748
0.17,0.45,0.74,0.21,0.73,0.71,0.5028748
0.16,0.45,0.73,0.23,0.75,0.7,0.502875
0.17,0.47,0.72,0.3,0.75,0.72,0.502875
0.17,0.47,0.75,0.25,0.73,0.71,0.502875
0.18,0.44,0.72,0.2,0.72,0.7,0.502875
0.18,0.43,0.73,0.24,0.74,0.71,0.5028751
0.16,0.42,0.74,0.24,0.74,0.71,0.5028752
0.17,0.41,0.71,0.22,0.76,0.7,0.5028752
0.17,0.5,0.73,0.23,0.75,0.72,0.5028754
0.18,0.48,0.72,0.22,0.75,0.71,0.5028754
0.18,0.49,0.73,0.28,0.75,0.71,0.5028754
0.17,0.44,0.75,0.25,0.75,0.72,0.5028756
0.16,0.45,0.71,0.29,0.74,0.7,0.5028757
0.16,0.4,0.73,0.2,0.74,0.71,0.5028758
0.16,0.47,0.73,0.28,0.72,0.72,0.5028758
0.17,0.44,0.7,0.28,0.75,0.71,0.5028758
0.17,0.42,0.74,0.21,0.75,0.72,0.5028759
0.17,0.49,0.73,0.3,0.74,0.72,0.5028759
0.18,0.47,0.75,0.22,0.74,0.72,0.5028761
0.16,0.47,0.74,0.27,0.75,0.7,0.5028762
0.17,0.47,0.74,0.24,0.76,0.71,0.5028762
0.18,0.41,0.72,0.2,0.74,0.71,0.5028762
0.18,0.46,0.72,0.23,0.75,0.7,0.5028762
0.16,0.44,0.71,0.26,0.72,0.71,0.5028763
0.17,0.5,0.7,0.26,0.74,0.72,0.5028763
0.16,0.49,0.71,0.28,0.73,0.7,0.5028764
0.17,0.43,0.72,0.26,0.76,0.7,0.5028764
0.18,0.49,0.7,0.22,0.76,0.72,0.5028764
0.17,0.5,0.74,0.2,0.72,0.71,0.5028765
0.16,0.47,0.75,0.28,0.72,0.7,0.5028767
0.18,0.46,0.75,0.26,0.72,0.72,0.5028767
0.18,0.49,0.7,0.27,0.72,0.72,0.5028767
0.16,0.4,0.7,0.24,0.75,0.71,0.502877
0.18,0.4,0.71,0.22,0.73,0.71,0.502877
0.18,0.48,0.72,0.3,0.74,0.71,0.502877
0.18,0.48,0.74,0.28,0.72,0.7,0.502877
0.16,0.46,0.74,0.28,0.74,0.72,0.5028772
0.17,0.43,0.7,0.25,0.73,0.72,0.5028774
0.17,0.5,0.74,0.24,0.73,0.71,0.5028775
0.18,0.49,0.71,0.23,0.74,0.71,0.5028775
0.18,0.48,0.73,0.23,0.73,0.7,0.5028776
0.18,0.43,0.73,0.24,0.72,0.71,0.502878
0.16,0.44,0.72,0.29,0.76,0.7,0.5028781
0.16,0.5,0.72,0.28,0.74,0.72,0.5028781
0.18,0.48,0.72,0.26,0.76,0.71,0.5028782
0.16,0.43,0.72,0.26,0.74,0.71,0.5028783
0.17,0.45,0.73,0.2,0.76,0.71,0.5028783
0.17,0.49,0.71,0.28,0.74,0.71,0.5028787
0.17,0.42,0.75,0.22,0.72,0.72,0.5028788
0.17,0.47,0.72,0.3,0.74,0.71,0.5028788
0.18,0.46,0.71,0.29,0.75,0.72,0.5028788
0.17,0.45,0.73,0.21,0.72,0.7,0.502879
0.16,0.42,0.73,0.24,0.73,0.7,0.5028791
0.17,0.42,0.71,0.25,0.75,0.72,0.5028791
0.18,0.5,0.7,0.2,0.72,0.71,0.5028791
0.17,0.5,0.73,0.27,0.76,0.72,0.5028792
0.16,0.45,0.75,0.28,0.76,0.72,0.5028794
0.16,0.46,0.75,0.22,0.73,0.71,0.5028794
0.17,0.47,0.74,0.25,0.72,0.7,0.5028794
0.18,0.43,0.72,0.24,0.73,0.7,0.5028794
0.17,0.44,0.7,0.28,0.74,0.7,0.5028795
0.17,0.46,0.72,0.27,0.72,0.72,0.5028795
0.17,0.49,0.72,0.29,0.72,0.72,0.5028795
0.17,0.49,0.75,0.27,0.75,0.71,0.5028795
0.16,0.4,0.72,0.2,0.73,0.7,0.5028796
0.17,0.44,0.74,0.25,0.74,0.71,0.5028797
0.18,0.48,0.7,0.28,0.74,0.7,0.5028797
0.17,0.42,0.73,0.21,0.74,0.71,0.5028798
0.18,0.49,0.72,0.24,0.72,0.7,0.5028798
0.18,0.49,0.74,0.29,0.73,0.7,0.5028798
0.16,0.43,0.75,0.22,0.75,0.72,0.5028799
0.16,0.42,0.72,0.23,0.76,0.7,0.50288
0.18,0.41,0.71,0.2,0.73,0.7,0.5028802
0.18,0.44,0.75,0.23,0.72,0.72,0.5028802
0.18,0.5,0.7,0.24,0.73,0.71,0.5028802
0.16,0.4,0.7,0.24,0.74,0.7,0.5028805
0.17,0.47,0.73,0.24,0.75,0.7,0.5028805
0.18,0.48,0.71,0.29,0.72,0.71,0.5028805
0.16,0.5,0.75,0.22,0.75,0.72,0.5028806
0.18,0.43,0.71,0.23,0.76,0.7,0.5028806
0.18,0.44,0.74,0.22,0.75,0.72,0.5028806
0.18,0.47,0.74,0.22,0.73,0.71,0.5028806
0.17,0.43,0.7,0.25,0.72,0.71,0.5028807
0.16,0.42,0.72,0.23,0.72,0.72,0.5028808
0.18,0.4,0.71,0.22,0.72,0.7,0.5028808
0.17,0.46,0.73,0.3,0.76,0.71,0.5028809
0.17,0.48,0.74,0.21,0.75,0.71,0.5028809
0.17,0.45,0.73,0.27,0.74,0.72,0.502881
0.18,0.46,0.75,0.26,0.75,0.72,0.502881
0.18,0.49,0.71,0.28,0.75,0.72,0.502881
0.16,0.48,0.75,0.25,0.76,0.71,0.5028811
0.18,0.49,0.75,0.26,0.73,0.71,0.5028811
0.16,0.42,0.73,0.26,0.76,0.71,0.5028812
0.16,0.46,0.74,0.28,0.73,0.71,0.5028812
0.17,0.49,0.72,0.21,0.76,0.72,0.5028813
0.18,0.49,0.71,0.27,0.75,0.71,0.5028814
0.16,0.44,0.73,0.27,0.76,0.7,0.5028818
0.16,0.49,0.73,0.3,0.74,0.71,0.5028818
0.18,0.45,0.72,0.27,0.76,0.7,0.5028818
0.18,0.47,0.71,0.2,0.76,0.71,0.5028818
0.18,0.48,0.73,0.27,0.74,0.7,0.5028819
0.16,0.43,0.72,0.26,0.73,0.7,0.502882
0.16,0.5,0.71,0.27,0.72,0.72,0.502882
0.17,0.43,0.71,0.28,0.76,0.7,0.5028821
0.16,0.46,0.74,0.21,0.76,0.71,0.5028822
0.17,0.49,0.7,0.27,0.72,0.71,0.5028824
0.17,0.49,0.73,0.22,0.74,0.71,0.5028824
0.17,0.42,0.71,0.25,0.74,0.71,0.5028826
0.17,0.48,0.74,0.25,0.76,0.71,0.5028826
0.17,0.49,0.75,0.29,0.72,0.7,0.5028826
0.17,0.5,0.74,0.28,0.74,0.71,0.5028826
0.18,0.46,0.71,0.29,0.74,0.71,0.5028826
0.17,0.45,0.72,0.2,0.75,0.7,0.5028827
0.16,0.5,0.7,0.26,0.74,0.71,0.5028828
0.16,0.41,0.73,0.23,0.74,0.72,0.5028829
0.17,0.47,0.72,0.3,0.73,0.7,0.5028829
0.17,0.48,0.72,0.3,0.74,0.7,0.502883
0.18,0.47,0.72,0.21,0.74,0.7,0.5028831
0.17,0.44,0.74,0.27,0.76,0.72,0.5028834
0.16,0.5,0.75,0.26,0.76,0.72,0.5028835
0.18,0.48,0.7,0.21,0.75,0.71,0.5028835
0.17,0.5,0.71,0.22,0.75,0.72,0.5028836
0.16,0.46,0.74,0.22,0.72,0.7,0.5028837
0.18,0.45,0.71,0.26,0.72,0.72,0.5028838
0.17,0.42,0.72,0.21,0.73,0.7,0.5028839
0.17,0.49,0.73,0.3,0.75,0.72,0.5028839
0.16,0.43,0.74,0.22,0.74,0.71,0.502884
0.17,0.44,0.73,0.25,0.73,0.7,0.502884
0.18,0.47,0.73,0.21,0.76,0.71,0.5028841
0.16,0.44,0.75,0.25,0.73,0.72,0.5028842
0.18,0.41,0.7,0.24,0.75,0.72,0.5028842
0.17,0.48,0.75,0.29,0.73,0.72,0.5028846
0.16,0.48,0.75,0.26,0.72,0.7,0.5028847
0.18,0.48,0.71,0.22,0.73,0.7,0.5028847
0.17,0.45,0.75,0.23,0.75,0.72,0.5028848
0.17,0.5,0.72,0.23,0.73,0.71,0.5028848
0.18,0.44,0.73,0.22,0.74,0.71,0.5028848
0.18,0.45,0.72,0.29,0.76,0.71,0.5028848
0.17,0.46,0.73,0.3,0.75,0.7,0.5028849
0.17,0.49,0.74,0.23,0.72,0.7,0.5028849
0.17,0.45,0.73,0.27,0.73,0.71,0.502885
0.18,0.49,0.7,0.27,0.73,0.72,0.502885
0.16,0.49,0.71,0.28,0.74,0.7,0.5028851
0.17,0.48,0.75,0.23,0.73,0.71,0.5028851
0.17,0.5,0.7,0.26,0.75,0.72,0.5028851
0.18,0.47,0.72,0.25,0.75,0.7,0.5028851
0.18,0.47,0.73,0.22,0.72,0.7,0.5028851
0.16,0.45,0.75,0.26,0.74,0.71,0.5028852
0.16,0.46,0.74,0.28,0.72,0.7,0.5028852
0.17,0.44,0.72,0.24,0.76,0.7,0.5028852
0.18,0.48,0.72,0.3,0.75,0.71,0.5028852
0.18,0.49,0.72,0.28,0.73,0.7,0.5028852
0.16,0.49,0.72,0.29,0.72,0.71,0.5028853
0.18,0.46,0.74,0.26,0.74,0.71,0.5028853
0.18,0.48,0.7,0.25,0.76,0.71,0.5028853
0.17,0.49,0.73,0.26,0.75,0.71,0.5028854
0.18,0.41,0.74,0.21,0.72,0.72,0.5028854
0.18,0.44,0.72,0.26,0.74,0.72,0.5028854
0.16,0.45,0.7,0.28,0.74,0.72,0.5028855
0.17,0.41,0.72,0.25,0.76,0.71,0.5028856
0.18,0.49,0.74,0.26,0.72,0.7,0.5028856
0.17,0.43,0.75,0.2,0.72,0.72,0.5028857
0.16,0.4,0.74,0.23,0.76,0.72,0.5028859
0.17,0.48,0.71,0.29,0.72,0.7,0.5028861
0.18,0.41,0.73,0.22,0.76,0.72,0.5028862
0.17,0.5,0.71,0.26,0.76,0.72,0.5028863
0.18,0.42,0.7,0.27,0.76,0.7,0.5028863
0.17,0.41,0.71,0.22,0.72,0.72,0.5028864
0.16,0.41,0.73,0.23,0.73,0.71,0.5028865
0.16,0.49,0.74,0.2,0.76,0.72,0.5028865
0.17,0.42,0.71,0.25,0.73,0.7,0.5028865
0.16,0.46,0.73,0.21,0.75,0.7,0.5028866
0.16,0.5,0.72,0.28,0.75,0.72,0.5028866
0.18,0.46,0.71,0.29,0.73,0.7,0.5028866
0.16,0.4,0.74,0.22,0.76,0.72,0.5028867
0.17,0.42,0.71,0.2,0.76,0.7,0.5028867
0.17,0.46,0.73,0.28,0.76,0.7,0.5028869
0.17,0.5,0.75,0.29,0.72,0.7,0.502887
0.18,0.49,0.7,0.23,0.72,0.7,0.502887
0.16,0.44,0.71,0.28,0.76,0.72,0.5028872
0.17,0.49,0.71,0.28,0.75,0.71,0.5028872
0.17,0.49,0.72,0.29,0.73,0.72,0.5028875
0.18,0.41,0.7,0.24,0.74,0.71,0.5028878
0.18,0.43,0.73,0.26,0.76,0.72,0.5028878
0.18,0.48,0.71,0.26,0.74,0.7,0.5028878
0.16,0.49,0.75,0.21,0.74,0.71,0.5028881
0.16,0.43,0.73,0.22,0.73,0.7,0.5028883
0.16,0.44,0.75,0.25,0.72,0.71,0.5028883
0.18,0.47,0.74,0.28,0.73,0.72,0.5028883
0.17,0.4,0.72,0.22,0.74,0.72,0.5028884
0.16,0.5,0.73,0.21,0.75,0.72,0.5028885
0.18,0.48,0.71,0.29,0.73,0.71,0.5028885
0.18,0.48,0.75,0.3,0.74,0.71,0.5028885
0.16,0.49,0.7,0.27,0.72,0.7,0.5028886
0.17,0.48,0.72,0.2,0.75,0.71,0.5028886
0.17,0.48,0.75,0.29,0.72,0.71,0.5028886
0.18,0.48,0.75,0.2,0.74,0.72,0.5028886
0.17,0.43,0.74,0.24,0.73,0.72,0.5028888
0.17,0.5,0.72,0.27,0.74,0.71,0.5028888
0.18,0.45,0.72,0.29,0.75,0.7,0.5028889
0.16,0.45,0.7,0.28,0.73,0.71,0.502889
0.17,0.45,0.74,0.23,0.74,0.71,0.502889
0.17,0.45,0.73,0.27,0.72,0.7,0.5028891
0.17,0.49,0.74,0.27,0.73,0.7,0.5028891
0.18,0.44,0.72,0.22,0.73,0.7,0.5028891
0.17,0.48,0.72,0.24,0.76,0.71,0.5028894
0.18,0.44,0.72,0.26,0.73,0.71,0.5028894
0.16,0.45,0.74,0.26,0.73,0.7,0.5028895
0.18,0.49,0.71,0.28,0.76,0.72,0.5028895
0.17,0.48,0.74,0.23,0.72,0.7,0.5028896
0.16,0.47,0.73,0.3,0.75,0.72,0.5028897
0.18,0.46,0.73,0.26,0.73,0.7,0.5028897
0.18,0.45,0.75,0.21,0.72,0.72,0.5028898
0.16,0.5,0.74,0.22,0.73,0.71,0.5028899
0.18,0.46,0.71,0.23,0.76,0.7,0.5028899
0.17,0.49,0.7,0.2,0.76,0.72,0.50289
0.18,0.46,0.75,0.28,0.75,0.72,0.50289
0.16,0.45,0.73,0.25,0.76,0.7,0.5028901
0.16,0.49,0.73,0.3,0.75,0.71,0.5028901
0.16,0.49,0.75,0.25,0.75,0.71,0.5028901
0.17,0.42,0.74,0.23,0.76,0.72,0.5028901
0.17,0.48,0.73,0.21,0.73,0.7,0.5028902
0.18,0.41,0.72,0.22,0.75,0.71,0.5028902
0.18,0.47,0.75,0.24,0.75,0.72,0.5028902
0.16,0.5,0.71,0.27,0.73,0.72,0.5028903
0.17,0.47,0.75,0.27,0.74,0.71,0.5028903
0.16,0.4,0.73,0.22,0.75,0.71,0.5028904
0.16,0.5,0.73,0.25,0.76,0.72,0.5028904
0.16,0.43,0.72,0.21,0.76,0.7,0.5028906
0.17,0.49,0.71,0.21,0.74,0.71,0.5028906
0.18,0.4,0.71,0.24,0.76,0.71,0.5028906
0.16,0.44,0.75,0.2,0.75,0.72,0.5028907
0.17,0.49,0.7,0.27,0.73,0.71,0.5028908
0.18,0.46,0.72,0.25,0.76,0.7,0.5028908
0.16,0.44,0.71,0.28,0.75,0.71,0.5028909
0.18,0.47,0.7,0.2,0.74,0.7,0.502891
0.16,0.47,0.75,0.2,0.73,0.71,0.5028911
0.17,0.43,0.7,0.27,0.76,0.72,0.5028912
0.17,0.48,0.72,0.3,0.75,0.7,0.5028913
0.18,0.49,0.7,0.27,0.73,0.7,0.5028913
0.18,0.47,0.72,0.29,0.76,0.7,0.5028914
0.18,0.41,0.7,0.24,0.73,0.7,0.5028917
0.18,0.43,0.73,0.26,0.75,0.71,0.5028917
0.17,0.4,0.72,0.22,0.73,0.71,0.502892
0.17,0.49,0.72,0.22,0.72,0.7,0.502892
0.18,0.45,0.74,0.2,0.75,0.72,0.502892
0.18,0.47,0.7,0.24,0.75,0.7,0.502892
0.17,0.47,0.71,0.29,0.73,0.72,0.5028921
0.17,0.48,0.73,0.25,0.74,0.7,0.5028921
0.17,0.49,0.73,0.3,0.76,0.71,0.5028921
0.17,0.49,0.73,0.3,0.76,0.72,0.5028921
0.18,0.44,0.71,0.21,0.76,0.7,0.5028922
0.17,0.4,0.74,0.2,0.73,0.72,0.5028923
0.17,0.49,0.71,0.25,0.75,0.71,0.5028924
0.17,0.5,0.73,0.28,0.72,0.7,0.5028924
0.16,0.43,0.71,0.25,0.73,0.72,0.5028925
0.18,0.47,0.74,0.28,0.72,0.71,0.5028925
0.16,0.47,0.74,0.29,0.76,0.7,0.5028926
0.16,0.45,0.7,0.28,0.72,0.7,0.5028927
0.18,0.4,0.7,0.21,0.72,0.72,0.5028928
0.17,0.43,0.74,0.24,0.72,0.71,0.5028929
0.18,0.48,0.74,0.3,0.73,0.7,0.5028929
0.16,0.5,0.74,0.26,0.74,0.71,0.502893
0.17,0.5,0.7,0.22,0.73,0.71,0.5028931
0.18,0.48,0.74,0.2,0.73,0.71,0.5028932
0.18,0.49,0.7,0.27,0.74,0.72,0.5028934
0.16,0.49,0.72,0.29,0.73,0.71,0.5028935
0.17,0.45,0.73,0.23,0.73,0.7,0.5028935
0.17,0.46,0.72,0.29,0.75,0.72,0.5028935
0.18,0.44,0.72,0.26,0.72,0.7,0.5028935
0.18,0.48,0.72,0.3,0.76,0.71,0.5028935
0.16,0.47,0.73,0.3,0.74,0.71,0.5028936
0.16,0.46,0.75,0.24,0.74,0.71,0.502894
0.17,0.5,0.7,0.26,0.76,0.72,0.5028941
0.18,0.42,0.73,0.23,0.73,0.72,0.5028941
0.17,0.42,0.73,0.23,0.75,0.71,0.5028942
0.16,0.4,0.72,0.22,0.74,0.7,0.5028943
0.16,0.42,0.72,0.25,0.75,0.72,0.5028943
0.16,0.48,0.74,0.23,0.76,0.71,0.5028944
0.16,0.46,0.73,0.27,0.72,0.72,0.5028945
0.17,0.48,0.71,0.29,0.73,0.7,0.5028945
0.18,0.41,0.71,0.22,0.74,0.7,0.5028945
0.16,0.49,0.75,0.24,0.72,0.7,0.5028946
0.18,0.47,0.74,0.24,0.74,0.71,0.5028946
0.16,0.44,0.71,0.28,0.74,0.7,0.5028947
0.17,0.47,0.74,0.27,0.73,0.7,0.5028947
0.16,0.43,0.75,0.24,0.76,0.72,0.5028948
0.17,0.43,0.7,0.27,0.75,0.71,0.5028949
0.18,0.44,0.74,0.24,0.76,0.72,0.5028949
0.16,0.44,0.74,0.2,0.74,0.71,0.502895
0.16,0.5,0.72,0.28,0.76,0.72,0.5028951
0.17,0.49,0.72,0.26,0.73,0.7,0.5028951
0.18,0.43,0.72,0.26,0.74,0.7,0.5028952
0.17,0.46,0.75,0.21,0.75,0.72,0.5028955
0.17,0.49,0.72,0.29,0.74,0.72,0.5028955
0.18,0.42,0.74,0.21,0.73,0.72,0.5028955
0.16,0.46,0.74,0.3,0.76,0.71,0.5028956
0.16,0.41,0.75,0.21,0.73,0.72,0.5028957
0.16,0.49,0.73,0.2,0.74,0.71,0.5028957
0.16,0.47,0.74,0.2,0.72,0.7,0.5028958
0.17,0.5,0.7,0.26,0.74,0.71,0.5028958
0.16,0.49,0.75,0.29,0.76,0.71,0.5028959
0.17,0.45,0.72,0.22,0.76,0.7,0.5028959
0.16,0.43,0.71,0.25,0.72,0.71,0.502896
0.16,0.45,0.74,0.27,0.74,0.72,0.502896
0.17,0.44,0.74,0.27,0.75,0.71,0.502896
0.18,0.45,0.75,0.25,0.72,0.72,0.502896
0.18,0.49,0.75,0.28,0.74,0.71,0.502896
0.17,0.4,0.73,0.2,0.72,0.71,0.5028961
0.17,0.47,0.71,0.29,0.72,0.71,0.5028961
0.18,0.46,0.7,0.28,0.73,0.72,0.5028962
0.16,0.41,0.74,0.2,0.76,0.72,0.5028964
0.18,0.45,0.73,0.2,0.74,0.71,0.5028964
0.16,0.5,0.75,0.27,0.72,0.7,0.5028965
0.17,0.47,0.72,0.23,0.75,0.7,0.5028965
0.18,0.46,0.75,0.28,0.76,0.72,0.5028965
0.18,0.48,0.71,0.29,0.74,0.71,0.5028966
0.16,0.49,0.73,0.24,0.75,0.71,0.5028968
0.18,0.42,0.73,0.2,0.76,0.72,0.5028969
0.17,0.49,0.75,0.21,0.73,0.71,0.502897
0.18,0.47,0.7,0.28,0.76,0.7,0.5028971
0.16,0.43,0.72,0.28,0.76,0.7,0.5028972
0.16,0.5,0.71,0.2,0.75,0.72,0.5028972
0.16,0.49,0.7,0.27,0.73,0.7,0.5028973
0.17,0.46,0.72,0.29,0.74,0.71,0.5028973
0.17,0.42,0.7,0.24,0.73,0.72,0.5028974
0.17,0.48,0.7,0.23,0.76,0.71,0.5028974
0.18,0.45,0.71,0.28,0.75,0.72,0.5028974
0.16,0.49,0.74,0.21,0.72,0.7,0.5028976
0.16,0.47,0.73,0.3,0.73,0.7,0.5028977
0.16,0.42,0.72,0.25,0.74,0.71,0.5028979
0.16,0.5,0.72,0.21,0.73,0.71,0.5028979
0.17,0.48,0.71,0.2,0.73,0.7,0.5028979
0.18,0.48,0.73,0.2,0.72,0.7,0.5028979
0.18,0.42,0.73,0.23,0.72,0.71,0.5028982
0.16,0.44,0.75,0.27,0.76,0.72,0.5028983
0.16,0.46,0.74,0.24,0.73,0.7,0.5028984
0.16,0.49,0.73,0.3,0.76,0.71,0.5028984
0.17,0.48,0.73,0.29,0.75,0.7,0.5028984
0.16,0.5,0.71,0.24,0.76,0.72,0.5028985
0.17,0.45,0.72,0.26,0.72,0.72,0.5028985
0.17,0.42,0.72,0.23,0.74,0.7,0.5028986
0.17,0.5,0.71,0.27,0.72,0.7,0.5028986
0.16,0.5,0.71,0.27,0.74,0.72,0.5028988
0.17,0.43,0.7,0.27,0.74,0.7,0.5028988
0.16,0.43,0.74,0.24,0.75,0.71,0.502899
0.17,0.43,0.75,0.22,0.73,0.72,0.502899
0.17,0.48,0.71,0.24,0.74,0.7,0.502899
0.17,0.41,0.71,0.24,0.75,0.72,0.5028991
0.17,0.48,0.75,0.25,0.74,0.71,0.5028991
0.18,0.47,0.73,0.24,0.73,0.7,0.5028992
0.16,0.44,0.73,0.2,0.73,0.7,0.5028993
0.18,0.44,0.73,0.24,0.75,0.71,0.5028993
0.16,0.5,0.74,0.3,0.75,0.71,0.5028994
0.17,0.45,0.75,0.25,0.76,0.72,0.5028994
0.17,0.49,0.7,0.27,0.74,0.71,0.5028994
0.16,0.41,0.74,0.21,0.72,0.71,0.5028995
0.17,0.45,0.73,0.29,0.76,0.71,0.5028995
0.18,0.42,0.73,0.21,0.72,0.71,0.5028996
0.16,0.46,0.74,0.3,0.75,0.7,0.5028997
0.16,0.49,0.74,0.25,0.73,0.7,0.5028997
0.17,0.49,0.71,0.28,0.72,0.72,0.5028997
0.16,0.5,0.72,0.25,0.74,0.71,0.5028998
0.17,0.46,0.74,0.21,0.74,0.71,0.5028999
0.16,0.45,0.74,0.27,0.73,0.71,0.5029
0.17,0.44,0.73,0.26,0.74,0.72,0.5029001
0.17,0.49,0.7,0.21,0.72,0.7,0.5029001
0.17,0.43,0.74,0.21,0.76,0.72,0.5029002
0.18,0.46,0.7,0.28,0.72,0.71,0.5029002
0.16,0.46,0.73,0.23,0.76,0.7,0.5029003
0.16,0.48,0.75,0.28,0.73,0.7,0.5029003
0.17,0.44,0.73,0.27,0.74,0.7,0.5029003
0.16,0.41,0.73,0.2,0.75,0.71,0.5029004
0.18,0.48,0.7,0.28,0.72,0.71,0.5029005
0.18,0.48,0.73,0.3,0.74,0.72,0.5029006
0.16,0.41,0.73,0.25,0.76,0.71,0.5029009
0.17,0.42,0.7,0.24,0.72,0.71,0.5029009
0.18,0.46,0.74,0.28,0.75,0.71,0.5029009
0.17,0.47,0.72,0.27,0.76,0.7,0.502901
0.18,0.42,0.72,0.2,0.75,0.71,0.502901
0.18,0.45,0.72,0.2,0.73,0.7,0.502901
0.18,0.48,0.75,0.22,0.75,0.72,0.502901
0.16,0.45,0.75,0.28,0.75,0.71,0.5029013
0.17,0.42,0.71,0.27,0.76,0.7,0.5029014
0.18,0.45,0.71,0.28,0.74,0.71,0.5029014
0.17,0.46,0.72,0.29,0.73,0.7,0.5029015
0.16,0.41,0.72,0.22,0.72,0.72,0.5029016
0.16,0.49,0.73,0.28,0.76,0.71,0.5029016
0.16,0.42,0.72,0.25,0.73,0.7,0.5029018
0.16,0.49,0.72,0.29,0.74,0.71,0.5029018
0.18,0.49,0.7,0.27,0.75,0.72,0.5029018
0.17,0.49,0.7,0.25,0.73,0.7,0.502902
0.18,0.47,0.74,0.3,0.76,0.72,0.502902
0.16,0.48,0.72,0.22,0.76,0.71,0.5029022
0.17,0.43,0.74,0.26,0.76,0.72,0.5029026
0.16,0.5,0.73,0.26,0.72,0.7,0.5029027
0.17,0.41,0.71,0.24,0.74,0.71,0.5029028
0.17,0.47,0.75,0.28,0.73,0.72,0.5029028
0.17,0.46,0.71,0.21,0.76,0.7,0.5029029
0.17,0.48,0.71,0.29,0.74,0.7,0.5029029
0.16,0.49,0.73,0.3,0.72,0.72,0.502903
0.16,0.5,0.7,0.26,0.72,0.72,0.5029031
0.17,0.43,0.74,0.22,0.72,0.71,0.5029032
0.16,0.43,0.73,0.24,0.74,0.7,0.5029034
0.18,0.44,0.71,0.25,0.72,0.72,0.5029034
0.17,0.45,0.73,0.29,0.75,0.7,0.5029036
0.18,0.44,0.72,0.28,0.76,0.71,0.5029036
0.16,0.4,0.73,0.22,0.74,0.72,0.5029037
0.17,0.48,0.74,0.25,0.73,0.7,0.5029037
0.17,0.49,0.72,0.29,0.75,0.72,0.5029037
0.18,0.45,0.75,0.23,0.73,0.72,0.5029037
0.18,0.49,0.75,0.24,0.76,0.72,0.5029037
0.16,0.45,0.7,0.3,0.76,0.71,0.5029038
0.16,0.48,0.73,0.23,0.74,0.7,0.5029038
0.17,0.45,0.74,0.25,0.75,0.71,0.5029038
0.18,0.44,0.72,0.24,0.74,0.7,0.5029038
0.16,0.43,0.75,0.24,0.73,0.72,0.5029039
0.16,0.45,0.74,0.27,0.72,0.7,0.5029042
0.16,0.47,0.75,0.22,0.74,0.71,0.5029042
0.17,0.44,0.73,0.26,0.73,0.71,0.5029042
0.17,0.48,0.71,0.28,0.75,0.7,0.5029042
0.16,0.44,0.75,0.22,0.76,0.72,0.5029043
0.17,0.47,0.7,0.22,0.75,0.7,0.5029044
0.16,0.41,0.72,0.2,0.74,0.7,0.5029045
0.17,0.43,0.73,0.21,0.75,0.71,0.5029045
0.18,0.4,0.7,0.23,0.75,0.72,0.5029045
0.17,0.46,0.73,0.21,0.73,0.7,0.5029046
0.18,0.47,0.75,0.26,0.76,0.72,0.5029046
0.16,0.44,0.7,0.27,0.74,0.72,0.5029047
0.18,0.48,0.73,0.3,0.73,0.71,0.5029047
0.16,0.49,0.71,0.23,0.75,0.71,0.5029048
0.18,0.5,0.74,0.21,0.74,0.72,0.5029049
0.18,0.45,0.74,0.22,0.76,0.72,0.502905
0.18,0.48,0.71,0.29,0.75,0.71,0.502905
0.18,0.43,0.72,0.25,0.74,0.72,0.5029051
0.16,0.49,0.72,0.2,0.72,0.7,0.5029054
0.18,0.42,0.71,0.2,0.74,0.7,0.5029054
0.18,0.45,0.71,0.28,0.73,0.7,0.5029054
0.18,0.46,0.73,0.28,0.74,0.7,0.5029054
0.18,0.41,0.72,0.24,0.76,0.71,0.5029055
0.16,0.45,0.74,0.28,0.74,0.7,0.5029057
0.16,0.49,0.71,0.28,0.72,0.71,0.5029057
0.16,0.49,0.74,0.29,0.74,0.7,0.5029057
0.17,0.4,0.72,0.24,0.76,0.71,0.5029057
0.18,0.48,0.74,0.22,0.74,0.71,0.5029058
0.18,0.5,0.74,0.25,0.75,0.72,0.5029059
0.18,0.41,0.7,0.26,0.76,0.7,0.502906
0.17,0.47,0.75,0.29,0.75,0.71,0.5029062
0.18,0.47,0.74,0.3,0.75,0.71,0.5029062
0.16,0.43,0.71,0.27,0.76,0.72,0.5029063
0.17,0.48,0.7,0.28,0.72,0.7,0.5029064
0.16,0.49,0.72,0.24,0.73,0.7,0.5029065
0.17,0.41,0.71,0.24,0.73,0.7,0.5029067
0.16,0.5,0.7,0.2,0.73,0.71,0.5029068
0.16,0.47,0.72,0.29,0.73,0.72,0.5029069
0.18,0.46,0.74,0.27,0.73,0.72,0.502907
0.17,0.47,0.75,0.28,0.72,0.71,0.5029071
0.18,0.5,0.75,0.22,0.72,0.71,0.5029072
0.16,0.4,0.73,0.22,0.73,0.71,0.5029073
0.18,0.42,0.73,0.25,0.76,0.72,0.5029074
0.16,0.5,0.71,0.27,0.75,0.72,0.5029075
0.17,0.47,0.7,0.26,0.76,0.7,0.5029075
0.16,0.45,0.7,0.3,0.75,0.7,0.5029076
0.16,0.44,0.75,0.23,0.72,0.71,0.5029077
0.17,0.49,0.71,0.28,0.73,0.72,0.5029077
0.17,0.4,0.71,0.21,0.72,0.72,0.5029078
0.18,0.44,0.72,0.28,0.75,0.7,0.5029078
0.16,0.48,0.73,0.27,0.75,0.7,0.5029081
0.16,0.5,0.7,0.24,0.74,0.71,0.5029081
0.16,0.46,0.73,0.29,0.75,0.72,0.5029082
0.17,0.49,0.7,0.27,0.75,0.71,0.5029082
0.16,0.44,0.7,0.27,0.73,0.71,0.5029083
0.18,0.4,0.7,0.23,0.74,0.71,0.5029083
0.18,0.45,0.74,0.23,0.72,0.71,0.5029083
0.17,0.44,0.73,0.26,0.72,0.7,0.5029084
0.17,0.45,0.73,0.25,0.74,0.7,0.5029084
0.16,0.49,0.71,0.27,0.76,0.71,0.5029086
0.16,0.44,0.74,0.22,0.75,0.71,0.5029087
0.18,0.48,0.7,0.28,0.73,0.71,0.5029087
0.16,0.46,0.75,0.26,0.75,0.71,0.5029088
0.16,0.47,0.74,0.22,0.73,0.7,0.5029088
0.16,0.49,0.75,0.26,0.73,0.7,0.5029089
0.17,0.42,0.74,0.23,0.73,0.72,0.5029089
0.17,0.43,0.72,0.21,0.74,0.7,0.5029089
0.18,0.48,0.73,0.3,0.72,0.7,0.5029089
0.17,0.46,0.75,0.23,0.76,0.72,0.502909
0.18,0.43,0.72,0.25,0.73,0.71,0.5029091
0.18,0.47,0.74,0.26,0.75,0.71,0.5029092
0.18,0.47,0.75,0.27,0.72,0.71,0.5029094
0.18,0.42,0.74,0.23,0.74,0.72,0.5029095
0.18,0.45,0.73,0.22,0.75,0.71,0.5029095
0.17,0.44,0.75,0.2,0.73,0.72,0.5029096
0.18,0.5,0.75,0.26,0.73,0.71,0.5029096
0.16,0.47,0.72,0.21,0.75,0.7,0.5029097
0.16,0.5,0.71,0.25,0.72,0.7,0.5029097
0.16,0.48,0.72,0.3,0.72,0.7,0.5029098
0.17,0.49,0.75,0.23,0.74,0.71,0.5029098
0.18,0.41,0.71,0.24,0.75,0.7,0.5029099
0.17,0.42,0.73,0.25,0.76,0.71,0.50291
0.16,0.43,0.71,0.27,0.75,0.71,0.5029101
0.16,0.49,0.72,0.29,0.75,0.71,0.5029101
0.18,0.49,0.7,0.27,0.76,0.72,0.5029103
0.17,0.4,0.72,0.21,0.76,0.71,0.5029104
0.16,0.4,0.72,0.24,0.75,0.7,0.5029105
0.16,0.49,0.73,0.3,0.73,0.72,0.5029108
0.17,0.42,0.7,0.26,0.76,0.72,0.5029108
0.17,0.46,0.71,0.28,0.73,0.72,0.5029108
0.17,0.47,0.74,0.29,0.74,0.7,0.5029108
0.16,0.47,0.72,0.29,0.72,0.71,0.5029109
0.16,0.48,0.7,0.21,0.76,0.71,0.5029109
0.18,0.49,0.73,0.23,0.76,0.72,0.5029109
0.18,0.5,0.74,0.29,0.76,0.72,0.5029111
0.18,0.46,0.74,0.27,0.72,0.71,0.5029112
0.17,0.48,0.71,0.29,0.75,0.7,0.5029113
0.18,0.49,0.75,0.3,0.75,0.71,0.5029115
0.16,0.49,0.72,0.28,0.74,0.7,0.5029116
0.16,0.5,0.7,0.26,0.73,0.72,0.5029116
0.16,0.48,0.71,0.22,0.74,0.7,0.5029117
0.17,0.48,0.72,0.3,0.73,0.71,0.5029118
0.16,0.47,0.72,0.25,0.76,0.7,0.5029119
0.17,0.49,0.72,0.29,0.76,0.72,0.502912
0.16,0.44,0.7,0.27,0.72,0.7,0.5029121
0.16,0.46,0.73,0.29,0.74,0.71,0.5029122
0.17,0.45,0.72,0.28,0.75,0.72,0.5029122
0.18,0.4,0.7,0.23,0.73,0.7,0.5029123
0.16,0.42,0.71,0.24,0.73,0.72,0.5029126
0.17,0.46,0.75,0.24,0.72,0.71,0.5029126
0.18,0.5,0.72,0.2,0.74,0.72,0.5029129
0.18,0.47,0.71,0.3,0.73,0.7,0.5029131
0.18,0.49,0.74,0.2,0.73,0.71,0.5029131
0.16,0.44,0.73,0.22,0.74,0.7,0.5029133
0.16,0.46,0.74,0.26,0.74,0.7,0.5029133
0.18,0.43,0.72,0.25,0.72,0.7,0.5029133
0.18,0.5,0.72,0.24,0.75,0.72,0.5029133
0.18,0.48,0.71,0.29,0.76,0.71,0.5029134
0.18,0.49,0.74,0.24,0.74,0.71,0.5029134
0.17,0.43,0.75,0.24,0.74,0.72,0.5029135
0.17,0.46,0.74,0.23,0.75,0.71,0.5029135
0.16,0.45,0.73,0.26,0.72,0.72,0.5029136
0.18,0.42,0.73,0.23,0.73,0.71,0.5029138
0.18,0.47,0.73,0.26,0.74,0.7,0.5029138
0.16,0.49,0.71,0.28,0.73,0.71,0.5029139
0.17,0.44,0.74,0.2,0.72,0.71,0.5029139
0.17,0.48,0.75,0.27,0.75,0.71,0.5029139
0.18,0.48,0.72,0.3,0.74,0.72,0.5029139
0.16,0.43,0.71,0.27,0.74,0.7,0.502914
0.17,0.49,0.73,0.3,0.72,0.72,0.502914
0.18,0.46,0.75,0.21,0.73,0.72,0.502914
0.18,0.49,0.75,0.2,0.75,0.72,0.502914
0.18,0.45,0.72,0.22,0.74,0.7,0.5029141
0.16,0.45,0.74,0.29,0.76,0.71,0.5029142
0.17,0.4,0.72,0.22,0.72,0.7,0.5029142
0.18,0.48,0.75,0.24,0.76,0.72,0.5029142
0.17,0.42,0.72,0.25,0.75,0.7,0.5029143
0.18,0.44,0.73,0.26,0.76,0.71,0.5029143
0.16,0.41,0.73,0.22,0.76,0.71,0.5029144
0.16,0.41,0.72,0.24,0.75,0.72,0.5029145
0.16,0.49,0.7,0.23,0.73,0.7,0.5029145
0.17,0.42,0.7,0.26,0.75,0.71,0.5029145
0.18,0.42,0.72,0.22,0.76,0.71,0.5029145
0.17,0.4,0.71,0.21,0.75,0.7,0.5029147
0.18,0.5,0.73,0.21,0.72,0.71,0.5029147
0.17,0.46,0.71,0.28,0.72,0.71,0.5029148
0.17,0.48,0.7,0.28,0.73,0.7,0.5029148
0.16,0.43,0.74,0.26,0.76,0.71,0.5029149
0.16,0.48,0.71,0.26,0.75,0.7,0.5029149
0.17,0.48,0.74,0.3,0.74,0.72,0.5029149
0.16,0.44,0.74,0.26,0.74,0.72,0.5029151
0.18,0.45,0.7,0.27,0.73,0.72,0.5029151
0.18,0.41,0.73,0.22,0.73,0.72,0.5029152
0.18,0.5,0.75,0.3,0.74,0.71,0.5029155
0.16,0.45,0.75,0.2,0.76,0.72,0.5029157
0.18,0.44,0.75,0.24,0.72,0.72,0.5029157
0.17,0.41,0.74,0.2,0.74,0.72,0.5029158
0.17,0.49,0.71,0.28,0.74,0.72,0.5029159
0.18,0.5,0.73,0.25,0.73,0.71,0.5029159
0.17,0.49,0.75,0.22,0.76,0.72,0.502916
0.16,0.42,0.71,0.24,0.72,0.71,0.5029161
0.16,0.5,0.71,0.27,0.76,0.72,0.5029162
0.17,0.45,0.72,0.28,0.74,0.71,0.5029162
0.16,0.48,0.75,0.3,0.74,0.7,0.5029163
0.16,0.46,0.73,0.29,0.73,0.7,0.5029165
0.17,0.47,0.75,0.3,0.76,0.72,0.5029165
0.18,0.44,0.71,0.27,0.75,0.72,0.5029165
0.16,0.42,0.72,0.27,0.76,0.7,0.5029167
0.16,0.48,0.75,0.2,0.74,0.71,0.5029168
0.18,0.48,0.7,0.28,0.74,0.71,0.502917
0.18,0.5,0.72,0.28,0.76,0.72,0.5029171
0.18,0.46,0.74,0.2,0.76,0.72,0.5029174
0.16,0.43,0.75,0.26,0.76,0.72,0.5029176
0.18,0.49,0.74,0.28,0.75,0.71,0.5029176
0.16,0.45,0.75,0.21,0.72,0.71,0.5029178
0.16,0.48,0.72,0.3,0.73,0.7,0.5029179
0.17,0.41,0.7,0.23,0.73,0.72,0.5029179
0.17,0.5,0.74,0.23,0.75,0.72,0.5029179
0.17,0.43,0.74,0.24,0.73,0.71,0.502918
0.18,0.48,0.72,0.29,0.72,0.72,0.502918
0.16,0.47,0.75,0.24,0.75,0.71,0.5029181
0.17,0.44,0.72,0.25,0.72,0.72,0.5029181
0.18,0.48,0.71,0.29,0.72,0.72,0.5029181
0.18,0.48,0.75,0.25,0.72,0.71,0.5029181
0.16,0.41,0.72,0.24,0.74,0.71,0.5029182
0.17,0.46,0.73,0.23,0.74,0.7,0.5029182
0.18,0.45,0.75,0.25,0.74,0.72,0.5029182
0.16,0.41,0.73,0.23,0.72,0.7,0.5029183
0.18,0.42,0.72,0.23,0.72,0.7,0.5029183
0.17,0.44,0.73,0.28,0.76,0.71,0.5029184
0.16,0.47,0.7,0.2,0.75,0.7,0.5029185
0.16,0.49,0.7,0.27,0.74,0.7,0.5029185
0.17,0.42,0.7,0.26,0.74,0.7,0.5029185
0.16,0.49,0.72,0.29,0.76,0.71,0.5029186
0.17,0.43,0.73,0.23,0.76,0.71,0.5029186
0.17,0.48,0.74,0.27,0.74,0.7,0.5029186
0.16,0.49,0.73,0.3,0.74,0.72,0.5029187
0.18,0.46,0.74,0.21,0.72,0.71,0.5029187
0.18,0.48,0.73,0.22,0.75,0.71,0.5029187
0.16,0.41,0.72,0.22,0.75,0.7,0.5029188
0.18,0.47,0.73,0.29,0.74,0.72,0.5029188
0.18,0.44,0.72,0.26,0.75,0.7,0.5029189
0.18,0.48,0.74,0.24,0.75,0.71,0.5029189
0.16,0.42,0.75,0.21,0.74,0.72,0.5029191
0.17,0.48,0.74,0.3,0.73,0.71,0.5029191
0.18,0.45,0.7,0.27,0.72,0.71,0.5029191
0.18,0.42,0.71,0.22,0.75,0.7,0.5029192
0.18,0.49,0.71,0.22,0.76,0.72,0.5029192
0.16,0.44,0.74,0.26,0.73,0.71,0.5029193
0.17,0.45,0.74,0.27,0.76,0.71,0.5029193
0.18,0.43,0.74,0.21,0.74,0.72,0.5029193
0.16,0.43,0.73,0.26,0.75,0.7,0.5029194
0.17,0.4,0.71,0.23,0.75,0.72,0.5029196
0.16,0.47,0.7,0.24,0.76,0.7,0.5029197
0.17,0.43,0.73,0.25,0.74,0.72,0.5029197
0.17,0.48,0.72,0.3,0.74,0.71,0.5029197
0.17,0.41,0.73,0.2,0.73,0.71,0.5029199
0.18,0.45,0.71,0.3,0.76,0.7,0.5029201
0.16,0.45,0.74,0.2,0.75,0.71,0.5029202
0.16,0.5,0.7,0.26,0.74,0.72,0.5029202
0.17,0.5,0.75,0.2,0.72,0.71,0.5029203
0.17,0.45,0.72,0.28,0.73,0.7,0.5029204
0.17,0.49,0.7,0.27,0.72,0.72,0.5029204
0.18,0.46,0.74,0.29,0.76,0.72,0.5029204
0.17,0.47,0.75,0.21,0.76,0.72,0.5029205
0.18,0.44,0.71,0.27,0.74,0.71,0.5029205
0.17,0.5,0.75,0.24,0.73,0.71,0.5029206
0.18,0.49,0.72,0.23,0.74,0.71,0.5029206
0.17,0.47,0.75,0.3,0.75,0.71,0.5029208
0.18,0.48,0.73,0.26,0.76,0.71,0.5029208
0.16,0.4,0.73,0.24,0.76,0.71,0.5029211
0.17,0.5,0.74,0.27,0.76,0.72,0.5029211
0.17,0.41,0.71,0.26,0.76,0.7,0.5029212
0.18,0.47,0.71,0.3,0.74,0.7,0.5029212
0.18,0.5,0.73,0.29,0.74,0.71,0.5029212
0.17,0.41,0.7,0.23,0.72,0.71,0.5029215
0.16,0.48,0.74,0.2,0.73,0.7,0.5029217
0.17,0.46,0.75,0.27,0.73,0.72,0.5029217
0.18,0.48,0.72,0.3,0.75,0.72,0.5029217
0.18,0.5,0.7,0.23,0.75,0.72,0.5029217
0.16,0.41,0.72,0.24,0.73,0.7,0.5029221
0.18,0.46,0.73,0.2,0.75,0.71,0.5029221
0.17,0.42,0.74,0.25,0.76,0.72,0.5029222
0.16,0.49,0.71,0.28,0.74,0.71,0.5029223
0.17,0.43,0.73,0.24,0.72,0.7,0.5029226
0.16,0.44,0.7,0.29,0.76,0.71,0.5029227
0.16,0.47,0.74,0.24,0.74,0.7,0.5029228
0.18,0.43,0.72,0.27,0.76,0.71,0.5029228
0.18,0.45,0.74,0.25,0.73,0.71,0.5029228
0.18,0.5,0.71,0.2,0.72,0.71,0.5029228
0.16,0.44,0.75,0.25,0.73,0.71,0.5029229
0.17,0.44,0.75,0.22,0.74,0.72,0.5029229
0.17,0.47,0.75,0.22,0.72,0.71,0.5029229
0.18,0.47,0.73,0.29,0.73,0.71,0.502923
0.16,0.49,0.72,0.29,0.72,0.72,0.5029231
0.16,0.4,0.72,0.21,0.72,0.72,0.5029232
0.16,0.42,0.74,0.21,0.73,0.71,0.5029232
0.16,0.44,0.74,0.24,0.76,0.71,0.5029232
0.17,0.43,0.72,0.23,0.75,0.7,0.5029232
0.17,0.4,0.71,0.23,0.74,0.71,0.5029233
0.18,0.5,0.71,0.24,0.73,0.71,0.5029233
0.17,0.48,0.7,0.28,0.74,0.7,0.5029234
0.17,0.48,0.74,0.3,0.72,0.7,0.5029234
0.18,0.49,0.73,0.24,0.72,0.7,0.5029234
0.18,0.45,0.73,0.24,0.76,0.71,0.5029235
0.18,0.43,0.71,0.24,0.72,0.72,0.5029236
0.16,0.44,0.74,0.26,0.72,0.7,0.5029237
0.18,0.43,0.73,0.21,0.73,0.71,0.5029237
0.17,0.43,0.73,0.25,0.73,0.71,0.5029238
0.17,0.45,0.73,0.27,0.75,0.7,0.5029238
0.17,0.48,0.71,0.29,0.72,0.71,0.5029238
0.18,0.49,0.72,0.27,0.75,0.71,0.5029238
0.16,0.42,0.75,0.23,0.73,0.72,0.5029241
0.17,0.49,0.73,0.21,0.76,0.72,0.5029241
0.18,0.47,0.74,0.28,0.76,0.71,0.5029241
0.17,0.41,0.72,0.2,0.72,0.7,0.5029242
0.17,0.49,0.71,0.28,0.75,0.72,0.5029242
0.16,0.43,0.7,0.26,0.74,0.72,0.5029243
0.16,0.46,0.75,0.28,0.76,0.71,0.5029244
0.17,0.46,0.71,0.3,0.76,0.72,0.5029246
0.18,0.44,0.71,0.27,0.73,0.7,0.5029247
0.17,0.5,0.75,0.28,0.74,0.71,0.5029248
0.18,0.46,0.74,0.29,0.75,0.71,0.5029248
0.16,0.45,0.73,0.2,0.74,0.7,0.502925
0.18,0.42,0.72,0.24,0.74,0.72,0.5029251
0.18,0.47,0.7,0.29,0.72,0.7,0.5029252
0.16,0.42,0.73,0.2,0.76,0.71,0.5029253
0.18,0.48,0.7,0.28,0.75,0.71,0.5029253
0.17,0.47,0.74,0.21,0.75,0.71,0.5029254
0.18,0.47,0.72,0.2,0.76,0.71,0.5029254
0.16,0.46,0.72,0.28,0.73,0.72,0.5029256
0.17,0.49,0.74,0.22,0.74,0.71,0.5029257
0.18,0.5,0.74,0.3,0.72,0.7,0.5029257
0.18,0.48,0.71,0.29,0.73,0.72,0.5029258
0.18,0.4,0.73,0.21,0.75,0.72,0.5029259
0.16,0.42,0.71,0.26,0.76,0.72,0.502926
0.17,0.46,0.75,0.27,0.72,0.71,0.502926
0.16,0.48,0.72,0.3,0.74,0.7,0.5029261
0.18,0.4,0.7,0.25,0.76,0.7,0.5029262
0.18,0.45,0.74,0.26,0.73,0.72,0.5029262
0.17,0.5,0.72,0.22,0.75,0.72,0.5029263
0.18,0.43,0.72,0.2,0.76,0.71,0.5029263
0.16,0.44,0.7,0.29,0.75,0.7,0.5029266
0.16,0.49,0.7,0.27,0.72,0.71,0.5029266
0.16,0.49,0.73,0.3,0.75,0.72,0.5029266
0.18,0.46,0.72,0.2,0.74,0.7,0.5029269
0.18,0.48,0.71,0.21,0.75,0.71,0.5029269
0.16,0.45,0.73,0.28,0.75,0.72,0.5029271
0.17,0.4,0.71,0.23,0.73,0.7,0.5029273
0.18,0.41,0.73,0.24,0.76,0.72,0.5029274
0.18,0.47,0.73,0.29,0.72,0.7,0.5029274
0.17,0.46,0.75,0.26,0.73,0.71,0.5029275
0.16,0.44,0.74,0.25,0.72,0.7,0.5029276
0.17,0.44,0.74,0.22,0.73,0.71,0.5029276
0.18,0.45,0.73,0.25,0.72,0.7,0.5029276
0.18,0.46,0.75,0.23,0.74,0.72,0.5029276
0.16,0.42,0.73,0.21,0.72,0.7,0.5029277
0.17,0.48,0.72,0.3,0.75,0.71,0.5029278
0.16,0.44,0.73,0.24,0.75,0.7,0.5029279
0.17,0.46,0.74,0.25,0.76,0.71,0.5029279
0.17,0.49,0.74,0.26,0.75,0.71,0.5029279
0.17,0.5,0.73,0.23,0.73,0.71,0.5029279
0.18,0.48,0.71,0.25,0.76,0.71,0.5029279
0.18,0.49,0.73,0.28,0.73,0.7,0.5029279
0.16,0.43,0.7,0.26,0.73,0.71,0.502928
0.17,0.43,0.73,0.25,0.72,0.7,0.5029282
0.17,0.5,0.72,0.26,0.76,0.72,0.5029282
0.18,0.45,0.72,0.24,0.75,0.7,0.5029283
0.18,0.43,0.72,0.21,0.72,0.7,0.5029284
0.18,0.49,0.75,0.23,0.72,0.71,0.5029284
0.17,0.46,0.71,0.3,0.75,0.71,0.5029285
0.16,0.49,0.74,0.3,0.72,0.72,0.5029286
0.17,0.49,0.7,0.27,0.73,0.72,0.5029286
0.18,0.45,0.7,0.29,0.76,0.72,0.5029286
0.18,0.48,0.72,0.22,0.73,0.7,0.5029286
0.16,0.5,0.7,0.26,0.75,0.72,0.502929
0.18,0.47,0.73,0.28,0.75,0.7,0.502929
0.18,0.49,0.7,0.22,0.74,0.71,0.502929
0.16,0.46,0.74,0.28,0.75,0.7,0.5029291
0.17,0.48,0.75,0.29,0.76,0.71,0.5029291
0.17,0.41,0.74,0.22,0.75,0.72,0.5029292
0.18,0.42,0.72,0.24,0.73,0.71,0.5029292
0.16,0.48,0.75,0.22,0.75,0.71,0.5029293
0.16,0.48,0.75,0.3,0.74,0.72,0.5029294
0.16,0.49,0.75,0.2,0.76,0.72,0.5029295
0.17,0.44,0.73,0.21,0.76,0.71,0.5029295
0.18,0.47,0.71,0.3,0.75,0.7,0.5029296
0.16,0.46,0.72,0.28,0.72,0.71,0.5029297
0.17,0.4,0.71,0.23,0.76,0.7,0.5029297
0.18,0.48,0.72,0.3,0.76,0.72,0.5029297
0.16,0.42,0.71,0.26,0.75,0.71,0.5029298
0.16,0.42,0.72,0.2,0.75,0.7,0.5029298
0.17,0.45,0.71,0.27,0.73,0.72,0.5029298
0.16,0.48,0.71,0.29,0.72,0.7,0.5029299
0.17,0.41,0.74,0.22,0.73,0.72,0.50293
0.18,0.4,0.72,0.21,0.74,0.71,0.5029302
0.17,0.47,0.73,0.21,0.74,0.7,0.5029303
0.18,0.45,0.74,0.26,0.72,0.71,0.5029306
0.16,0.49,0.71,0.28,0.75,0.71,0.5029308
0.17,0.41,0.7,0.25,0.76,0.72,0.5029308
0.18,0.49,0.71,0.23,0.72,0.7,0.5029308
0.16,0.49,0.72,0.29,0.73,0.72,0.502931
0.18,0.48,0.72,0.26,0.74,0.7,0.502931
0.18,0.49,0.7,0.26,0.75,0.71,0.502931
0.17,0.5,0.73,0.27,0.74,0.71,0.5029311
0.18,0.43,0.71,0.2,0.75,0.7,0.5029311
0.16,0.45,0.73,0.28,0.74,0.71,0.5029312
0.17,0.44,0.72,0.27,0.75,0.72,0.5029312
0.16,0.5,0.74,0.21,0.75,0.72,0.5029313
0.17,0.48,0.71,0.29,0.73,0.71,0.5029317
0.16,0.43,0.7,0.26,0.72,0.7,0.5029318
0.16,0.45,0.75,0.23,0.73,0.71,0.5029319
0.17,0.48,0.7,0.28,0.75,0.7,0.5029319
0.17,0.48,0.73,0.2,0.75,0.71,0.5029321
0.17,0.46,0.74,0.26,0.72,0.7,0.5029322
0.17,0.48,0.73,0.24,0.76,0.71,0.5029322
0.16,0.5,0.74,0.25,0.76,0.72,0.5029324
0.17,0.44,0.73,0.22,0.72,0.7,0.5029324
0.17,0.48,0.73,0.29,0.72,0.72,0.5029324
0.18,0.46,0.74,0.23,0.73,0.71,0.5029324
0.16,0.47,0.75,0.26,0.76,0.71,0.5029325
0.18,0.48,0.75,0.27,0.73,0.71,0.5029325
0.17,0.49,0.71,0.28,0.76,0.72,0.5029326
0.17,0.46,0.71,0.3,0.74,0.7,0.5029327
0.17,0.46,0.73,0.25,0.75,0.7,0.5029327
0.18,0.45,0.7,0.29,0.75,0.71,0.5029327
0.18,0.43,0.74,0.23,0.75,0.72,0.5029329
0.17,0.49,0.71,0.2,0.76,0.72,0.502933
0.16,0.41,0.71,0.23,0.73,0.72,0.5029331
0.16,0.42,0.75,0.23,0.75,0.72,0.5029332
0.16,0.44,0.73,0.25,0.72,0.72,0.5029332
0.16,0.5,0.75,0.22,0.73,0.71,0.5029332
0.18,0.45,0.75,0.27,0.75,0.72,0.5029332
0.18,0.47,0.7,0.29,0.73,0.7,0.5029332
0.16,0.44,0.74,0.28,0.76,0.71,0.5029333
0.17,0.47,0.74,0.29,0.74,0.72,0.5029333
0.16,0.45,0.74,0.22,0.76,0.71,0.5029335
0.17,0.41,0.73,0.22,0.74,0.71,0.5029335
0.18,0.42,0.72,0.24,0.72,0.7,0.5029336
0.18,0.48,0.71,0.29,0.74,0.72,0.5029336
0.16,0.48,0.75,0.3,0.73,0.71,0.5029337
0.16,0.42,0.71,0.26,0.74,0.7,0.5029338
0.17,0.45,0.71,0.27,0.72,0.71,0.5029338
0.17,0.49,0.72,0.21,0.74,0.71,0.5029338
0.18,0.48,0.7,0.28,0.76,0.71,0.5029338
0.17,0.49,0.74,0.3,0.76,0.71,0.5029339
0.18,0.42,0.71,0.24,0.76,0.7,0.5029339
0.17,0.45,0.75,0.2,0.74,0.72,0.502934
0.16,0.41,0.72,0.24,0.76,0.7,0.5029342
0.18,0.49,0.71,0.27,0.73,0.7,0.5029342
0.17,0.44,0.72,0.21,0.75,0.7,0.5029343
0.16,0.48,0.72,0.3,0.75,0.7,0.5029344
0.18,0.46,0.73,0.22,0.76,0.71,0.5029344
0.17,0.41,0.7,0.25,0.75,0.71,0.5029346
0.18,0.44,0.7,0.26,0.73,0.72,0.5029346
0.16,0.43,0.74,0.25,0.74,0.72,0.5029347
0.16,0.49,0.73,0.3,0.76,0.72,0.5029347
0.17,0.45,0.72,0.3,0.76,0.7,0.5029347
0.18,0.4,0.71,0.21,0.73,0.7,0.5029348
0.17,0.46,0.75,0.29,0.76,0.72,0.5029349
0.17,0.49,0.72,0.25,0.75,0.71,0.5029349
0.18,0.44,0.72,0.28,0.76,0.7,0.5029349
0.16,0.49,0.7,0.27,0.73,0.71,0.502935
0.17,0.48,0.75,0.2,0.72,0.71,0.502935
0.17,0.5,0.74,0.28,0.72,0.7,0.502935
0.16,0.4,0.72,0.23,0.75,0.72,0.5029351
0.18,0.47,0.71,0.2,0.74,0.7,0.5029352
0.17,0.44,0.72,0.27,0.74,0.71,0.5029353
0.17,0.5,0.7,0.21,0.75,0.72,0.5029353
0.18,0.47,0.71,0.24,0.75,0.7,0.5029353
0.16,0.45,0.73,0.28,0.73,0.7,0.5029355
0.16,0.5,0.75,0.26,0.74,0.71,0.5029355
0.17,0.49,0.73,0.22,0.72,0.7,0.5029358
0.17,0.48,0.72,0.3,0.76,0.71,0.5029361
0.18,0.43,0.71,0.26,0.75,0.72,0.5029361
0.17,0.5,0.71,0.22,0.73,0.71,0.5029363
0.17,0.5,0.7,0.25,0.76,0.72,0.5029364
0.16,0.41,0.72,0.26,0.76,0.7,0.5029366
0.17,0.47,0.75,0.24,0.73,0.71,0.5029366
0.16,0.45,0.74,0.23,0.72,0.7,0.5029367
0.18,0.4,0.7,0.2,0.76,0.7,0.5029367
0.18,0.47,0.72,0.28,0.72,0.72,0.5029367
0.16,0.41,0.71,0.23,0.72,0.71,0.5029368
0.18,0.41,0.74,0.2,0.72,0.72,0.5029368
0.18,0.48,0.7,0.21,0.73,0.7,0.5029368
0.17,0.44,0.75,0.24,0.75,0.72,0.5029369
0.17,0.49,0.7,0.27,0.74,0.72,0.5029369
0.18,0.4,0.73,0.21,0.73,0.72,0.5029369
0.18,0.45,0.7,0.29,0.74,0.7,0.5029369
0.16,0.4,0.75,0.2,0.72,0.72,0.502937
0.18,0.48,0.72,0.3,0.75,0.7,0.5029372
0.16,0.47,0.74,0.26,0.75,0.7,0.5029373
0.18,0.46,0.73,0.23,0.72,0.7,0.5029373
0.16,0.47,0.75,0.27,0.72,0.7,0.5029374
0.18,0.46,0.73,0.28,0.74,0.72,0.5029374
0.18,0.48,0.74,0.27,0.72,0.7,0.5029375
0.16,0.42,0.74,0.23,0.74,0.71,0.5029376
0.17,0.43,0.73,0.27,0.76,0.71,0.5029377
0.17,0.47,0.74,0.29,0.73,0.71,0.5029377
0.18,0.43,0.73,0.23,0.74,0.71,0.5029377
0.16,0.5,0.7,0.26,0.76,0.72,0.5029379
0.18,0.45,0.74,0.27,0.74,0.71,0.5029379
0.18,0.47,0.71,0.3,0.76,0.7,0.502938
0.18,0.48,0.7,0.25,0.74,0.7,0.502938
0.16,0.48,0.75,0.3,0.72,0.7,0.5029381
0.17,0.41,0.72,0.22,0.73,0.7,0.5029381
0.17,0.47,0.74,0.23,0.76,0.71,0.5029381
0.17,0.49,0.73,0.26,0.73,0.7,0.5029381
0.16,0.48,0.71,0.29,0.73,0.7,0.5029382
0.17,0.5,0.71,0.26,0.74,0.71,0.5029382
0.16,0.45,0.73,0.22,0.75,0.7,0.5029383
0.17,0.43,0.72,0.24,0.72,0.72,0.5029383
0.17,0.43,0.72,0.25,0.76,0.7,0.5029383
0.18,0.48,0.7,0.28,0.72,0.72,0.5029384
0.18,0.44,0.7,0.26,0.72,0.71,0.5029385
0.17,0.41,0.7,0.25,0.74,0.7,0.5029387
0.17,0.45,0.74,0.2,0.73,0.71,0.5029387
0.18,0.47,0.75,0.21,0.74,0.72,0.5029387
0.16,0.49,0.72,0.29,0.74,0.72,0.5029388
0.16,0.4,0.72,0.23,0.74,0.71,0.5029389
0.16,0.43,0.74,0.25,0.73,0.71,0.5029389
0.17,0.4,0.7,0.22,0.73,0.72,0.502939
0.18,0.44,0.71,0.29,0.76,0.7,0.5029391
0.16,0.46,0.72,0.3,0.76,0.72,0.5029392
0.18,0.45,0.74,0.28,0.76,0.72,0.5029392
0.16,0.49,0.71,0.28,0.76,0.71,0.5029393
0.16,0.49,0.74,0.2,0.74,0.71,0.5029393
0.17,0.42,0.75,0.21,0.72,0.72,0.5029394
0.18,0.46,0.72,0.22,0.75,0.7,0.5029394
0.17,0.41,0.71,0.21,0.76,0.7,0.5029395
0.16,0.49,0.74,0.24,0.75,0.71,0.5029396
0.17,0.42,0.74,0.2,0.75,0.72,0.5029396
0.17,0.44,0.72,0.27,0.73,0.7,0.5029397
0.17,0.42,0.73,0.24,0.74,0.72,0.5029398
0.17,0.48,0.71,0.29,0.74,0.71,0.5029398
0.17,0.45,0.73,0.29,0.76,0.7,0.5029399
0.18,0.47,0.71,0.28,0.76,0.7,0.5029399
0.17,0.49,0.72,0.29,0.76,0.71,0.50294
0.16,0.5,0.72,0.2,0.75,0.72,0.5029402
0.17,0.48,0.71,0.23,0.76,0.71,0.5029402
0.18,0.43,0.71,0.26,0.74,0.71,0.5029402
0.18,0.49,0.75,0.3,0.73,0.72,0.5029402
0.16,0.5,0.72,0.24,0.76,0.72,0.5029406
0.17,0.48,0.74,0.29,0.75,0.7,0.5029408
0.17,0.45,0.75,0.26,0.73,0.72,0.5029409
0.16,0.5,0.73,0.21,0.73,0.71,0.5029413
0.16,0.5,0.75,0.3,0.75,0.71,0.5029413
0.18,0.46,0.7,0.22,0.76,0.7,0.5029414
0.17,0.4,0.71,0.25,0.76,0.7,0.5029415
0.17,0.5,0.72,0.27,0.72,0.7,0.5029415
0.18,0.47,0.7,0.29,0.74,0.7,0.5029415
0.17,0.44,0.74,0.24,0.74,0.71,0.5029416
0.17,0.47,0.74,0.24,0.72,0.7,0.5029416
0.18,0.46,0.75,0.25,0.75,0.72,0.5029416
0.18,0.48,0.71,0.29,0.75,0.72,0.5029417
0.18,0.46,0.73,0.28,0.73,0.71,0.5029419
0.18,0.49,0.75,0.25,0.73,0.71,0.5029419
0.16,0.43,0.7,0.28,0.76,0.71,0.502942
0.17,0.46,0.7,0.29,0.74,0.72,0.502942
0.17,0.47,0.74,0.29,0.72,0.7,0.5029421
0.17,0.48,0.72,0.2,0.73,0.7,0.5029421
0.17,0.48,0.72,0.24,0.74,0.7,0.5029422
0.16,0.42,0.73,0.23,0.73,0.7,0.5029423
0.16,0.48,0.75,0.24,0.76,0.71,0.5029424
0.16,0.5,0.73,0.25,0.74,0.71,0.5029424
0.16,0.46,0.75,0.21,0.73,0.71,0.5029425
0.17,0.49,0.75,0.28,0.72,0.7,0.5029425
0.18,0.42,0.72,0.26,0.76,0.71,0.5029425
0.18,0.43,0.72,0.23,0.73,0.7,0.5029425
0.18,0.44,0.75,0.22,0.72,0.72,0.5029426
0.17,0.4,0.7,0.22,0.72,0.71,0.5029427
0.18,0.45,0.73,0.27,0.73,0.7,0.5029428
0.16,0.4,0.72,0.23,0.73,0.7,0.5029429
0.16,0.43,0.75,0.21,0.75,0.72,0.5029429
0.17,0.46,0.75,0.28,0.74,0.71,0.5029429
0.16,0.44,0.73,0.26,0.76,0.7,0.502943
0.17,0.47,0.73,0.23,0.75,0.7,0.502943
0.17,0.49,0.7,0.2,0.74,0.71,0.502943
0.18,0.45,0.72,0.26,0.76,0.7,0.502943
0.17,0.49,0.7,0.24,0.75,0.71,0.5029432
0.16,0.46,0.72,0.3,0.75,0.71,0.5029433
0.18,0.44,0.74,0.21,0.75,0.72,0.5029433
0.16,0.42,0.72,0.22,0.76,0.7,0.5029434
0.17,0.45,0.71,0.29,0.76,0.72,0.5029434
0.16,0.49,0.7,0.27,0.74,0.71,0.5029435
0.16,0.49,0.71,0.28,0.72,0.72,0.5029437
0.16,0.49,0.74,0.28,0.76,0.71,0.5029437
0.17,0.45,0.73,0.2,0.72,0.7,0.5029437
0.18,0.47,0.74,0.21,0.73,0.71,0.5029437
0.17,0.47,0.73,0.27,0.76,0.7,0.5029438
0.17,0.42,0.73,0.24,0.73,0.71,0.502944
0.17,0.49,0.71,0.21,0.72,0.7,0.502944
0.17,0.41,0.74,0.24,0.76,0.72,0.5029441
0.18,0.42,0.71,0.23,0.72,0.72,0.5029441
0.17,0.42,0.73,0.2,0.74,0.71,0.5029442
0.18,0.43,0.71,0.22,0.76,0.7,0.5029442
0.17,0.48,0.7,0.28,0.72,0.71,0.5029443
0.16,0.42,0.7,0.25,0.74,0.72,0.5029444
0.17,0.49,0.73,0.3,0.74,0.7,0.5029444
0.18,0.43,0.71,0.26,0.73,0.7,0.5029445
0.18,0.4,0.72,0.23,0.75,0.71,0.5029446
0.18,0.49,0.75,0.3,0.72,0.71,0.5029446
0.18,0.47,0.73,0.3,0.76,0.7,0.5029447
0.16,0.45,0.72,0.27,0.73,0.72,0.5029448
0.16,0.46,0.74,0.3,0.76,0.7,0.5029451
0.16,0.41,0.75,0.22,0.73,0.72,0.5029452
0.17,0.49,0.7,0.27,0.75,0.72,0.5029452
0.17,0.49,0.71,0.25,0.73,0.7,0.5029452
0.16,0.48,0.73,0.22,0.76,0.71,0.5029453
0.17,0.45,0.75,0.26,0.72,0.71,0.5029454
0.18,0.41,0.72,0.23,0.74,0.72,0.5029455
0.16,0.46,0.74,0.2,0.76,0.71,0.5029458
0.16,0.5,0.74,0.26,0.72,0.7,0.5029458
0.18,0.44,0.74,0.25,0.73,0.72,0.5029458
0.16,0.43,0.7,0.28,0.75,0.7,0.502946
0.16,0.41,0.71,0.25,0.76,0.72,0.5029461
0.17,0.46,0.7,0.29,0.73,0.71,0.5029462
0.16,0.44,0.73,0.27,0.75,0.72,0.5029463
0.18,0.48,0.7,0.28,0.73,0.72,0.5029463
0.16,0.45,0.75,0.25,0.74,0.71,0.5029464
0.16,0.48,0.75,0.25,0.72,0.7,0.5029464
0.18,0.46,0.73,0.28,0.72,0.7,0.5029464
0.16,0.48,0.71,0.29,0.74,0.7,0.5029465
0.18,0.46,0.74,0.25,0.74,0.71,0.5029465
0.17,0.44,0.73,0.24,0.73,0.7,0.5029466
0.16,0.49,0.72,0.29,0.75,0.72,0.5029468
0.17,0.46,0.72,0.21,0.76,0.7,0.5029468
0.17,0.48,0.72,0.28,0.75,0.7,0.5029468
0.17,0.45,0.75,0.22,0.75,0.72,0.5029469
0.16,0.48,0.74,0.29,0.72,0.72,0.502947
0.18,0.49,0.74,0.25,0.72,0.7,0.502947
0.16,0.48,0.72,0.3,0.72,0.71,0.5029473
0.16,0.46,0.74,0.21,0.72,0.7,0.5029474
0.16,0.48,0.74,0.23,0.74,0.7,0.5029474
0.16,0.5,0.73,0.29,0.75,0.71,0.5029474
0.18,0.43,0.74,0.25,0.76,0.72,0.5029474
0.17,0.45,0.71,0.29,0.75,0.71,0.5029475
0.17,0.46,0.73,0.27,0.76,0.7,0.5029475
0.17,0.48,0.75,0.22,0.73,0.71,0.5029475
0.16,0.43,0.74,0.21,0.74,0.71,0.5029476
0.16,0.46,0.72,0.3,0.74,0.7,0.5029476
0.16,0.49,0.72,0.23,0.75,0.71,0.5029476
0.18,0.44,0.7,0.28,0.76,0.72,0.5029477
0.18,0.48,0.75,0.29,0.74,0.71,0.5029477
0.17,0.46,0.74,0.28,0.73,0.7,0.5029478
0.17,0.44,0.72,0.23,0.76,0.7,0.5029479
0.18,0.5,0.75,0.21,0.74,0.72,0.5029479
0.16,0.47,0.75,0.29,0.74,0.72,0.502948
0.18,0.4,0.73,0.23,0.76,0.72,0.502948
0.16,0.42,0.7,0.25,0.73,0.71,0.5029481
0.16,0.49,0.75,0.29,0.74,0.7,0.5029481
0.17,0.47,0.71,0.22,0.75,0.7,0.5029481
0.17,0.48,0.71,0.29,0.75,0.71,0.5029481
0.18,0.44,0.73,0.21,0.74,0.71,0.5029481
0.18,0.5,0.75,0.25,0.75,0.72,0.5029481
0.17,0.41,0.73,0.24,0.75,0.71,0.5029486
0.16,0.42,0.75,0.25,0.76,0.72,0.5029487
0.17,0.5,0.7,0.26,0.72,0.7,0.5029488
0.17,0.42,0.72,0.2,0.73,0.7,0.5029489
0.18,0.47,0.73,0.21,0.72,0.7,0.5029489
0.16,0.45,0.72,0.27,0.72,0.71,0.502949
0.18,0.4,0.71,0.23,0.74,0.7,0.5029493
0.18,0.47,0.72,0.3,0.75,0.72,0.5029493
0.17,0.44,0.71,0.26,0.73,0.72,0.5029494
0.16,0.45,0.73,0.3,0.76,0.7,0.5029495
0.16,0.49,0.73,0.2,0.72,0.7,0.5029495
0.16,0.5,0.7,0.23,0.76,0.72,0.5029495
0.18,0.41,0.73,0.21,0.76,0.72,0.5029495
0.16,0.49,0.73,0.24,0.73,0.7,0.5029498
0.18,0.41,0.72,0.23,0.73,0.71,0.5029498
0.18,0.47,0.7,0.29,0.75,0.7,0.5029498
0.18,0.48,0.71,0.29,0.76,0.72,0.5029498
0.16,0.4,0.74,0.21,0.76,0.72,0.5029499
0.16,0.41,0.71,0.25,0.75,0.71,0.50295
0.16,0.44,0.73,0.27,0.74,0.71,0.5029504
0.16,0.5,0.71,0.2,0.73,0.71,0.5029504
0.17,0.47,0.71,0.26,0.76,0.7,0.5029504
0.17,0.48,0.7,0.23,0.74,0.7,0.5029504
0.17,0.46,0.7,0.29,0.72,0.7,0.5029505
0.18,0.44,0.74,0.25,0.72,0.71,0.5029505
0.16,0.49,0.72,0.27,0.76,0.71,0.5029507
0.16,0.5,0.71,0.24,0.74,0.71,0.5029507
0.16,0.48,0.7,0.28,0.72,0.7,0.5029508
0.17,0.43,0.72,0.26,0.75,0.72,0.5029508
0.16,0.46,0.73,0.2,0.75,0.7,0.5029509
0.16,0.48,0.74,0.27,0.75,0.7,0.5029509
0.17,0.47,0.75,0.26,0.74,0.71,0.5029509
0.17,0.47,0.73,0.28,0.72,0.72,0.5029511
0.17,0.4,0.7,0.24,0.76,0.72,0.5029512
0.16,0.45,0.74,0.25,0.73,0.7,0.5029513
0.18,0.47,0.75,0.23,0.75,0.72,0.5029515
0.16,0.49,0.71,0.28,0.73,0.72,0.5029516
0.18,0.46,0.73,0.25,0.73,0.7,0.5029516
0.16,0.5,0.74,0.3,0.73,0.7,0.5029517
0.17,0.4,0.74,0.21,0.73,0.72,0.5029518
0.17,0.45,0.71,0.29,0.74,0.7,0.5029518
0.17,0.45,0.74,0.22,0.74,0.71,0.5029518
0.17,0.44,0.75,0.26,0.76,0.72,0.5029519
0.18,0.44,0.7,0.28,0.75,0.71,0.5029519
0.16,0.42,0.7,0.25,0.72,0.7,0.502952
0.17,0.46,0.74,0.28,0.74,0.72,0.5029521
0.16,0.45,0.73,0.24,0.76,0.7,0.5029522
0.16,0.49,0.7,0.27,0.75,0.71,0.5029522
0.18,0.43,0.73,0.25,0.75,0.71,0.5029522
0.16,0.43,0.73,0.21,0.73,0.7,0.5029524
0.16,0.47,0.74,0.28,0.76,0.7,0.5029524
0.16,0.47,0.75,0.29,0.73,0.71,0.5029524
0.17,0.48,0.7,0.28,0.73,0.71,0.5029524
0.18,0.5,0.75,0.29,0.76,0.72,0.5029525
0.17,0.42,0.74,0.22,0.76,0.72,0.5029527
0.17,0.48,0.74,0.22,0.72,0.7,0.5029527
0.18,0.46,0.72,0.24,0.76,0.7,0.5029527
0.18,0.48,0.74,0.29,0.73,0.7,0.5029527
0.16,0.43,0.74,0.27,0.76,0.71,0.5029528
0.16,0.5,0.72,0.25,0.72,0.7,0.5029528
0.16,0.47,0.75,0.29,0.73,0.7,0.502953
0.18,0.44,0.72,0.21,0.73,0.7,0.5029531
0.18,0.45,0.75,0.2,0.72,0.72,0.5029531
0.16,0.42,0.74,0.25,0.75,0.71,0.5029532
0.17,0.41,0.72,0.24,0.74,0.7,0.5029532
0.18,0.49,0.74,0.23,0.76,0.72,0.5029533
0.16,0.43,0.73,0.24,0.72,0.72,0.5029534
0.17,0.44,0.71,0.26,0.72,0.71,0.5029534
0.16,0.47,0.73,0.21,0.75,0.7,0.5029536
0.18,0.47,0.72,0.3,0.74,0.71,0.5029536
0.17,0.48,0.7,0.27,0.75,0.7,0.5029537
0.17,0.44,0.72,0.29,0.76,0.7,0.5029538
0.17,0.45,0.75,0.28,0.76,0.72,0.5029538
0.17,0.49,0.7,0.27,0.76,0.72,0.5029538
0.16,0.41,0.71,0.25,0.74,0.7,0.5029541
0.18,0.41,0.72,0.21,0.75,0.71,0.5029541
0.18,0.41,0.73,0.22,0.72,0.71,0.5029541
0.16,0.48,0.71,0.21,0.76,0.71,0.5029542
0.16,0.49,0.73,0.28,0.74,0.7,0.5029542
0.18,0.48,0.7,0.28,0.74,0.72,0.5029542
0.16,0.4,0.71,0.22,0.73,0.72,0.5029543
0.16,0.4,0.73,0.21,0.75,0.71,0.5029543
0.18,0.43,0.7,0.25,0.73,0.72,0.5029547
0.16,0.44,0.73,0.27,0.73,0.7,0.5029549
0.16,0.47,0.73,0.25,0.76,0.7,0.5029549
0.16,0.48,0.71,0.29,0.75,0.7,0.5029549
0.16,0.42,0.74,0.24,0.74,0.72,0.502955
0.17,0.43,0.72,0.26,0.74,0.71,0.502955
0.16,0.48,0.72,0.3,0.73,0.71,0.5029551
0.16,0.49,0.72,0.29,0.76,0.72,0.5029551
0.16,0.43,0.72,0.2,0.76,0.7,0.5029552
0.17,0.4,0.7,0.24,0.75,0.71,0.5029552
0.18,0.46,0.73,0.3,0.76,0.71,0.5029552
0.16,0.48,0.72,0.22,0.74,0.7,0.5029553
0.17,0.46,0.7,0.2,0.76,0.7,0.5029555
0.18,0.5,0.73,0.24,0.75,0.72,0.5029555
0.18,0.46,0.72,0.27,0.72,0.72,0.5029556
0.17,0.47,0.74,0.26,0.73,0.7,0.5029559
0.18,0.49,0.75,0.27,0.74,0.71,0.5029559
0.18,0.5,0.73,0.2,0.74,0.72,0.5029559
0.18,0.46,0.75,0.27,0.76,0.72,0.502956
0.16,0.46,0.75,0.23,0.74,0.71,0.5029561
0.18,0.42,0.71,0.25,0.75,0.72,0.5029562
0.18,0.44,0.7,0.28,0.74,0.7,0.5029562
0.17,0.48,0.71,0.29,0.76,0.71,0.5029564
0.17,0.47,0.71,0.3,0.73,0.7,0.5029565
0.18,0.44,0.75,0.24,0.73,0.72,0.5029565
0.18,0.47,0.74,0.23,0.74,0.71,0.5029565
0.16,0.49,0.7,0.22,0.75,0.71,0.5029566
0.17,0.46,0.74,0.28,0.73,0.71,0.5029566
0.18,0.45,0.73,0.27,0.74,0.72,0.5029566
0.16,0.43,0.75,0.23,0.76,0.72,0.5029567
0.17,0.44,0.74,0.26,0.75,0.71,0.5029567
0.17,0.48,0.72,0.3,0.74,0.72,0.5029567
0.18,0.44,0.74,0.23,0.76,0.72,0.5029567
0.16,0.46,0.71,0.29,0.74,0.72,0.5029568
0.17,0.45,0.73,0.22,0.73,0.7,0.5029568
0.16,0.47,0.75,0.29,0.72,0.7,0.5029569
0.16,0.49,0.75,0.23,0.72,0.7,0.5029569
0.18,0.44,0.71,0.2,0.76,0.7,0.502957
0.18,0.43,0.72,0.25,0.74,0.7,0.5029572
0.17,0.42,0.74,0.23,0.72,0.71,0.5029573
0.17,0.42,0.73,0.22,0.75,0.71,0.5029575
0.17,0.42,0.73,0.26,0.76,0.71,0.5029575
0.16,0.48,0.72,0.26,0.75,0.7,0.5029576
0.16,0.49,0.71,0.23,0.73,0.7,0.5029578
0.17,0.49,0.75,0.3,0.73,0.7,0.5029578
0.16,0.42,0.73,0.25,0.74,0.7,0.5029579
0.16,0.4,0.71,0.22,0.72,0.71,0.5029581
0.18,0.5,0.74,0.21,0.72,0.71,0.5029581
0.16,0.45,0.72,0.29,0.76,0.72,0.5029582
0.18,0.47,0.7,0.29,0.76,0.7,0.5029582
0.18,0.47,0.71,0.3,0.74,0.71,0.5029582
0.18,0.47,0.72,0.3,0.73,0.7,0.5029582
0.18,0.43,0.71,0.28,0.76,0.7,0.5029584
0.18,0.44,0.74,0.27,0.76,0.72,0.5029584
0.18,0.5,0.74,0.25,0.73,0.71,0.5029585
0.18,0.48,0.75,0.29,0.73,0.72,0.5029586
0.17,0.46,0.75,0.2,0.75,0.72,0.5029587
0.16,0.49,0.7,0.26,0.76,0.71,0.5029588
0.18,0.43,0.7,0.25,0.72,0.71,0.5029588
0.18,0.5,0.73,0.28,0.76,0.72,0.5029588
0.16,0.4,0.72,0.21,0.74,0.7,0.5029589
0.18,0.41,0.71,0.21,0.74,0.7,0.5029589
0.16,0.48,0.7,0.28,0.73,0.7,0.502959
0.17,0.42,0.72,0.23,0.72,0.72,0.502959
0.16,0.42,0.74,0.24,0.73,0.71,0.5029591
0.17,0.4,0.7,0.24,0.74,0.7,0.5029594
0.17,0.43,0.72,0.26,0.73,0.7,0.5029595
0.18,0.42,0.74,0.2,0.73,0.72,0.5029595
0.16,0.49,0.71,0.28,0.74,0.72,0.5029596
0.16,0.41,0.75,0.2,0.73,0.72,0.5029598
0.18,0.46,0.73,0.3,0.75,0.7,0.5029598
0.17,0.45,0.72,0.21,0.76,0.7,0.5029599
0.17,0.5,0.75,0.23,0.75,0.72,0.5029603
0.17,0.49,0.75,0.2,0.73,0.71,0.5029604
0.18,0.42,0.71,0.25,0.74,0.71,0.5029604
0.17,0.41,0.73,0.23,0.74,0.72,0.5029605
0.17,0.44,0.75,0.25,0.73,0.72,0.5029605
0.17,0.45,0.75,0.24,0.76,0.72,0.5029606
0.17,0.48,0.7,0.28,0.74,0.71,0.5029606
0.17,0.48,0.75,0.24,0.74,0.71,0.5029606
0.16,0.48,0.75,0.27,0.73,0.7,0.5029607
0.16,0.49,0.7,0.27,0.76,0.71,0.5029608
0.16,0.46,0.71,0.29,0.73,0.71,0.5029609
0.18,0.46,0.74,0.27,0.75,0.71,0.502961
0.16,0.46,0.74,0.23,0.73,0.7,0.5029611
0.16,0.5,0.7,0.24,0.72,0.7,0.5029611
0.18,0.45,0.73,0.27,0.73,0.71,0.5029611
0.16,0.49,0.71,0.27,0.74,0.7,0.5029612
0.17,0.45,0.7,0.28,0.74,0.72,0.5029612
0.17,0.46,0.74,0.28,0.72,0.7,0.5029612
0.17,0.48,0.71,0.29,0.72,0.72,0.5029614
0.18,0.44,0.74,0.24,0.72,0.71,0.5029615
0.16,0.42,0.7,0.27,0.76,0.71,0.5029616
0.16,0.43,0.74,0.23,0.75,0.71,0.5029616
0.16,0.45,0.75,0.27,0.75,0.71,0.5029616
0.17,0.44,0.73,0.26,0.74,0.7,0.5029616
0.18,0.44,0.73,0.23,0.75,0.71,0.5029616
0.16,0.43,0.75,0.24,0.72,0.71,0.5029617
0.18,0.49,0.72,0.22,0.76,0.72,0.5029617
0.18,0.47,0.73,0.23,0.73,0.7,0.5029618
0.17,0.43,0.75,0.21,0.73,0.72,0.5029623
0.18,0.48,0.7,0.28,0.75,0.72,0.5029623
0.16,0.45,0.72,0.29,0.75,0.71,0.5029624
0.16,0.47,0.71,0.2,0.75,0.7,0.5029624
0.17,0.42,0.72,0.22,0.74,0.7,0.5029625
0.17,0.44,0.71,0.28,0.76,0.72,0.5029625
0.17,0.5,0.75,0.27,0.76,0.72,0.5029627
0.18,0.41,0.72,0.25,0.76,0.71,0.5029627
0.16,0.47,0.71,0.24,0.76,0.7,0.5029628
0.18,0.47,0.7,0.29,0.72,0.71,0.5029629
0.16,0.48,0.72,0.3,0.74,0.71,0.502963
0.17,0.48,0.72,0.3,0.73,0.72,0.502963
0.18,0.5,0.74,0.29,0.74,0.71,0.502963
0.18,0.48,0.75,0.29,0.72,0.71,0.5029632
0.16,0.46,0.73,0.22,0.76,0.7,0.5029634
0.18,0.48,0.74,0.26,0.76,0.71,0.5029634
0.16,0.48,0.72,0.3,0.76,0.7,0.5029635
0.18,0.48,0.75,0.21,0.75,0.72,0.5029635
0.18,0.49,0.73,0.23,0.74,0.71,0.5029636
0.17,0.47,0.73,0.3,0.75,0.72,0.5029637
0.17,0.46,0.74,0.2,0.74,0.71,0.5029638
0.17,0.43,0.74,0.2,0.76,0.72,0.5029639
0.18,0.5,0.71,0.23,0.75,0.72,0.502964
0.18,0.42,0.73,0.2,0.72,0.71,0.5029642
0.16,0.41,0.74,0.2,0.72,0.71,0.5029643
0.16,0.48,0.7,0.21,0.74,0.7,0.5029644
0.17,0.48,0.72,0.3,0.75,0.72,0.5029644
0.17,0.47,0.71,0.3,0.74,0.7,0.5029645
0.16,0.44,0.72,0.26,0.73,0.72,0.5029646
0.17,0.41,0.73,0.23,0.73,0.71,0.5029646
0.16,0.49,0.7,0.27,0.72,0.72,0.5029647
0.18,0.42,0.71,0.25,0.73,0.7,0.5029648
0.16,0.41,0.7,0.24,0.74,0.72,0.5029649
0.18,0.47,0.75,0.25,0.76,0.72,0.502965
0.16,0.46,0.71,0.29,0.72,0.7,0.5029654
0.17,0.45,0.7,0.28,0.73,0.71,0.5029654
0.17,0.45,0.74,0.24,0.75,0.71,0.5029655
0.18,0.41,0.71,0.22,0.72,0.72,0.5029655
0.17,0.45,0.75,0.25,0.72,0.71,0.5029656
0.17,0.47,0.75,0.28,0.75,0.71,0.5029657
0.16,0.48,0.7,0.25,0.75,0.7,0.5029658
0.17,0.48,0.74,0.24,0.73,0.7,0.5029658
0.18,0.45,0.73,0.27,0.72,0.7,0.5029658
0.16,0.42,0.7,0.27,0.75,0.7,0.5029659
0.16,0.43,0.73,0.26,0.75,0.72,0.5029659
0.16,0.47,0.74,0.28,0.72,0.72,0.5029659
0.18,0.43,0.74,0.24,0.73,0.72,0.5029659
0.18,0.5,0.72,0.24,0.73,0.71,0.502966
0.18,0.45,0.75,0.22,0.73,0.72,0.5029661
0.18,0.46,0.73,0.27,0.74,0.7,0.5029661
0.18,0.47,0.71,0.3,0.75,0.71,0.5029661
0.18,0.49,0.73,0.27,0.75,0.71,0.5029661
0.18,0.5,0.71,0.27,0.76,0.72,0.5029661
0.18,0.5,0.72,0.2,0.72,0.71,0.5029664
0.16,0.43,0.73,0.23,0.74,0.7,0.5029666
0.16,0.45,0.74,0.27,0.74,0.7,0.5029666
0.16,0.45,0.72,0.29,0.74,0.7,0.5029667
0.17,0.44,0.71,0.28,0.75,0.71,0.5029667
0.17,0.49,0.74,0.21,0.76,0.72,0.5029667
0.16,0.4,0.71,0.24,0.76,0.72,0.5029668
0.18,0.44,0.72,0.23,0.74,0.7,0.5029668
0.16,0.46,0.75,0.28,0.74,0.72,0.5029669
0.18,0.4,0.72,0.22,0.74,0.72,0.502967
0.17,0.43,0.74,0.21,0.72,0.71,0.5029671
0.16,0.44,0.75,0.21,0.76,0.72,0.5029672
0.18,0.43,0.7,0.27,0.76,0.72,0.5029672
0.16,0.47,0.75,0.21,0.74,0.71,0.5029673
0.18,0.47,0.71,0.29,0.73,0.72,0.5029673
0.16,0.48,0.7,0.28,0.74,0.7,0.5029675
0.17,0.48,0.72,0.3,0.72,0.71,0.5029675
0.16,0.49,0.71,0.28,0.75,0.72,0.5029677
0.18,0.45,0.74,0.21,0.76,0.72,0.5029677
0.16,0.48,0.71,0.29,0.72,0.71,0.5029678
0.18,0.41,0.72,0.23,0.76,0.71,0.502968
0.18,0.46,0.72,0.29,0.75,0.72,0.502968
0.17,0.47,0.73,0.3,0.74,0.71,0.5029682
0.16,0.44,0.72,0.26,0.72,0.71,0.5029687
0.16,0.44,0.73,0.29,0.76,0.7,0.5029687
0.17,0.5,0.73,0.22,0.75,0.72,0.5029687
0.16,0.41,0.7,0.24,0.73,0.71,0.5029688
0.17,0.43,0.73,0.2,0.75,0.71,0.5029688
0.18,0.47,0.73,0.2,0.76,0.71,0.5029688
0.16,0.4,0.73,0.23,0.76,0.71,0.5029689
0.17,0.48,0.7,0.28,0.75,0.71,0.5029689
0.18,0.48,0.74,0.21,0.74,0.71,0.5029689
0.17,0.47,0.7,0.29,0.72,0.7,0.502969
0.17,0.46,0.73,0.2,0.73,0.7,0.5029692
0.17,0.48,0.71,0.29,0.73,0.72,0.5029692
0.18,0.5,0.72,0.28,0.74,0.71,0.5029694
0.17,0.43,0.71,0.25,0.73,0.72,0.5029696
0.17,0.4,0.74,0.21,0.74,0.72,0.5029697
0.17,0.45,0.7,0.28,0.72,0.7,0.5029698
0.17,0.46,0.74,0.3,0.76,0.71,0.5029698
0.17,0.5,0.73,0.26,0.76,0.72,0.5029699
0.16,0.46,0.75,0.25,0.75,0.71,0.50297
0.18,0.47,0.75,0.26,0.72,0.71,0.50297
0.17,0.46,0.73,0.27,0.72,0.72,0.5029701
0.18,0.48,0.72,0.21,0.75,0.71,0.5029701
0.16,0.43,0.73,0.26,0.74,0.71,0.5029702
0.18,0.47,0.74,0.25,0.75,0.71,0.5029702
0.18,0.48,0.72,0.25,0.76,0.71,0.5029703
0.16,0.49,0.75,0.25,0.73,0.7,0.5029704
0.17,0.49,0.75,0.26,0.75,0.71,0.5029704
0.18,0.49,0.75,0.29,0.75,0.71,0.5029704
0.18,0.48,0.7,0.28,0.76,0.72,0.5029705
0.18,0.49,0.74,0.28,0.73,0.7,0.5029705
0.18,0.47,0.7,0.29,0.73,0.71,0.5029706
0.16,0.4,0.71,0.24,0.75,0.71,0.5029707
0.17,0.45,0.73,0.24,0.74,0.7,0.5029707
0.16,0.44,0.75,0.22,0.72,0.71,0.5029708
0.17,0.5,0.74,0.23,0.73,0.71,0.5029708
0.17,0.42,0.72,0.25,0.75,0.72,0.5029709
0.17,0.47,0.74,0.28,0.74,0.7,0.5029709
0.18,0.49,0.7,0.21,0.76,0.72,0.5029709
0.16,0.48,0.72,0.3,0.75,0.71,0.502971
0.17,0.46,0.75,0.22,0.76,0.72,0.502971
0.17,0.44,0.71,0.28,0.74,0.7,0.5029712
0.18,0.45,0.74,0.22,0.72,0.71,0.5029712
0.17,0.45,0.74,0.27,0.74,0.72,0.5029713
0.18,0.4,0.72,0.22,0.73,0.71,0.5029713
0.16,0.46,0.75,0.28,0.73,0.71,0.5029714
0.18,0.43,0.7,0.27,0.75,0.71,0.5029715
0.17,0.42,0.73,0.24,0.76,0.71,0.5029718
0.18,0.47,0.71,0.29,0.72,0.71,0.5029719
0.18,0.49,0.71,0.22,0.74,0.71,0.5029719
0.16,0.44,0.74,0.21,0.75,0.71,0.5029721
0.17,0.49,0.75,0.22,0.74,0.71,0.5029722
0.18,0.42,0.74,0.22,0.74,0.72,0.5029722
0.17,0.48,0.72,0.3,0.76,0.72,0.5029723
0.18,0.48,0.73,0.22,0.73,0.7,0.5029723
0.18,0.46,0.72,0.29,0.74,0.71,0.5029725
0.18,0.43,0.72,0.27,0.75,0.7,0.5029726
0.16,0.47,0.74,0.21,0.73,0.7,0.5029727
0.16,0.41,0.7,0.24,0.72,0.7,0.5029728
0.16,0.49,0.7,0.27,0.73,0.72,0.5029728
0.17,0.47,0.71,0.3,0.75,0.7,0.5029728
0.17,0.47,0.73,0.3,0.73,0.7,0.5029728
0.16,0.41,0.75,0.22,0.74,0.72,0.5029729
0.18,0.45,0.73,0.21,0.75,0.71,0.5029729
0.18,0.41,0.71,0.23,0.75,0.7,0.502973
0.17,0.44,0.75,0.27,0.76,0.72,0.5029732
0.17,0.5,0.74,0.27,0.74,0.71,0.5029732
0.17,0.43,0.72,0.28,0.76,0.7,0.5029733
0.18,0.49,0.71,0.26,0.75,0.71,0.5029733
0.16,0.4,0.72,0.23,0.75,0.7,0.5029736
0.17,0.43,0.71,0.25,0.72,0.71,0.5029736
0.16,0.5,0.75,0.21,0.75,0.72,0.5029739
0.17,0.43,0.72,0.2,0.74,0.7,0.5029739
0.18,0.5,0.73,0.29,0.72,0.7,0.5029739
0.16,0.42,0.73,0.23,0.72,0.72,0.502974
0.18,0.48,0.73,0.26,0.74,0.7,0.502974
0.16,0.5,0.75,0.25,0.76,0.72,0.5029743
0.17,0.4,0.73,0.21,0.73,0.71,0.5029743
0.18,0.45,0.73,0.29,0.76,0.71,0.5029743
0.18,0.47,0.71,0.3,0.76,0.71,0.5029743
0.18,0.49,0.72,0.23,0.72,0.7,0.5029743
0.17,0.48,0.75,0.26,0.75,0.71,0.5029744
0.18,0.5,0.7,0.23,0.73,0.71,0.5029744
0.16,0.43,0.73,0.26,0.73,0.7,0.5029747
0.17,0.48,0.74,0.24,0.76,0.71,0.5029748
0.16,0.4,0.71,0.24,0.74,0.7,0.5029749
0.17,0.46,0.75,0.23,0.72,0.71,0.502975
0.18,0.45,0.72,0.26,0.72,0.72,0.502975
0.16,0.46,0.74,0.25,0.74,0.7,0.5029752
0.17,0.4,0.72,0.2,0.76,0.71,0.5029752
0.17,0.42,0.72,0.25,0.74,0.71,0.5029753
0.18,0.42,0.7,0.24,0.73,0.72,0.5029754
0.18,0.48,0.75,0.23,0.76,0.72,0.5029754
0.17,0.43,0.75,0.23,0.74,0.72,0.5029755
0.18,0.47,0.73,0.25,0.74,0.7,0.5029755
0.16,0.46,0.7,0.28,0.72,0.72,0.5029756
0.16,0.48,0.71,0.29,0.73,0.71,0.5029756
0.17,0.48,0.74,0.2,0.75,0.71,0.5029756
0.17,0.49,0.75,0.3,0.76,0.71,0.5029756
0.16,0.41,0.74,0.23,0.74,0.72,0.5029757
0.18,0.44,0.73,0.25,0.76,0.71,0.5029757
0.17,0.49,0.72,0.2,0.76,0.72,0.5029758
0.16,0.48,0.75,0.29,0.74,0.7,0.5029759
0.17,0.45,0.74,0.27,0.73,0.71,0.5029759
0.16,0.48,0.7,0.28,0.75,0.7,0.502976
0.16,0.49,0.71,0.28,0.76,0.72,0.502976
0.18,0.43,0.7,0.27,0.74,0.7,0.502976
0.16,0.45,0.71,0.28,0.74,0.72,0.5029761
0.16,0.43,0.74,0.25,0.76,0.71,0.5029762
0.17,0.46,0.74,0.22,0.75,0.71,0.5029762
0.18,0.44,0.73,0.26,0.74,0.72,0.5029762
0.18,0.46,0.74,0.29,0.76,0.71,0.5029763
0.18,0.41,0.71,0.24,0.75,0.72,0.5029766
0.17,0.42,0.72,0.24,0.75,0.7,0.5029769
0.17,0.47,0.7,0.29,0.73,0.7,0.502977
0.17,0.48,0.71,0.29,0.74,0.72,0.502977
0.17,0.49,0.73,0.21,0.74,0.71,0.502977
0.18,0.49,0.72,0.27,0.73,0.7,0.502977
0.18,0.42,0.73,0.22,0.73,0.71,0.5029771
0.18,0.46,0.72,0.29,0.73,0.7,0.5029772
0.16,0.44,0.73,0.21,0.74,0.7,0.5029773
0.17,0.48,0.7,0.28,0.76,0.71,0.5029773
0.17,0.49,0.73,0.25,0.75,0.71,0.5029773
0.17,0.44,0.73,0.28,0.75,0.7,0.5029774
0.18,0.46,0.75,0.2,0.73,0.72,0.5029774
0.18,0.47,0.75,0.28,0.73,0.72,0.5029774
0.16,0.41,0.74,0.22,0.73,0.71,0.5029775
0.16,0.44,0.72,0.28,0.76,0.72,0.5029775
0.17,0.5,0.75,0.28,0.72,0.7,0.5029775
0.16,0.48,0.73,0.3,0.73,0.72,0.5029776
0.17,0.5,0.71,0.21,0.75,0.72,0.502978
0.18,0.42,0.71,0.27,0.76,0.7,0.5029781
0.18,0.43,0.74,0.26,0.76,0.72,0.5029781
0.16,0.41,0.73,0.21,0.76,0.71,0.5029782
0.18,0.42,0.72,0.21,0.76,0.71,0.5029782
0.18,0.45,0.72,0.21,0.74,0.7,0.5029782
0.17,0.5,0.71,0.25,0.76,0.72,0.5029783
0.16,0.47,0.74,0.3,0.75,0.72,0.5029784
0.18,0.47,0.72,0.24,0.75,0.7,0.5029785
0.18,0.47,0.7,0.29,0.74,0.71,0.5029786
0.18,0.48,0.7,0.24,0.76,0.71,0.5029786
0.17,0.45,0.7,0.3,0.76,0.71,0.5029788
0.17,0.4,0.72,0.21,0.72,0.7,0.5029791
0.16,0.48,0.72,0.3,0.76,0.71,0.5029792
0.18,0.47,0.72,0.2,0.74,0.7,0.5029792
0.17,0.5,0.72,0.22,0.73,0.71,0.5029793
0.18,0.48,0.7,0.2,0.75,0.71,0.5029793
0.18,0.48,0.73,0.3,0.75,0.7,0.5029793
0.17,0.49,0.74,0.22,0.72,0.7,0.5029795
0.18,0.42,0.7,0.24,0.72,0.71,0.5029796
0.18,0.45,0.75,0.24,0.74,0.72,0.5029796
0.17,0.48,0.74,0.26,0.74,0.7,0.5029797
0.18,0.48,0.75,0.24,0.72,0.71,0.5029797
0.17,0.42,0.72,0.25,0.73,0.7,0.5029798
0.16,0.41,0.74,0.23,0.73,0.71,0.5029799
0.17,0.45,0.74,0.26,0.76,0.71,0.5029799
0.16,0.47,0.75,0.23,0.75,0.71,0.5029801
0.17,0.4,0.71,0.2,0.75,0.7,0.5029801
0.17,0.41,0.72,0.22,0.72,0.72,0.5029803
0.16,0.45,0.71,0.28,0.73,0.71,0.5029804
0.17,0.43,0.75,0.24,0.73,0.72,0.5029805
0.17,0.5,0.72,0.26,0.74,0.71,0.5029805
0.17,0.43,0.74,0.23,0.73,0.71,0.5029806
0.18,0.48,0.71,0.21,0.73,0.7,0.5029807
0.17,0.44,0.7,0.27,0.74,0.72,0.5029808
0.16,0.49,0.7,0.27,0.74,0.72,0.5029809
0.18,0.44,0.73,0.26,0.73,0.71,0.5029809
0.18,0.48,0.71,0.25,0.74,0.7,0.5029809
0.18,0.48,0.74,0.23,0.75,0.71,0.5029809
0.18,0.41,0.71,0.24,0.74,0.71,0.502981
0.18,0.44,0.72,0.25,0.75,0.7,0.502981
0.17,0.47,0.71,0.3,0.76,0.7,0.5029811
0.17,0.47,0.75,0.3,0.76,0.71,0.5029811
0.17,0.49,0.74,0.26,0.73,0.7,0.5029811
0.16,0.43,0.73,0.25,0.75,0.7,0.5029813
0.17,0.43,0.73,0.22,0.76,0.71,0.5029815
0.17,0.46,0.73,0.22,0.74,0.7,0.5029815
0.18,0.46,0.73,0.29,0.75,0.7,0.5029815
0.16,0.41,0.7,0.26,0.76,0.71,0.5029817
0.16,0.44,0.72,0.28,0.75,0.71,0.5029818
0.17,0.47,0.72,0.29,0.73,0.72,0.5029818
0.17,0.49,0.73,0.29,0.76,0.71,0.5029818
0.17,0.4,0.73,0.22,0.74,0.72,0.5029819
0.16,0.45,0.75,0.2,0.72,0.71,0.502982
0.17,0.43,0.71,0.27,0.76,0.72,0.502982
0.16,0.48,0.73,0.3,0.72,0.71,0.5029821
0.18,0.47,0.75,0.28,0.72,0.71,0.5029821
0.16,0.45,0.74,0.29,0.75,0.7,0.5029823
0.16,0.49,0.75,0.24,0.75,0.71,0.5029823
0.17,0.48,0.7,0.28,0.72,0.72,0.5029823
0.16,0.41,0.73,0.22,0.72,0.7,0.5029824
0.18,0.42,0.72,0.22,0.72,0.7,0.5029824
0.18,0.47,0.72,0.28,0.76,0.7,0.5029824
0.16,0.5,0.73,0.24,0.76,0.72,0.5029825
0.17,0.46,0.73,0.29,0.75,0.72,0.5029826
0.18,0.49,0.7,0.22,0.72,0.7,0.5029827
0.18,0.46,0.74,0.2,0.72,0.71,0.5029828
0.16,0.47,0.74,0.3,0.74,0.71,0.5029829
0.16,0.49,0.75,0.2,0.74,0.71,0.5029829
0.17,0.48,0.72,0.23,0.76,0.71,0.5029829
0.18,0.43,0.74,0.2,0.74,0.72,0.5029829
0.16,0.5,0.73,0.2,0.75,0.72,0.502983
0.16,0.42,0.75,0.2,0.74,0.72,0.5029831
0.16,0.41,0.72,0.21,0.75,0.7,0.5029832
0.17,0.45,0.7,0.3,0.75,0.7,0.5029832
0.18,0.42,0.71,0.21,0.75,0.7,0.5029835
0.16,0.48,0.71,0.29,0.74,0.71,0.5029836
0.17,0.47,0.75,0.2,0.76,0.72,0.5029836
0.17,0.5,0.73,0.27,0.72,0.7,0.5029841
0.18,0.47,0.74,0.27,0.76,0.71,0.5029842
0.18,0.49,0.7,0.26,0.73,0.7,0.5029843
0.16,0.46,0.75,0.27,0.76,0.71,0.5029844
0.16,0.46,0.75,0.3,0.76,0.71,0.5029844
0.16,0.5,0.74,0.21,0.73,0.71,0.5029845
0.18,0.47,0.75,0.28,0.73,0.71,0.5029846
0.16,0.43,0.72,0.25,0.73,0.72,0.5029847
0.18,0.45,0.74,0.24,0.73,0.71,0.5029848
0.16,0.44,0.75,0.24,0.73,0.71,0.5029849
0.16,0.45,0.71,0.28,0.72,0.7,0.5029849
0.16,0.5,0.74,0.25,0.74,0.71,0.5029849
0.17,0.48,0.71,0.29,0.75,0.72,0.5029849
0.17,0.44,0.7,0.27,0.73,0.71,0.502985
0.18,0.46,0.71,0.22,0.76,0.7,0.502985
0.16,0.46,0.74,0.27,0.72,0.72,0.5029851
0.17,0.45,0.73,0.26,0.75,0.7,0.5029852
0.17,0.47,0.7,0.29,0.74,0.7,0.5029852
0.16,0.47,0.74,0.23,0.74,0.7,0.5029854
0.17,0.48,0.73,0.24,0.74,0.7,0.5029854
0.16,0.44,0.74,0.23,0.76,0.71,0.5029856
0.16,0.49,0.75,0.28,0.76,0.71,0.5029856
0.18,0.41,0.71,0.24,0.73,0.7,0.5029856
0.18,0.44,0.73,0.26,0.72,0.7,0.5029856
0.18,0.45,0.73,0.23,0.76,0.71,0.5029856
0.18,0.48,0.71,0.29,0.75,0.7,0.5029856
0.17,0.49,0.71,0.24,0.75,0.71,0.5029857
0.17,0.45,0.74,0.27,0.72,0.7,0.5029858
0.16,0.4,0.7,0.23,0.74,0.72,0.5029859
0.17,0.43,0.73,0.23,0.72,0.7,0.5029859
0.17,0.44,0.75,0.21,0.74,0.72,0.5029859
0.17,0.47,0.75,0.21,0.72,0.71,0.5029859
0.16,0.41,0.7,0.26,0.75,0.7,0.5029861
0.16,0.42,0.73,0.25,0.75,0.72,0.5029861
0.16,0.45,0.75,0.27,0.74,0.72,0.5029861
0.18,0.42,0.74,0.24,0.75,0.72,0.5029861
0.17,0.4,0.73,0.22,0.73,0.71,0.5029862
0.17,0.48,0.73,0.2,0.73,0.7,0.5029862
0.16,0.44,0.72,0.28,0.74,0.7,0.5029863
0.17,0.47,0.74,0.3,0.75,0.7,0.5029863
0.17,0.49,0.71,0.2,0.74,0.71,0.5029863
0.17,0.43,0.71,0.27,0.75,0.71,0.5029864
0.17,0.47,0.72,0.29,0.72,0.71,0.5029864
0.17,0.49,0.74,0.3,0.74,0.7,0.5029864
0.18,0.46,0.71,0.28,0.73,0.72,0.5029864
0.18,0.42,0.74,0.23,0.73,0.72,0.5029866
0.18,0.47,0.7,0.29,0.75,0.71,0.5029866
0.18,0.47,0.7,0.23,0.75,0.7,0.5029867
0.17,0.43,0.72,0.22,0.75,0.7,0.5029868
0.18,0.45,0.72,0.28,0.75,0.72,0.5029871
0.17,0.46,0.73,0.29,0.74,0.71,0.5029872
0.18,0.42,0.7,0.26,0.76,0.72,0.5029873
0.18,0.4,0.71,0.21,0.72,0.72,0.5029875
0.16,0.47,0.74,0.3,0.73,0.7,0.5029876
0.17,0.49,0.72,0.21,0.72,0.7,0.5029878
0.16,0.42,0.74,0.2,0.73,0.71,0.5029879
0.18,0.43,0.73,0.2,0.73,0.71,0.5029879
0.18,0.41,0.71,0.25,0.76,0.7,0.5029881
0.16,0.48,0.74,0.22,0.76,0.71,0.5029882
0.17,0.49,0.72,0.25,0.73,0.7,0.5029882
0.18,0.49,0.73,0.3,0.72,0.72,0.5029882
0.16,0.43,0.73,0.28,0.76,0.7,0.5029883
0.17,0.48,0.75,0.28,0.76,0.71,0.5029885
0.16,0.5,0.75,0.26,0.72,0.7,0.5029886
0.18,0.48,0.74,0.3,0.74,0.72,0.5029886
0.17,0.5,0.7,0.21,0.73,0.71,0.5029887
0.16,0.43,0.72,0.25,0.72,0.71,0.5029888
0.16,0.48,0.7,0.28,0.72,0.71,0.5029888
0.17,0.45,0.74,0.29,0.76,0.71,0.5029888
0.17,0.46,0.75,0.25,0.73,0.71,0.5029888
0.17,0.49,0.71,0.28,0.76,0.71,0.5029888
0.17,0.47,0.74,0.2,0.75,0.71,0.502989
0.17,0.5,0.7,0.25,0.74,0.71,0.502989
0.16,0.5,0.74,0.29,0.75,0.71,0.5029891
0.16,0.49,0.7,0.27,0.75,0.72,0.5029892
0.17,0.48,0.73,0.28,0.75,0.7,0.5029892
0.17,0.46,0.74,0.24,0.76,0.71,0.5029893
0.18,0.47,0.7,0.27,0.76,0.7,0.5029893
0.16,0.4,0.72,0.25,0.76,0.7,0.5029895
0.17,0.44,0.7,0.27,0.72,0.7,0.5029895
0.16,0.46,0.74,0.27,0.75,0.7,0.5029896
0.18,0.47,0.73,0.27,0.75,0.7,0.5029896
0.17,0.45,0.73,0.26,0.72,0.72,0.5029897
0.18,0.46,0.75,0.22,0.74,0.72,0.5029897
0.18,0.47,0.75,0.3,0.76,0.72,0.5029898
0.16,0.4,0.7,0.23,0.73,0.71,0.5029899
0.17,0.43,0.75,0.25,0.75,0.72,0.50299
0.17,0.48,0.7,0.28,0.73,0.72,0.5029901
0.18,0.4,0.73,0.2,0.75,0.72,0.5029901
0.18,0.47,0.74,0.28,0.72,0.7,0.5029901
0.16,0.44,0.74,0.24,0.72,0.7,0.5029902
0.17,0.42,0.71,0.24,0.73,0.72,0.5029902
0.18,0.45,0.73,0.24,0.72,0.7,0.5029902
0.16,0.49,0.73,0.23,0.75,0.71,0.5029903
0.16,0.42,0.73,0.25,0.74,0.71,0.5029904
0.16,0.46,0.75,0.28,0.72,0.7,0.5029907
0.16,0.44,0.73,0.23,0.75,0.7,0.5029908
0.17,0.44,0.74,0.26,0.74,0.72,0.5029908
0.18,0.49,0.75,0.22,0.72,0.71,0.5029908
0.16,0.45,0.75,0.27,0.73,0.71,0.5029909
0.17,0.43,0.71,0.27,0.74,0.7,0.502991
0.18,0.45,0.72,0.23,0.75,0.7,0.502991
0.18,0.46,0.71,0.28,0.72,0.71,0.5029911
0.17,0.44,0.74,0.21,0.73,0.71,0.5029912
0.18,0.42,0.73,0.24,0.74,0.71,0.5029912
0.17,0.41,0.72,0.24,0.75,0.72,0.5029914
0.17,0.47,0.72,0.22,0.75,0.7,0.5029915
0.17,0.5,0.71,0.26,0.72,0.7,0.5029916
0.16,0.48,0.71,0.29,0.75,0.71,0.5029917
0.16,0.5,0.71,0.23,0.76,0.72,0.5029917
0.18,0.42,0.7,0.26,0.75,0.71,0.5029917
0.18,0.45,0.72,0.28,0.74,0.71,0.5029917
0.17,0.46,0.73,0.29,0.73,0.7,0.502992
0.17,0.42,0.72,0.26,0.76,0.7,0.5029922
0.17,0.48,0.7,0.22,0.76,0.71,0.5029922
0.16,0.48,0.75,0.21,0.75,0.71,0.5029923
0.16,0.48,0.72,0.3,0.73,0.72,0.5029924
0.16,0.47,0.71,0.3,0.72,0.7,0.5029926
0.16,0.49,0.73,0.27,0.76,0.71,0.5029926
0.17,0.41,0.74,0.21,0.75,0.72,0.5029927
0.17,0.48,0.71,0.29,0.76,0.72,0.5029929
0.17,0.49,0.72,0.29,0.74,0.7,0.5029929
0.16,0.42,0.73,0.2,0.72,0.7,0.502993
0.16,0.49,0.74,0.24,0.73,0.7,0.5029931
0.16,0.5,0.72,0.24,0.74,0.71,0.5029931
0.17,0.42,0.72,0.27,0.76,0.7,0.5029931
0.18,0.43,0.72,0.2,0.72,0.7,0.5029931
0.17,0.47,0.72,0.26,0.76,0.7,0.5029932
0.18,0.48,0.75,0.26,0.73,0.71,0.5029932
0.18,0.48,0.74,0.3,0.73,0.71,0.5029933
0.17,0.47,0.7,0.29,0.75,0.7,0.5029934
0.16,0.47,0.75,0.25,0.76,0.71,0.5029935
0.17,0.4,0.71,0.22,0.76,0.7,0.5029935
0.18,0.45,0.75,0.26,0.75,0.72,0.5029935
0.16,0.45,0.71,0.3,0.76,0.71,0.5029936
0.16,0.49,0.74,0.2,0.72,0.7,0.5029936
0.17,0.48,0.71,0.23,0.74,0.7,0.5029936
0.18,0.44,0.73,0.28,0.76,0.71,0.5029936
0.16,0.5,0.72,0.2,0.73,0.71,0.5029937
0.17,0.44,0.73,0.2,0.76,0.71,0.5029937
0.16,0.5,0.75,0.3,0.73,0.7,0.5029938
0.16,0.4,0.7,0.23,0.72,0.7,0.5029941
0.17,0.46,0.74,0.25,0.72,0.7,0.5029941
0.17,0.42,0.71,0.24,0.72,0.71,0.5029944
0.17,0.46,0.73,0.24,0.75,0.7,0.5029947
0.17,0.47,0.73,0.2,0.74,0.7,0.5029947
0.16,0.45,0.75,0.22,0.73,0.71,0.5029948
0.18,0.47,0.7,0.29,0.76,0.71,0.5029948
0.17,0.48,0.75,0.29,0.72,0.7,0.502995
0.16,0.42,0.73,0.25,0.73,0.7,0.5029951
0.17,0.43,0.74,0.25,0.74,0.71,0.5029951
0.18,0.4,0.72,0.2,0.74,0.71,0.5029951
0.18,0.44,0.72,0.25,0.72,0.72,0.5029951
0.18,0.46,0.74,0.22,0.73,0.71,0.5029951
0.16,0.45,0.7,0.27,0.72,0.72,0.5029953
0.16,0.41,0.73,0.22,0.72,0.72,0.5029954
0.17,0.44,0.74,0.26,0.73,0.71,0.5029956
0.18,0.43,0.74,0.22,0.75,0.72,0.5029956
0.18,0.49,0.75,0.23,0.76,0.72,0.5029956
0.16,0.44,0.71,0.27,0.74,0.72,0.5029958
0.18,0.44,0.72,0.27,0.76,0.7,0.5029958
0.16,0.42,0.75,0.22,0.75,0.72,0.5029959
0.16,0.5,0.73,0.25,0.72,0.7,0.5029959
0.17,0.41,0.72,0.24,0.74,0.71,0.5029959
0.18,0.43,0.75,0.23,0.72,0.72,0.502996
0.16,0.5,0.72,0.28,0.75,0.71,0.5029962
0.17,0.48,0.71,0.27,0.75,0.7,0.5029962
0.18,0.42,0.7,0.26,0.74,0.7,0.5029963
0.18,0.43,0.73,0.25,0.74,0.72,0.5029963
0.18,0.41,0.7,0.23,0.73,0.72,0.5029964
0.16,0.47,0.73,0.29,0.73,0.72,0.5029965
0.18,0.42,0.72,0.24,0.73,0.7,0.5029965
0.18,0.45,0.72,0.28,0.73,0.7,0.5029965
0.16,0.49,0.74,0.28,0.74,0.7,0.5029966
0.17,0.44,0.73,0.21,0.72,0.7,0.5029966
0.17,0.49,0.7,0.24,0.73,0.7,0.5029966
0.18,0.46,0.75,0.27,0.73,0.72,0.5029966
0.16,0.48,0.7,0.28,0.73,0.71,0.5029967
0.18,0.5,0.73,0.3,0.72,0.7,0.5029967
0.16,0.43,0.73,0.27,0.76,0.7,0.5029968
0.16,0.45,0.74,0.21,0.76,0.71,0.5029968
0.16,0.4,0.74,0.22,0.74,0.72,0.5029971
0.16,0.43,0.72,0.27,0.76,0.72,0.5029971
0.18,0.42,0.71,0.23,0.76,0.7,0.5029971
0.17,0.49,0.7,0.2,0.72,0.7,0.5029972
0.16,0.48,0.72,0.21,0.76,0.71,0.5029973
0.16,0.41,0.72,0.23,0.76,0.7,0.5029974
0.16,0.46,0.74,0.29,0.75,0.72,0.5029974
0.18,0.4,0.71,0.23,0.75,0.72,0.5029975
0.18,0.5,0.74,0.24,0.75,0.72,0.5029976
0.16,0.49,0.7,0.27,0.76,0.72,0.5029977
0.17,0.41,0.73,0.21,0.74,0.71,0.5029977
0.18,0.46,0.73,0.21,0.76,0.71,0.5029978
0.16,0.45,0.71,0.3,0.75,0.7,0.502998
0.17,0.48,0.7,0.28,0.74,0.72,0.502998
0.17,0.44,0.7,0.29,0.76,0.71,0.5029982
0.18,0.48,0.74,0.3,0.72,0.7,0.5029982
0.18,0.41,0.71,0.26,0.76,0.7,0.5029984
0.16,0.48,0.73,0.22,0.74,0.7,0.5029987
0.18,0.46,0.71,0.3,0.76,0.72,0.5029987
0.16,0.47,0.75,0.26,0.72,0.7,0.5029988
0.17,0.47,0.75,0.23,0.73,0.71,0.5029988
0.18,0.5,0.74,0.2,0.74,0.72,0.5029988
0.16,0.47,0.74,0.25,0.75,0.7,0.5029989
0.17,0.44,0.75,0.23,0.75,0.72,0.5029989
0.18,0.45,0.74,0.26,0.74,0.71,0.5029989
0.18,0.48,0.74,0.26,0.72,0.7,0.5029989
0.17,0.44,0.72,0.2,0.75,0.7,0.5029992
0.17,0.46,0.71,0.2,0.76,0.7,0.5029993
0.18,0.5,0.75,0.3,0.72,0.7,0.5029994
0.16,0.49,0.71,0.22,0.75,0.71,0.5029995
0.16,0.44,0.75,0.26,0.74,0.71,0.5029997
0.16,0.48,0.71,0.29,0.76,0.71,0.503
0.16,0.48,0.72,0.3,0.74,0.72,0.503
0.16,0.44,0.71,0.27,0.73,0.71,0.5030001
0.16,0.45,0.74,0.22,0.72,0.7,0.5030002
0.16,0.5,0.73,0.29,0.73,0.7,0.5030002
0.17,0.45,0.73,0.28,0.76,0.7,0.5030002
0.18,0.4,0.71,0.2,0.73,0.7,0.5030002
0.18,0.5,0.74,0.28,0.76,0.72,0.5030002
0.16,0.48,0.73,0.26,0.75,0.7,0.5030003
0.16,0.47,0.71,0.3,0.73,0.7,0.5030004
0.17,0.43,0.73,0.25,0.73,0.7,0.5030004
0.17,0.41,0.72,0.24,0.73,0.7,0.5030005
0.17,0.47,0.74,0.22,0.76,0.71,0.5030007
0.18,0.41,0.7,0.23,0.72,0.71,0.5030007
0.18,0.46,0.73,0.22,0.72,0.7,0.5030007
0.17,0.43,0.7,0.26,0.74,0.72,0.5030008
0.17,0.43,0.72,0.24,0.76,0.7,0.5030008
0.16,0.42,0.74,0.22,0.74,0.71,0.5030009
0.16,0.49,0.71,0.26,0.76,0.71,0.5030009
0.17,0.46,0.72,0.28,0.73,0.72,0.5030009
0.17,0.47,0.7,0.21,0.75,0.7,0.5030009
0.18,0.43,0.73,0.22,0.74,0.71,0.5030009
0.16,0.47,0.73,0.29,0.72,0.71,0.5030011
0.16,0.49,0.72,0.23,0.73,0.7,0.5030011
0.18,0.43,0.73,0.25,0.73,0.71,0.5030011
0.18,0.5,0.75,0.25,0.73,0.71,0.5030011
0.17,0.42,0.75,0.23,0.73,0.72,0.5030012
0.17,0.47,0.7,0.25,0.76,0.7,0.5030012
0.18,0.5,0.75,0.21,0.72,0.71,0.5030013
0.16,0.43,0.72,0.27,0.75,0.71,0.5030015
0.17,0.47,0.71,0.3,0.74,0.71,0.5030015
0.17,0.47,0.7,0.29,0.76,0.7,0.5030018
0.17,0.45,0.73,0.28,0.75,0.72,0.5030019
0.18,0.4,0.71,0.23,0.74,0.71,0.503002
0.16,0.46,0.74,0.29,0.74,0.71,0.5030021
0.18,0.47,0.75,0.2,0.74,0.72,0.5030021
0.17,0.42,0.71,0.26,0.76,0.72,0.5030022
0.16,0.45,0.73,0.21,0.75,0.7,0.5030023
0.16,0.4,0.7,0.25,0.76,0.71,0.5030025
0.16,0.5,0.7,0.23,0.74,0.71,0.5030025
0.17,0.4,0.72,0.21,0.72,0.72,0.5030025
0.17,0.49,0.74,0.3,0.72,0.72,0.5030025
0.17,0.44,0.7,0.29,0.75,0.7,0.5030026
0.18,0.46,0.75,0.24,0.75,0.72,0.5030027
0.17,0.41,0.72,0.21,0.73,0.7,0.5030029
0.18,0.4,0.73,0.22,0.76,0.72,0.5030029
0.18,0.47,0.71,0.3,0.75,0.72,0.5030029
0.17,0.48,0.75,0.3,0.74,0.72,0.503003
0.17,0.49,0.75,0.27,0.72,0.7,0.503003
0.17,0.46,0.75,0.27,0.74,0.71,0.5030032
0.18,0.46,0.71,0.3,0.75,0.71,0.5030033
0.18,0.49,0.75,0.24,0.73,0.71,0.5030033
0.16,0.45,0.75,0.29,0.76,0.71,0.5030035
0.18,0.46,0.72,0.21,0.75,0.7,0.5030035
0.17,0.42,0.75,0.2,0.72,0.72,0.5030036
0.18,0.46,0.7,0.3,0.74,0.7,0.5030036
0.16,0.49,0.72,0.27,0.74,0.7,0.5030037
0.18,0.49,0.73,0.22,0.76,0.72,0.503004
0.16,0.5,0.71,0.24,0.72,0.7,0.5030041
0.17,0.44,0.74,0.23,0.74,0.71,0.5030043
0.16,0.48,0.75,0.23,0.76,0.71,0.5030044
0.18,0.45,0.73,0.26,0.73,0.7,0.5030044
0.18,0.47,0.73,0.29,0.76,0.7,0.5030044
0.17,0.47,0.74,0.23,0.72,0.7,0.5030045
0.16,0.44,0.71,0.27,0.72,0.7,0.5030047
0.18,0.5,0.75,0.29,0.74,0.71,0.5030047
0.16,0.45,0.74,0.26,0.72,0.72,0.5030048
0.16,0.48,0.7,0.28,0.74,0.71,0.5030048
0.17,0.41,0.71,0.2,0.76,0.7,0.5030048
0.18,0.45,0.72,0.25,0.76,0.7,0.5030048
0.16,0.44,0.73,0.25,0.76,0.7,0.503005
0.16,0.46,0.74,0.29,0.76,0.7,0.503005
0.17,0.43,0.7,0.26,0.73,0.71,0.503005
0.16,0.44,0.74,0.26,0.73,0.7,0.5030051
0.16,0.42,0.72,0.24,0.73,0.72,0.5030053
0.16,0.48,0.71,0.29,0.72,0.72,0.5030056
0.16,0.48,0.73,0.3,0.76,0.7,0.5030056
0.16,0.47,0.72,0.24,0.76,0.7,0.5030057
0.17,0.46,0.72,0.28,0.72,0.71,0.5030057
0.16,0.44,0.75,0.26,0.74,0.72,0.5030058
0.18,0.44,0.75,0.21,0.72,0.72,0.5030058
0.18,0.45,0.71,0.27,0.73,0.72,0.5030058
0.17,0.48,0.7,0.28,0.75,0.72,0.5030059
0.17,0.41,0.74,0.23,0.76,0.72,0.503006
0.16,0.43,0.72,0.27,0.74,0.7,0.5030061
0.16,0.47,0.72,0.2,0.75,0.7,0.5030061
0.18,0.5,0.72,0.23,0.75,0.72,0.5030062
0.16,0.42,0.73,0.22,0.73,0.7,0.5030063
0.18,0.43,0.72,0.22,0.73,0.7,0.5030063
0.18,0.49,0.74,0.23,0.74,0.71,0.5030064
0.16,0.46,0.75,0.2,0.73,0.71,0.5030065
0.17,0.45,0.73,0.28,0.74,0.71,0.5030065
0.17,0.42,0.71,0.26,0.75,0.71,0.5030066
0.16,0.43,0.75,0.2,0.75,0.72,0.5030067
0.18,0.44,0.72,0.27,0.75,0.72,0.5030067
0.16,0.41,0.73,0.24,0.75,0.72,0.5030068
0.17,0.47,0.7,0.29,0.72,0.71,0.5030068
0.18,0.4,0.71,0.23,0.73,0.7,0.5030068
0.16,0.4,0.7,0.25,0.75,0.7,0.5030069
0.16,0.46,0.74,0.29,0.73,0.7,0.5030069
0.18,0.44,0.74,0.2,0.75,0.72,0.5030069
0.16,0.48,0.7,0.2,0.76,0.71,0.503007
0.18,0.48,0.73,0.29,0.72,0.72,0.5030071
0.18,0.48,0.75,0.28,0.74,0.71,0.5030072
0.18,0.47,0.74,0.29,0.74,0.72,0.5030074
0.16,0.45,0.7,0.29,0.75,0.72,0.5030075
0.18,0.5,0.72,0.27,0.76,0.72,0.5030076
0.16,0.48,0.72,0.3,0.75,0.72,0.5030077
0.18,0.41,0.7,0.25,0.76,0.72,0.5030077
0.17,0.48,0.75,0.3,0.73,0.71,0.5030078
0.18,0.47,0.74,0.2,0.73,0.71,0.5030078
0.16,0.42,0.72,0.21,0.76,0.7,0.5030079
0.16,0.48,0.71,0.21,0.74,0.7,0.503008
0.18,0.4,0.72,0.22,0.75,0.71,0.503008
0.18,0.46,0.71,0.3,0.74,0.7,0.503008
0.18,0.47,0.7,0.29,0.73,0.72,0.5030081
0.18,0.41,0.74,0.22,0.73,0.72,0.5030082
0.18,0.46,0.74,0.24,0.74,0.71,0.5030082
0.18,0.49,0.74,0.27,0.75,0.71,0.5030082
0.16,0.47,0.71,0.3,0.74,0.7,0.5030083
0.17,0.44,0.74,0.28,0.76,0.71,0.5030083
0.16,0.45,0.75,0.24,0.74,0.71,0.5030084
0.16,0.48,0.71,0.25,0.75,0.7,0.5030085
0.18,0.43,0.71,0.21,0.76,0.7,0.5030085
0.16,0.48,0.75,0.24,0.72,0.7,0.5030086
0.18,0.5,0.73,0.24,0.73,0.71,0.5030086
0.17,0.46,0.74,0.27,0.73,0.7,0.5030087
0.18,0.46,0.75,0.29,0.76,0.72,0.5030087
0.17,0.46,0.73,0.26,0.76,0.7,0.5030088
0.18,0.43,0.74,0.24,0.76,0.72,0.5030089
0.18,0.49,0.74,0.24,0.72,0.7,0.503009
0.17,0.47,0.71,0.3,0.75,0.71,0.5030093
0.17,0.49,0.75,0.21,0.76,0.72,0.5030093
0.16,0.42,0.72,0.24,0.72,0.71,0.5030095
0.17,0.43,0.7,0.26,0.72,0.7,0.5030095
0.18,0.45,0.72,0.3,0.76,0.7,0.5030096
0.17,0.45,0.75,0.21,0.75,0.72,0.5030097
0.17,0.44,0.73,0.23,0.73,0.7,0.5030098
0.17,0.44,0.73,0.25,0.72,0.72,0.5030098
0.18,0.5,0.73,0.2,0.72,0.71,0.5030098
0.16,0.42,0.75,0.24,0.76,0.72,0.5030099
0.16,0.49,0.7,0.22,0.73,0.7,0.5030105
0.18,0.45,0.71,0.27,0.72,0.71,0.5030105
0.18,0.47,0.71,0.3,0.76,0.72,0.5030105
0.16,0.44,0.75,0.26,0.73,0.71,0.5030107
0.17,0.48,0.75,0.21,0.73,0.71,0.5030107
0.17,0.5,0.74,0.22,0.75,0.72,0.5030109
0.17,0.43,0.74,0.25,0.74,0.72,0.503011
0.17,0.41,0.73,0.23,0.75,0.71,0.5030111
0.17,0.41,0.71,0.23,0.73,0.72,0.5030112
0.16,0.41,0.73,0.24,0.74,0.71,0.5030113
0.17,0.42,0.71,0.26,0.74,0.7,0.5030113
0.17,0.44,0.72,0.22,0.76,0.7,0.5030114
0.17,0.45,0.73,0.28,0.73,0.7,0.5030114
0.18,0.44,0.72,0.27,0.74,0.71,0.5030114
0.18,0.5,0.73,0.28,0.74,0.71,0.5030114
0.17,0.5,0.74,0.26,0.76,0.72,0.5030115
0.18,0.46,0.7,0.3,0.75,0.7,0.5030117
0.16,0.45,0.7,0.29,0.74,0.71,0.5030118
0.16,0.49,0.7,0.26,0.74,0.7,0.5030119
0.16,0.43,0.74,0.2,0.74,0.71,0.503012
0.16,0.46,0.74,0.2,0.72,0.7,0.5030121
0.17,0.47,0.75,0.25,0.74,0.71,0.5030121
0.18,0.41,0.7,0.25,0.75,0.71,0.5030123
0.18,0.47,0.74,0.29,0.73,0.71,0.5030123
0.18,0.44,0.73,0.2,0.74,0.71,0.5030124
0.17,0.4,0.72,0.23,0.75,0.72,0.5030125
0.18,0.48,0.73,0.25,0.76,0.71,0.5030125
0.16,0.48,0.71,0.29,0.76,0.7,0.5030126
0.17,0.44,0.75,0.25,0.76,0.72,0.5030126
0.17,0.48,0.75,0.3,0.72,0.7,0.5030127
0.16,0.47,0.74,0.27,0.76,0.7,0.503013
0.16,0.48,0.7,0.28,0.75,0.71,0.503013
0.18,0.48,0.74,0.28,0.73,0.7,0.503013
0.16,0.44,0.71,0.29,0.76,0.71,0.5030131
0.16,0.48,0.71,0.29,0.73,0.72,0.5030132
0.18,0.48,0.73,0.21,0.75,0.71,0.5030132
0.17,0.46,0.72,0.3,0.76,0.72,0.5030133
0.18,0.41,0.74,0.21,0.73,0.72,0.5030133
0.18,0.43,0.73,0.27,0.76,0.71,0.5030133
0.16,0.47,0.75,0.28,0.73,0.7,0.5030134
0.18,0.4,0.71,0.22,0.74,0.7,0.5030134
0.18,0.47,0.75,0.22,0.75,0.72,0.5030134
0.16,0.47,0.7,0.29,0.72,0.7,0.5030135
0.18,0.41,0.73,0.2,0.76,0.72,0.5030135
0.18,0.49,0.71,0.21,0.76,0.72,0.5030135
0.17,0.5,0.75,0.23,0.73,0.71,0.5030136
0.18,0.47,0.73,0.2,0.72,0.7,0.5030136
0.18,0.45,0.74,0.28,0.75,0.71,0.5030137
0.16,0.4,0.74,0.2,0.76,0.72,0.5030139
0.16,0.45,0.74,0.24,0.73,0.7,0.5030139
0.18,0.46,0.73,0.24,0.73,0.7,0.5030139
0.17,0.48,0.7,0.28,0.76,0.72,0.5030141
0.16,0.4,0.75,0.21,0.73,0.72,0.5030142
0.18,0.43,0.73,0.24,0.75,0.71,0.5030144
0.17,0.47,0.7,0.29,0.73,0.71,0.5030145
0.16,0.47,0.7,0.23,0.76,0.7,0.5030146
0.18,0.49,0.72,0.22,0.74,0.71,0.5030149
0.16,0.42,0.74,0.24,0.75,0.71,0.5030151
0.16,0.45,0.73,0.23,0.76,0.7,0.5030152
0.17,0.45,0.74,0.21,0.74,0.71,0.5030152
0.17,0.5,0.75,0.27,0.74,0.71,0.5030153
0.16,0.44,0.7,0.26,0.72,0.72,0.5030154
0.18,0.49,0.72,0.26,0.75,0.71,0.5030154
0.16,0.48,0.72,0.3,0.76,0.72,0.5030155
0.17,0.41,0.71,0.23,0.72,0.71,0.5030155
0.18,0.46,0.72,0.23,0.76,0.7,0.5030156
0.17,0.42,0.75,0.22,0.73,0.72,0.5030157
0.18,0.47,0.7,0.29,0.74,0.72,0.5030157
0.16,0.46,0.73,0.28,0.73,0.72,0.5030158
0.18,0.43,0.72,0.24,0.72,0.72,0.5030158
0.18,0.5,0.7,0.22,0.75,0.72,0.5030158
0.17,0.43,0.74,0.25,0.73,0.71,0.5030159
0.16,0.41,0.73,0.24,0.73,0.7,0.503016
0.16,0.43,0.71,0.26,0.74,0.72,0.503016
0.17,0.42,0.74,0.21,0.76,0.72,0.503016
0.18,0.5,0.74,0.29,0.72,0.7,0.503016
0.18,0.46,0.75,0.26,0.76,0.72,0.5030162
0.18,0.5,0.7,0.26,0.76,0.72,0.5030162
0.18,0.44,0.72,0.27,0.73,0.7,0.5030163
0.16,0.45,0.7,0.29,0.73,0.7,0.5030164
0.18,0.45,0.75,0.26,0.73,0.72,0.5030164
0.18,0.49,0.75,0.26,0.74,0.71,0.5030164
0.16,0.47,0.71,0.3,0.75,0.7,0.5030165
0.17,0.41,0.72,0.23,0.74,0.7,0.5030165
0.17,0.48,0.74,0.21,0.72,0.7,0.5030165
0.16,0.45,0.74,0.28,0.75,0.72,0.5030167
0.18,0.42,0.73,0.24,0.74,0.72,0.5030169
0.17,0.4,0.72,0.23,0.74,0.71,0.503017
0.18,0.41,0.7,0.25,0.74,0.7,0.503017
0.16,0.49,0.75,0.3,0.72,0.72,0.5030171
0.17,0.47,0.71,0.3,0.73,0.71,0.5030171
0.18,0.46,0.7,0.29,0.74,0.72,0.5030171
0.18,0.5,0.71,0.23,0.73,0.71,0.5030172
0.16,0.42,0.72,0.26,0.76,0.72,0.5030173
0.18,0.47,0.74,0.29,0.72,0.7,0.5030173
0.18,0.5,0.72,0.29,0.72,0.7,0.5030173
0.16,0.43,0.73,0.2,0.73,0.7,0.5030175
0.17,0.47,0.71,0.3,0.76,0.71,0.5030175
0.17,0.49,0.75,0.29,0.73,0.7,0.5030175
0.18,0.49,0.73,0.23,0.72,0.7,0.5030176
0.16,0.44,0.71,0.29,0.75,0.7,0.5030177
0.17,0.47,0.74,0.25,0.73,0.7,0.5030177
0.16,0.4,0.73,0.21,0.72,0.72,0.5030178
0.17,0.43,0.7,0.28,0.76,0.71,0.5030179
0.17,0.46,0.72,0.3,0.75,0.71,0.5030179
0.18,0.45,0.71,0.29,0.76,0.72,0.5030179
0.18,0.4,0.7,0.22,0.73,0.72,0.503018
0.17,0.44,0.74,0.25,0.75,0.71,0.5030181
0.18,0.44,0.72,0.2,0.73,0.7,0.5030181
0.17,0.46,0.75,0.29,0.75,0.71,0.5030182
0.18,0.41,0.73,0.21,0.72,0.71,0.5030183
0.17,0.49,0.73,0.2,0.76,0.72,0.5030184
0.18,0.44,0.75,0.23,0.73,0.72,0.5030185
0.16,0.46,0.75,0.22,0.74,0.71,0.5030188
0.18,0.41,0.72,0.2,0.75,0.71,0.5030188
0.18,0.5,0.71,0.27,0.74,0.71,0.5030189
0.18,0.44,0.74,0.22,0.76,0.72,0.503019
0.16,0.4,0.73,0.2,0.75,0.71,0.5030191
0.16,0.4,0.74,0.21,0.72,0.71,0.5030192
0.16,0.43,0.75,0.22,0.76,0.72,0.5030192
0.18,0.47,0.74,0.22,0.74,0.71,0.5030192
0.18,0.45,0.73,0.28,0.74,0.7,0.5030193
0.17,0.49,0.74,0.25,0.75,0.71,0.5030196
0.18,0.49,0.73,0.27,0.73,0.7,0.5030196
0.17,0.5,0.72,0.25,0.76,0.72,0.50302
0.18,0.46,0.7,0.3,0.76,0.7,0.50302
0.16,0.49,0.75,0.22,0.72,0.7,0.5030201
0.18,0.43,0.72,0.24,0.74,0.7,0.5030201
0.17,0.49,0.74,0.21,0.74,0.71,0.5030202
0.16,0.43,0.71,0.26,0.73,0.71,0.5030203
0.17,0.45,0.72,0.27,0.73,0.72,0.5030204
0.16,0.42,0.73,0.24,0.74,0.7,0.5030205
0.16,0.46,0.73,0.28,0.72,0.71,0.5030205
0.17,0.5,0.72,0.21,0.75,0.72,0.5030205
0.16,0.48,0.71,0.29,0.74,0.72,0.5030209
0.17,0.42,0.74,0.22,0.72,0.71,0.5030209
0.17,0.45,0.73,0.21,0.73,0.7,0.5030209
0.18,0.48,0.71,0.24,0.76,0.71,0.503021
0.16,0.47,0.7,0.29,0.73,0.7,0.5030213
0.16,0.48,0.7,0.28,0.76,0.71,0.5030214
0.17,0.42,0.7,0.25,0.74,0.72,0.5030214
0.17,0.42,0.73,0.21,0.75,0.71,0.5030214
0.17,0.44,0.73,0.27,0.75,0.72,0.5030214
0.17,0.48,0.74,0.29,0.72,0.72,0.5030214
0.16,0.45,0.74,0.28,0.74,0.71,0.5030215
0.18,0.42,0.73,0.24,0.73,0.71,0.5030217
0.16,0.42,0.72,0.26,0.75,0.71,0.5030218
0.18,0.46,0.7,0.29,0.73,0.71,0.5030218
0.18,0.46,0.74,0.26,0.75,0.71,0.5030218
0.18,0.48,0.75,0.3,0.75,0.71,0.5030218
0.17,0.4,0.72,0.23,0.73,0.7,0.5030219
0.17,0.47,0.75,0.29,0.74,0.72,0.5030219
0.16,0.48,0.75,0.26,0.73,0.7,0.5030221
0.17,0.47,0.71,0.3,0.72,0.7,0.5030221
0.17,0.5,0.73,0.22,0.73,0.71,0.5030221
0.17,0.45,0.75,0.23,0.76,0.72,0.5030223
0.17,0.47,0.7,0.29,0.74,0.71,0.5030223
0.16,0.45,0.75,0.26,0.75,0.71,0.5030224
0.18,0.4,0.72,0.24,0.76,0.71,0.5030224
0.18,0.4,0.7,0.22,0.72,0.71,0.5030225
0.18,0.48,0.71,0.2,0.75,0.71,0.5030225
0.17,0.43,0.7,0.28,0.75,0.7,0.5030226
0.17,0.48,0.75,0.23,0.74,0.71,0.5030226
0.18,0.45,0.71,0.29,0.75,0.71,0.5030226
0.17,0.41,0.71,0.25,0.76,0.72,0.5030227
0.17,0.46,0.72,0.3,0.74,0.7,0.5030227
0.17,0.5,0.73,0.26,0.74,0.71,0.5030227
0.18,0.46,0.75,0.27,0.72,0.71,0.5030227
0.18,0.5,0.72,0.28,0.72,0.7,0.503023
0.18,0.47,0.7,0.29,0.75,0.72,0.5030234
0.17,0.49,0.74,0.29,0.76,0.71,0.5030235
0.17,0.44,0.73,0.25,0.74,0.7,0.5030237
0.17,0.46,0.74,0.29,0.74,0.7,0.5030238
0.18,0.48,0.72,0.25,0.74,0.7,0.5030239
0.18,0.49,0.7,0.25,0.75,0.71,0.503024
0.18,0.44,0.74,0.23,0.72,0.71,0.5030241
0.17,0.45,0.73,0.3,0.76,0.7,0.5030242
0.18,0.41,0.71,0.2,0.74,0.7,0.5030242
0.16,0.5,0.74,0.24,0.76,0.72,0.5030243
0.16,0.4,0.72,0.2,0.74,0.7,0.5030244
0.16,0.43,0.75,0.23,0.72,0.71,0.5030244
0.16,0.46,0.74,0.22,0.73,0.7,0.5030244
0.18,0.48,0.72,0.21,0.73,0.7,0.5030244
0.17,0.45,0.72,0.2,0.76,0.7,0.5030245
0.18,0.49,0.7,0.21,0.74,0.71,0.5030245
0.18,0.44,0.73,0.22,0.75,0.71,0.5030246
0.16,0.43,0.74,0.22,0.75,0.71,0.5030248
0.16,0.47,0.71,0.3,0.76,0.7,0.5030248
0.16,0.43,0.71,0.26,0.72,0.7,0.5030249
0.16,0.44,0.74,0.25,0.72,0.72,0.5030249
0.18,0.47,0.73,0.22,0.73,0.7,0.5030252
0.17,0.45,0.72,0.27,0.72,0.71,0.5030253
0.17,0.48,0.73,0.23,0.76,0.71,0.5030255
0.16,0.5,0.74,0.2,0.75,0.72,0.5030256
0.17,0.42,0.7,0.25,0.73,0.71,0.5030257
0.18,0.44,0.71,0.26,0.73,0.72,0.5030258
0.16,0.43,0.75,0.25,0.74,0.72,0.5030259
0.17,0.47,0.75,0.27,0.75,0.71,0.5030259
0.18,0.47,0.75,0.24,0.76,0.72,0.5030259
0.17,0.41,0.73,0.25,0.76,0.71,0.5030262
0.18,0.49,0.71,0.22,0.72,0.7,0.5030262
0.17,0.43,0.75,0.2,0.73,0.72,0.5030263
0.17,0.44,0.73,0.27,0.74,0.71,0.5030263
0.18,0.47,0.73,0.28,0.72,0.72,0.5030263
0.16,0.41,0.72,0.23,0.73,0.72,0.5030264
0.16,0.45,0.74,0.28,0.73,0.7,0.5030264
0.16,0.42,0.72,0.26,0.74,0.7,0.5030266
0.18,0.46,0.74,0.28,0.74,0.72,0.5030266
0.18,0.48,0.75,0.2,0.75,0.72,0.5030266
0.17,0.5,0.74,0.27,0.72,0.7,0.5030267
0.18,0.46,0.7,0.29,0.72,0.7,0.5030268
0.16,0.48,0.7,0.28,0.72,0.72,0.5030269
0.17,0.47,0.75,0.29,0.73,0.71,0.5030269
0.18,0.43,0.72,0.26,0.75,0.72,0.5030269
0.16,0.47,0.72,0.3,0.74,0.72,0.503027
0.17,0.42,0.72,0.21,0.74,0.7,0.503027
0.18,0.49,0.71,0.26,0.73,0.7,0.503027
0.16,0.44,0.7,0.28,0.75,0.72,0.5030272
0.16,0.5,0.75,0.25,0.74,0.71,0.5030273
0.17,0.41,0.71,0.25,0.75,0.71,0.5030273
0.18,0.45,0.71,0.29,0.74,0.7,0.5030274
0.16,0.46,0.73,0.21,0.76,0.7,0.5030275
0.18,0.48,0.74,0.3,0.74,0.7,0.5030275
0.16,0.5,0.75,0.21,0.73,0.71,0.5030276
0.17,0.45,0.75,0.24,0.72,0.71,0.5030276
0.18,0.46,0.73,0.26,0.74,0.7,0.5030276
0.17,0.45,0.74,0.23,0.75,0.71,0.5030278
0.18,0.48,0.72,0.29,0.75,0.7,0.5030278
0.16,0.46,0.73,0.3,0.76,0.72,0.5030279
0.18,0.4,0.71,0.24,0.75,0.7,0.5030279
0.18,0.45,0.75,0.28,0.76,0.72,0.5030279
0.16,0.4,0.73,0.23,0.75,0.72,0.503028
0.16,0.45,0.74,0.26,0.74,0.7,0.503028
0.17,0.49,0.72,0.24,0.75,0.71,0.503028
0.16,0.47,0.75,0.3,0.74,0.7,0.5030285
0.17,0.48,0.74,0.23,0.73,0.7,0.5030285
0.16,0.48,0.71,0.29,0.75,0.72,0.5030286
0.18,0.4,0.7,0.24,0.76,0.72,0.5030286
0.18,0.43,0.73,0.26,0.76,0.71,0.5030287
0.18,0.45,0.75,0.21,0.73,0.72,0.503029
0.18,0.44,0.72,0.29,0.76,0.7,0.5030292
0.17,0.49,0.72,0.2,0.74,0.71,0.5030293
0.16,0.47,0.7,0.29,0.74,0.7,0.5030294
0.17,0.5,0.7,0.24,0.76,0.72,0.5030294
0.18,0.47,0.71,0.23,0.75,0.7,0.5030299
0.18,0.49,0.75,0.28,0.75,0.71,0.50303
0.16,0.42,0.74,0.26,0.76,0.71,0.5030303
0.17,0.47,0.7,0.29,0.75,0.71,0.5030303
0.16,0.43,0.73,0.22,0.74,0.7,0.5030304
0.17,0.42,0.7,0.25,0.72,0.7,0.5030304
0.18,0.44,0.72,0.22,0.74,0.7,0.5030304
0.17,0.43,0.73,0.24,0.72,0.72,0.5030305
0.17,0.49,0.72,0.28,0.76,0.71,0.5030305
0.17,0.5,0.7,0.2,0.75,0.72,0.5030306
0.18,0.44,0.71,0.26,0.72,0.71,0.5030306
0.16,0.5,0.75,0.29,0.75,0.71,0.5030307
0.16,0.41,0.72,0.23,0.72,0.71,0.5030308
0.16,0.44,0.75,0.2,0.76,0.72,0.5030308
0.17,0.49,0.73,0.25,0.73,0.7,0.503031
0.16,0.47,0.75,0.2,0.74,0.71,0.5030311
0.17,0.5,0.71,0.25,0.74,0.71,0.5030311
0.17,0.44,0.73,0.27,0.73,0.7,0.5030313
0.18,0.41,0.72,0.22,0.76,0.71,0.5030313
0.18,0.47,0.7,0.29,0.76,0.72,0.5030313
0.18,0.45,0.74,0.2,0.76,0.72,0.5030314
0.17,0.48,0.74,0.28,0.75,0.7,0.5030315
0.17,0.49,0.73,0.21,0.72,0.7,0.5030315
0.18,0.47,0.75,0.25,0.72,0.71,0.5030315
0.16,0.44,0.7,0.28,0.74,0.71,0.5030316
0.17,0.41,0.72,0.25,0.75,0.7,0.5030316
0.17,0.42,0.74,0.24,0.74,0.72,0.5030316
0.17,0.47,0.74,0.27,0.74,0.7,0.5030316
0.18,0.46,0.74,0.28,0.73,0.71,0.5030316
0.17,0.43,0.74,0.2,0.72,0.71,0.5030317
0.17,0.46,0.71,0.29,0.74,0.72,0.5030317
0.17,0.5,0.71,0.21,0.73,0.71,0.5030317
0.18,0.43,0.72,0.26,0.74,0.71,0.5030317
0.18,0.47,0.74,0.24,0.75,0.71,0.5030317
0.16,0.46,0.75,0.24,0.75,0.71,0.5030318
0.16,0.47,0.72,0.3,0.73,0.71,0.5030318
0.18,0.47,0.71,0.27,0.76,0.7,0.5030318
0.17,0.41,0.71,0.25,0.74,0.7,0.5030321
0.18,0.44,0.75,0.25,0.74,0.72,0.5030321
0.16,0.4,0.73,0.22,0.76,0.71,0.5030322
0.18,0.48,0.7,0.24,0.74,0.7,0.5030323
0.16,0.4,0.73,0.23,0.74,0.71,0.5030325
0.18,0.48,0.74,0.2,0.74,0.71,0.5030325
0.16,0.46,0.73,0.3,0.75,0.71,0.5030326
0.17,0.45,0.72,0.29,0.76,0.72,0.5030326
0.16,0.49,0.74,0.23,0.75,0.71,0.5030328
0.17,0.44,0.74,0.27,0.76,0.71,0.5030328
0.16,0.43,0.71,0.28,0.76,0.71,0.5030329
0.18,0.5,0.73,0.3,0.72,0.71,0.5030329
0.17,0.4,0.71,0.22,0.73,0.72,0.503033
0.18,0.4,0.7,0.24,0.75,0.71,0.5030333
0.16,0.5,0.72,0.23,0.76,0.72,0.5030336
0.17,0.45,0.73,0.23,0.74,0.7,0.5030336
0.17,0.46,0.75,0.21,0.76,0.72,0.5030337
0.18,0.48,0.7,0.2,0.73,0.7,0.5030337
0.17,0.4,0.74,0.2,0.74,0.72,0.5030341
0.17,0.5,0.72,0.26,0.72,0.7,0.5030342
0.18,0.43,0.72,0.26,0.75,0.7,0.5030343
0.17,0.42,0.73,0.23,0.76,0.71,0.5030344
0.16,0.49,0.74,0.27,0.76,0.71,0.5030345
0.16,0.48,0.7,0.28,0.73,0.72,0.5030346
0.16,0.44,0.75,0.21,0.72,0.71,0.5030347
0.18,0.45,0.74,0.21,0.72,0.71,0.5030347
0.17,0.47,0.73,0.22,0.75,0.7,0.5030349
0.17,0.48,0.71,0.22,0.76,0.71,0.503035
0.17,0.49,0.73,0.29,0.74,0.7,0.503035
0.18,0.48,0.7,0.28,0.75,0.7,0.503035
0.17,0.48,0.75,0.25,0.75,0.71,0.5030353
0.16,0.45,0.73,0.27,0.73,0.72,0.5030354
0.16,0.5,0.73,0.24,0.74,0.71,0.5030355
0.16,0.42,0.73,0.26,0.75,0.7,0.5030357
0.18,0.42,0.74,0.21,0.74,0.72,0.5030357
0.17,0.47,0.73,0.26,0.76,0.7,0.5030359
0.16,0.43,0.7,0.25,0.72,0.72,0.503036
0.18,0.46,0.74,0.28,0.76,0.71,0.503036
0.16,0.48,0.75,0.28,0.74,0.7,0.5030361
0.16,0.48,0.75,0.29,0.72,0.72,0.5030361
0.16,0.49,0.75,0.24,0.73,0.7,0.5030363
0.16,0.44,0.7,0.28,0.73,0.7,0.5030364
0.16,0.44,0.74,0.2,0.75,0.71,0.5030364
0.16,0.44,0.74,0.27,0.75,0.72,0.5030364
0.17,0.42,0.74,0.24,0.73,0.71,0.5030364
0.16,0.48,0.71,0.29,0.76,0.72,0.5030365
0.17,0.46,0.71,0.29,0.73,0.71,0.5030365
0.16,0.41,0.75,0.21,0.74,0.72,0.5030366
0.16,0.42,0.71,0.25,0.74,0.72,0.5030366
0.16,0.47,0.72,0.3,0.72,0.7,0.5030367
0.17,0.48,0.72,0.23,0.74,0.7,0.5030367
0.18,0.43,0.72,0.26,0.73,0.7,0.5030367
0.18,0.44,0.75,0.25,0.73,0.72,0.5030367
0.18,0.45,0.7,0.28,0.74,0.72,0.5030367
0.16,0.5,0.73,0.2,0.73,0.71,0.5030369
0.18,0.42,0.72,0.23,0.72,0.72,0.5030369
0.18,0.41,0.71,0.22,0.75,0.7,0.503037
0.16,0.45,0.75,0.28,0.76,0.71,0.5030371
0.18,0.41,0.72,0.23,0.72,0.7,0.5030371
0.16,0.47,0.74,0.2,0.73,0.7,0.5030372
0.18,0.45,0.73,0.2,0.75,0.71,0.5030372
0.18,0.48,0.72,0.3,0.73,0.72,0.5030372
0.17,0.4,0.71,0.22,0.72,0.71,0.5030374
0.17,0.45,0.72,0.29,0.75,0.71,0.5030374
0.18,0.47,0.73,0.3,0.75,0.72,0.5030374
0.16,0.46,0.74,0.24,0.74,0.7,0.5030375
0.17,0.49,0.7,0.23,0.75,0.71,0.5030375
0.18,0.44,0.71,0.28,0.76,0.72,0.5030375
0.18,0.48,0.75,0.22,0.76,0.72,0.5030375
0.16,0.4,0.72,0.22,0.75,0.7,0.5030376
0.16,0.46,0.73,0.3,0.74,0.7,0.5030376
0.16,0.47,0.7,0.29,0.75,0.7,0.5030376
0.18,0.46,0.7,0.21,0.76,0.7,0.5030376
0.18,0.47,0.73,0.24,0.74,0.7,0.5030376
0.16,0.43,0.71,0.28,0.75,0.7,0.5030377
0.18,0.44,0.73,0.24,0.76,0.71,0.5030377
0.16,0.47,0.71,0.3,0.73,0.71,0.5030378
0.18,0.44,0.74,0.25,0.73,0.71,0.5030378
0.17,0.46,0.75,0.22,0.72,0.71,0.5030379
0.16,0.41,0.72,0.25,0.76,0.72,0.503038
0.16,0.5,0.73,0.28,0.75,0.71,0.503038
0.17,0.42,0.7,0.27,0.76,0.71,0.503038
0.18,0.41,0.73,0.23,0.74,0.72,0.503038
0.16,0.43,0.74,0.24,0.76,0.71,0.5030382
0.18,0.4,0.7,0.24,0.74,0.7,0.5030382
0.17,0.43,0.75,0.22,0.74,0.72,0.5030383
0.18,0.5,0.71,0.28,0.72,0.7,0.5030383
0.17,0.44,0.73,0.27,0.75,0.7,0.5030384
0.17,0.47,0.7,0.29,0.76,0.71,0.5030384
0.17,0.47,0.71,0.3,0.74,0.72,0.5030386
0.16,0.49,0.75,0.28,0.74,0.7,0.5030387
0.16,0.5,0.74,0.25,0.72,0.7,0.5030387
0.17,0.48,0.72,0.27,0.75,0.7,0.5030387
0.16,0.43,0.75,0.25,0.73,0.71,0.5030388
0.17,0.49,0.7,0.27,0.76,0.71,0.5030389
0.17,0.4,0.73,0.2,0.73,0.71,0.5030393
0.17,0.49,0.71,0.24,0.73,0.7,0.5030395
0.17,0.46,0.74,0.21,0.75,0.71,0.5030396
0.18,0.5,0.75,0.24,0.75,0.72,0.5030396
0.17,0.5,0.73,0.3,0.72,0.7,0.5030398
0.16,0.48,0.73,0.21,0.76,0.71,0.5030401
0.17,0.42,0.72,0.23,0.75,0.7,0.5030402
0.16,0.45,0.73,0.27,0.72,0.71,0.5030403
0.17,0.47,0.75,0.29,0.76,0.71,0.5030403
0.17,0.42,0.73,0.24,0.72,0.7,0.5030404
0.17,0.44,0.72,0.26,0.73,0.72,0.5030404
0.18,0.5,0.73,0.3,0.73,0.71,0.5030406
0.17,0.47,0.74,0.28,0.72,0.72,0.5030407
0.17,0.49,0.71,0.2,0.72,0.7,0.5030409
0.16,0.42,0.71,0.25,0.73,0.71,0.503041
0.17,0.46,0.75,0.28,0.74,0.72,0.5030412
0.17,0.48,0.74,0.25,0.74,0.7,0.5030412
0.16,0.44,0.74,0.27,0.74,0.71,0.5030413
0.18,0.42,0.73,0.21,0.73,0.71,0.5030413
0.17,0.45,0.74,0.25,0.76,0.71,0.5030414
0.17,0.46,0.71,0.29,0.72,0.7,0.5030415
0.18,0.45,0.7,0.28,0.73,0.71,0.5030415
0.18,0.45,0.75,0.23,0.74,0.72,0.5030415
0.18,0.5,0.75,0.28,0.76,0.72,0.5030415
0.18,0.5,0.75,0.2,0.74,0.72,0.5030416
0.17,0.43,0.73,0.26,0.75,0.72,0.5030417
0.17,0.45,0.75,0.26,0.73,0.71,0.5030417
0.18,0.48,0.75,0.23,0.72,0.71,0.5030418
0.16,0.41,0.74,0.21,0.73,0.71,0.5030419
0.18,0.46,0.73,0.28,0.75,0.7,0.5030419
0.16,0.44,0.73,0.2,0.74,0.7,0.5030421
0.16,0.48,0.74,0.22,0.74,0.7,0.5030422
0.16,0.49,0.72,0.22,0.75,0.71,0.5030422
0.17,0.49,0.71,0.28,0.74,0.7,0.5030422
0.18,0.48,0.72,0.3,0.72,0.71,0.5030422
0.16,0.48,0.7,0.28,0.74,0.72,0.5030423
0.16,0.5,0.74,0.29,0.73,0.7,0.5030423
0.17,0.45,0.72,0.29,0.74,0.7,0.5030423
0.18,0.44,0.71,0.28,0.75,0.71,0.5030424
0.18,0.47,0.73,0.3,0.74,0.71,0.5030424
0.17,0.41,0.7,0.24,0.74,0.72,0.5030425
0.16,0.41,0.72,0.25,0.75,0.71,0.5030426
0.16,0.49,0.72,0.26,0.76,0.71,0.5030427
0.17,0.42,0.7,0.27,0.75,0.7,0.5030428
0.17,0.5,0.7,0.25,0.72,0.7,0.5030428
0.16,0.45,0.74,0.28,0.75,0.7,0.5030429
0.16,0.47,0.75,0.22,0.75,0.71,0.5030429
0.18,0.42,0.72,0.2,0.76,0.71,0.5030429
0.16,0.41,0.73,0.2,0.76,0.71,0.503043
0.16,0.48,0.74,0.26,0.75,0.7,0.503043
0.17,0.46,0.72,0.2,0.76,0.7,0.503043
0.18,0.41,0.73,0.23,0.73,0.71,0.503043
0.18,0.45,0.72,0.2,0.74,0.7,0.5030432
0.16,0.5,0.7,0.22,0.76,0.72,0.5030436
0.18,0.48,0.74,0.22,0.75,0.71,0.5030436
0.17,0.4,0.71,0.24,0.76,0.72,0.5030437
0.18,0.44,0.72,0.24,0.75,0.7,0.5030437
0.18,0.44,0.73,0.25,0.72,0.7,0.5030437
0.18,0.46,0.74,0.3,0.76,0.71,0.5030437
0.17,0.47,0.71,0.25,0.76,0.7,0.5030438
0.16,0.43,0.73,0.24,0.75,0.7,0.503044
0.17,0.43,0.74,0.22,0.73,0.71,0.5030441
0.16,0.49,0.73,0.23,0.73,0.7,0.5030442
0.17,0.47,0.71,0.21,0.75,0.7,0.5030443
0.16,0.43,0.74,0.25,0.72,0.7,0.5030445
0.17,0.47,0.7,0.29,0.72,0.72,0.5030445
0.17,0.4,0.72,0.2,0.72,0.7,0.5030448
0.16,0.5,0.71,0.23,0.74,0.71,0.5030449
0.18,0.47,0.74,0.26,0.76,0.71,0.5030449
0.18,0.47,0.75,0.27,0.73,0.71,0.503045
0.16,0.46,0.75,0.26,0.76,0.71,0.5030453
0.17,0.43,0.73,0.21,0.76,0.71,0.5030453
0.17,0.44,0.72,0.26,0.72,0.71,0.5030453
0.16,0.47,0.71,0.3,0.74,0.71,0.5030454
0.16,0.42,0.71,0.25,0.72,0.7,0.5030456
0.16,0.43,0.74,0.24,0.72,0.72,0.5030456
0.17,0.46,0.73,0.21,0.74,0.7,0.5030456
0.18,0.46,0.73,0.27,0.72,0.72,0.5030458
0.16,0.47,0.7,0.29,0.76,0.7,0.5030459
0.16,0.49,0.73,0.27,0.74,0.7,0.5030461
0.17,0.47,0.74,0.29,0.75,0.7,0.5030461
0.17,0.47,0.71,0.3,0.75,0.72,0.5030462
0.16,0.5,0.71,0.27,0.75,0.71,0.5030463
0.17,0.46,0.75,0.28,0.73,0.71,0.5030463
0.18,0.45,0.74,0.27,0.74,0.72,0.5030463
0.18,0.49,0.74,0.22,0.76,0.72,0.5030463
0.16,0.44,0.74,0.27,0.73,0.7,0.5030464
0.16,0.46,0.72,0.29,0.74,0.72,0.5030464
0.17,0.48,0.7,0.22,0.74,0.7,0.5030464
0.16,0.47,0.71,0.29,0.72,0.72,0.5030465
0.18,0.43,0.71,0.25,0.73,0.72,0.5030465
0.18,0.45,0.7,0.28,0.72,0.7,0.5030465
0.17,0.4,0.74,0.22,0.75,0.72,0.5030466
0.17,0.43,0.73,0.26,0.74,0.71,0.5030466
0.16,0.42,0.75,0.24,0.74,0.72,0.5030467
0.17,0.48,0.7,0.26,0.75,0.7,0.5030469
0.16,0.5,0.72,0.24,0.72,0.7,0.503047
0.17,0.41,0.7,0.24,0.73,0.71,0.503047
0.18,0.42,0.72,0.21,0.72,0.7,0.5030471
0.16,0.43,0.7,0.27,0.75,0.72,0.5030473
0.17,0.45,0.73,0.25,0.75,0.7,0.5030473
0.16,0.41,0.73,0.21,0.72,0.7,0.5030474
0.16,0.45,0.73,0.29,0.76,0.72,0.5030474
0.18,0.44,0.71,0.28,0.74,0.7,0.5030474
0.18,0.45,0.74,0.23,0.73,0.71,0.5030474
0.16,0.41,0.72,0.25,0.74,0.7,0.5030475
0.17,0.45,0.74,0.26,0.72,0.7,0.5030475
0.17,0.46,0.7,0.3,0.74,0.7,0.5030475
0.18,0.42,0.72,0.25,0.75,0.72,0.5030475
0.18,0.47,0.73,0.3,0.73,0.7,0.5030475
0.16,0.44,0.75,0.23,0.73,0.71,0.5030476
0.16,0.48,0.74,0.3,0.76,0.7,0.5030476
0.16,0.4,0.72,0.22,0.73,0.72,0.5030482
0.18,0.5,0.73,0.23,0.75,0.72,0.5030482
0.18,0.42,0.74,0.23,0.75,0.72,0.5030483
0.18,0.5,0.73,0.3,0.74,0.71,0.5030483
0.16,0.47,0.73,0.24,0.76,0.7,0.5030484
0.17,0.4,0.71,0.24,0.75,0.71,0.5030484
0.18,0.46,0.7,0.3,0.75,0.71,0.5030484
0.16,0.44,0.74,0.22,0.76,0.71,0.5030485
0.16,0.41,0.72,0.2,0.75,0.7,0.5030486
0.18,0.45,0.73,0.22,0.76,0.71,0.5030486
0.17,0.48,0.75,0.27,0.76,0.71,0.5030487
0.16,0.47,0.74,0.22,0.74,0.7,0.5030488
0.18,0.42,0.71,0.2,0.75,0.7,0.5030488
0.18,0.5,0.73,0.27,0.76,0.72,0.5030489
0.16,0.44,0.7,0.3,0.76,0.7,0.5030491
0.18,0.43,0.72,0.28,0.76,0.7,0.5030494
0.17,0.44,0.75,0.2,0.74,0.72,0.5030496
0.16,0.41,0.75,0.23,0.75,0.72,0.5030497
0.16,0.47,0.73,0.2,0.75,0.7,0.5030497
0.16,0.5,0.72,0.28,0.73,0.7,0.5030497
0.16,0.48,0.7,0.28,0.75,0.72,0.5030501
0.16,0.48,0.71,0.2,0.76,0.71,0.5030501
0.17,0.43,0.73,0.22,0.72,0.7,0.5030501
0.17,0.47,0.75,0.2,0.72,0.71,0.5030501
0.17,0.46,0.75,0.24,0.73,0.71,0.5030507
0.16,0.48,0.75,0.3,0.75,0.7,0.5030509
0.18,0.41,0.71,0.24,0.76,0.7,0.5030509
0.18,0.47,0.73,0.26,0.75,0.7,0.5030509
0.16,0.48,0.72,0.25,0.75,0.7,0.503051
0.18,0.47,0.74,0.27,0.72,0.7,0.503051
0.18,0.5,0.74,0.24,0.73,0.71,0.5030511
0.16,0.46,0.74,0.26,0.75,0.7,0.5030512
0.16,0.46,0.72,0.29,0.73,0.71,0.5030513
0.16,0.47,0.7,0.29,0.72,0.71,0.5030513
0.16,0.48,0.72,0.21,0.74,0.7,0.5030513
0.17,0.43,0.72,0.21,0.75,0.7,0.5030513
0.17,0.46,0.7,0.28,0.72,0.72,0.5030513
0.18,0.43,0.71,0.25,0.72,0.71,0.5030513
0.17,0.45,0.71,0.28,0.74,0.72,0.5030514
0.18,0.45,0.74,0.27,0.73,0.71,0.5030514
0.17,0.43,0.75,0.24,0.75,0.72,0.5030515
0.17,0.42,0.73,0.23,0.72,0.72,0.5030516
0.17,0.46,0.74,0.23,0.76,0.71,0.5030516
0.17,0.48,0.73,0.3,0.73,0.72,0.5030516
0.17,0.41,0.7,0.24,0.72,0.7,0.5030517
0.17,0.43,0.73,0.26,0.73,0.7,0.5030517
0.16,0.43,0.7,0.27,0.74,0.71,0.5030518
0.16,0.46,0.75,0.27,0.72,0.7,0.5030519
0.17,0.47,0.74,0.3,0.75,0.72,0.5030519
0.17,0.4,0.73,0.22,0.74,0.71,0.503052
0.17,0.47,0.7,0.29,0.73,0.72,0.503052
0.16,0.49,0.7,0.25,0.76,0.71,0.5030521
0.16,0.45,0.73,0.29,0.75,0.71,0.5030522
0.16,0.4,0.72,0.24,0.76,0.7,0.5030523
0.16,0.49,0.7,0.21,0.75,0.71,0.5030523
0.17,0.44,0.72,0.28,0.76,0.72,0.5030523
0.18,0.42,0.72,0.25,0.74,0.71,0.5030524
0.18,0.46,0.75,0.21,0.74,0.72,0.5030525
0.16,0.4,0.72,0.22,0.72,0.71,0.5030527
0.17,0.41,0.74,0.23,0.74,0.72,0.5030528
0.17,0.5,0.75,0.26,0.76,0.72,0.503053
0.16,0.42,0.71,0.27,0.76,0.71,0.5030531
0.18,0.5,0.74,0.2,0.72,0.71,0.5030531
0.18,0.5,0.74,0.28,0.74,0.71,0.5030531
0.16,0.47,0.71,0.3,0.75,0.71,0.5030532
0.17,0.5,0.75,0.22,0.75,0.72,0.5030532
0.17,0.4,0.71,0.24,0.74,0.7,0.5030533
0.18,0.45,0.73,0.23,0.72,0.7,0.5030534
0.16,0.44,0.74,0.23,0.72,0.7,0.5030535
0.18,0.45,0.7,0.3,0.76,0.71,0.5030535
0.16,0.49,0.71,0.22,0.73,0.7,0.5030537
0.17,0.44,0.73,0.29,0.76,0.7,0.5030537
0.18,0.5,0.72,0.29,0.72,0.71,0.5030537
0.17,0.47,0.71,0.3,0.76,0.72,0.5030538
0.18,0.49,0.75,0.21,0.72,0.71,0.503054
0.18,0.42,0.73,0.23,0.74,0.71,0.5030541
0.16,0.49,0.71,0.26,0.74,0.7,0.5030543
0.16,0.44,0.73,0.22,0.75,0.7,0.5030545
0.16,0.48,0.72,0.29,0.76,0.7,0.5030545
0.17,0.42,0.72,0.25,0.76,0.7,0.5030545
0.18,0.45,0.75,0.25,0.75,0.72,0.5030545
0.18,0.48,0.75,0.25,0.73,0.71,0.5030545
0.18,0.45,0.72,0.22,0.75,0.7,0.5030547
0.18,0.48,0.74,0.25,0.76,0.71,0.5030549
0.16,0.41,0.74,0.23,0.74,0.71,0.5030551
0.16,0.47,0.75,0.24,0.76,0.71,0.5030552
0.16,0.47,0.75,0.28,0.72,0.72,0.5030554
0.17,0.44,0.74,0.2,0.73,0.71,0.5030554
0.17,0.48,0.75,0.28,0.72,0.7,0.5030554
0.17,0.46,0.7,0.3,0.75,0.7,0.5030555
0.16,0.44,0.73,0.26,0.73,0.72,0.5030556
0.18,0.49,0.72,0.21,0.76,0.72,0.5030558
0.16,0.48,0.75,0.2,0.75,0.71,0.5030559
0.18,0.4,0.74,0.2,0.72,0.72,0.5030561
0.17,0.45,0.71,0.28,0.73,0.71,0.5030562
0.16,0.46,0.72,0.29,0.72,0.7,0.5030563
0.18,0.46,0.7,0.3,0.76,0.71,0.5030563
0.18,0.47,0.72,0.29,0.73,0.72,0.5030565
0.16,0.43,0.74,0.26,0.75,0.72,0.5030566
0.16,0.5,0.7,0.23,0.72,0.7,0.5030566
0.18,0.44,0.7,0.27,0.74,0.72,0.5030566
0.18,0.46,0.73,0.3,0.76,0.7,0.5030566
0.16,0.43,0.7,0.27,0.73,0.7,0.5030567
0.17,0.48,0.73,0.3,0.72,0.71,0.5030567
0.18,0.46,0.73,0.29,0.75,0.72,0.5030567
0.17,0.46,0.74,0.24,0.72,0.7,0.5030568
0.17,0.41,0.74,0.2,0.75,0.72,0.5030569
0.17,0.47,0.74,0.3,0.74,0.71,0.503057
0.16,0.42,0.7,0.24,0.72,0.72,0.5030572
0.17,0.44,0.72,0.28,0.75,0.71,0.5030572
0.16,0.45,0.73,0.29,0.74,0.7,0.5030573
0.17,0.43,0.74,0.24,0.74,0.71,0.5030573
0.18,0.44,0.72,0.26,0.76,0.7,0.5030573
0.18,0.49,0.73,0.26,0.75,0.71,0.5030574
0.16,0.47,0.71,0.23,0.76,0.7,0.5030575
0.18,0.42,0.72,0.25,0.73,0.7,0.5030575
0.18,0.43,0.71,0.27,0.76,0.72,0.5030575
0.17,0.4,0.72,0.22,0.73,0.7,0.5030576
0.17,0.41,0.75,0.21,0.72,0.72,0.5030576
0.17,0.46,0.73,0.23,0.75,0.7,0.5030576
0.18,0.5,0.71,0.26,0.76,0.72,0.5030576
0.16,0.41,0.71,0.24,0.74,0.72,0.5030577
0.18,0.49,0.73,0.22,0.74,0.71,0.5030577
0.16,0.45,0.74,0.3,0.76,0.7,0.503058
0.17,0.4,0.71,0.21,0.76,0.7,0.503058
0.18,0.5,0.71,0.22,0.75,0.72,0.503058
0.16,0.42,0.71,0.27,0.75,0.7,0.5030581
0.16,0.48,0.7,0.28,0.76,0.72,0.5030582
0.16,0.43,0.73,0.26,0.76,0.7,0.5030584
0.16,0.45,0.75,0.21,0.73,0.71,0.5030584
0.18,0.45,0.7,0.3,0.75,0.7,0.5030584
0.18,0.46,0.74,0.21,0.73,0.71,0.5030586
0.17,0.41,0.7,0.26,0.76,0.71,0.5030587
0.18,0.43,0.74,0.21,0.75,0.72,0.5030588
0.18,0.41,0.72,0.22,0.72,0.72,0.5030589
0.16,0.47,0.7,0.29,0.73,0.71,0.503059
0.18,0.43,0.75,0.22,0.72,0.72,0.503059
0.16,0.4,0.72,0.24,0.76,0.72,0.5030591
0.18,0.5,0.75,0.29,0.72,0.7,0.5030592
0.16,0.42,0.75,0.21,0.75,0.72,0.5030593
0.18,0.47,0.75,0.29,0.74,0.71,0.5030593
0.17,0.47,0.7,0.29,0.74,0.72,0.5030596
0.18,0.5,0.72,0.23,0.73,0.71,0.5030599
0.18,0.4,0.73,0.22,0.74,0.72,0.50306
0.18,0.42,0.72,0.23,0.73,0.7,0.5030601
0.18,0.5,0.7,0.27,0.72,0.7,0.5030601
0.17,0.46,0.74,0.27,0.72,0.72,0.5030603
0.16,0.48,0.7,0.24,0.75,0.7,0.5030604
0.16,0.44,0.73,0.26,0.72,0.71,0.5030605
0.18,0.45,0.74,0.25,0.74,0.71,0.5030605
0.17,0.5,0.72,0.29,0.72,0.7,0.5030607
0.18,0.48,0.74,0.25,0.72,0.7,0.5030607
0.18,0.5,0.72,0.27,0.74,0.71,0.5030607
0.16,0.41,0.73,0.23,0.73,0.7,0.5030608
0.16,0.45,0.74,0.2,0.76,0.71,0.5030608
0.16,0.47,0.75,0.25,0.72,0.7,0.5030608
0.17,0.49,0.74,0.2,0.76,0.72,0.5030608
0.17,0.45,0.75,0.27,0.74,0.72,0.5030609
0.18,0.42,0.71,0.22,0.76,0.7,0.5030609
0.17,0.43,0.72,0.25,0.73,0.72,0.5030611
0.16,0.41,0.72,0.22,0.76,0.7,0.5030612
0.16,0.44,0.75,0.25,0.74,0.71,0.5030612
0.16,0.47,0.71,0.3,0.76,0.71,0.5030612
0.16,0.47,0.74,0.24,0.75,0.7,0.5030612
0.17,0.45,0.73,0.27,0.76,0.7,0.5030612
0.18,0.49,0.73,0.3,0.76,0.71,0.5030613
0.18,0.5,0.72,0.29,0.73,0.71,0.5030613
0.17,0.44,0.73,0.2,0.72,0.7,0.5030614
0.17,0.45,0.71,0.28,0.72,0.7,0.5030614
0.17,0.5,0.73,0.25,0.76,0.72,0.5030614
0.17,0.47,0.75,0.22,0.73,0.71,0.5030615
0.16,0.43,0.74,0.26,0.74,0.71,0.5030616
0.17,0.44,0.75,0.22,0.75,0.72,0.5030616
0.18,0.44,0.7,0.27,0.73,0.71,0.5030616
0.18,0.47,0.72,0.29,0.72,0.71,0.5030616
0.16,0.48,0.7,0.2,0.74,0.7,0.5030617
0.18,0.46,0.73,0.2,0.76,0.71,0.5030618
0.18,0.46,0.73,0.29,0.74,0.71,0.5030618
0.17,0.49,0.75,0.25,0.75,0.71,0.5030619
0.18,0.49,0.74,0.27,0.73,0.7,0.503062
0.17,0.47,0.74,0.3,0.73,0.7,0.5030622
0.18,0.42,0.74,0.25,0.76,0.72,0.5030622
0.16,0.41,0.71,0.24,0.73,0.71,0.5030623
0.17,0.42,0.73,0.25,0.75,0.72,0.5030623
0.17,0.44,0.72,0.28,0.74,0.7,0.5030623
0.18,0.43,0.71,0.27,0.75,0.71,0.5030625
0.16,0.48,0.7,0.28,0.76,0.7,0.5030626
0.17,0.41,0.73,0.2,0.74,0.71,0.5030626
0.17,0.5,0.73,0.21,0.75,0.72,0.5030627
0.17,0.49,0.75,0.21,0.74,0.71,0.5030632
0.17,0.43,0.73,0.24,0.73,0.7,0.5030633
0.18,0.48,0.72,0.24,0.76,0.71,0.5030633
0.17,0.41,0.7,0.26,0.75,0.7,0.5030636
0.17,0.46,0.7,0.3,0.76,0.7,0.5030637
0.16,0.4,0.72,0.24,0.75,0.71,0.5030638
0.17,0.43,0.72,0.23,0.76,0.7,0.5030639
0.17,0.4,0.7,0.23,0.74,0.72,0.503064
0.17,0.46,0.75,0.26,0.74,0.71,0.5030641
0.17,0.47,0.74,0.21,0.76,0.71,0.5030642
0.17,0.49,0.75,0.26,0.72,0.7,0.5030643
0.16,0.45,0.74,0.21,0.72,0.7,0.5030644
0.18,0.46,0.75,0.23,0.75,0.72,0.5030645
0.17,0.5,0.74,0.26,0.74,0.71,0.5030646
0.18,0.47,0.73,0.28,0.76,0.7,0.5030646
0.18,0.43,0.73,0.21,0.74,0.71,0.5030647
0.17,0.49,0.75,0.29,0.76,0.71,0.5030648
0.17,0.5,0.74,0.22,0.73,0.71,0.5030648
0.18,0.46,0.73,0.21,0.72,0.7,0.5030649
0.16,0.42,0.74,0.21,0.74,0.71,0.503065
0.18,0.5,0.73,0.28,0.72,0.7,0.5030651
0.16,0.46,0.74,0.28,0.76,0.7,0.5030653
0.18,0.47,0.74,0.29,0.73,0.7,0.5030653
0.18,0.49,0.75,0.23,0.73,0.71,0.5030654
0.18,0.48,0.72,0.2,0.75,0.71,0.5030655
0.17,0.43,0.75,0.26,0.76,0.72,0.5030658
0.18,0.45,0.73,0.26,0.72,0.72,0.5030658
0.17,0.43,0.72,0.25,0.72,0.71,0.503066
0.18,0.49,0.7,0.2,0.76,0.72,0.503066
0.18,0.49,0.71,0.25,0.75,0.71,0.503066
0.16,0.46,0.71,0.28,0.72,0.72,0.5030661
0.16,0.48,0.74,0.3,0.73,0.72,0.5030661
0.16,0.5,0.75,0.24,0.76,0.72,0.5030661
0.16,0.45,0.72,0.28,0.74,0.72,0.5030662
0.17,0.45,0.75,0.27,0.73,0.71,0.5030662
0.16,0.47,0.75,0.3,0.75,0.72,0.5030665
0.18,0.4,0.73,0.21,0.76,0.72,0.5030665
0.18,0.44,0.74,0.26,0.74,0.72,0.5030665
0.16,0.42,0.74,0.23,0.72,0.72,0.5030667
0.16,0.47,0.7,0.29,0.74,0.71,0.5030667
0.18,0.44,0.7,0.27,0.72,0.7,0.5030667
0.18,0.45,0.73,0.25,0.73,0.7,0.5030667
0.18,0.48,0.73,0.25,0.74,0.7,0.5030667
0.16,0.41,0.71,0.24,0.72,0.7,0.503067
0.16,0.45,0.73,0.2,0.75,0.7,0.503067
0.16,0.48,0.75,0.22,0.76,0.71,0.503067
0.18,0.45,0.72,0.24,0.76,0.7,0.5030671
0.18,0.46,0.73,0.29,0.73,0.7,0.5030671
0.16,0.44,0.73,0.28,0.76,0.72,0.5030672
0.17,0.47,0.7,0.29,0.75,0.72,0.5030672
0.16,0.44,0.74,0.25,0.73,0.7,0.5030673
0.17,0.42,0.73,0.25,0.74,0.71,0.5030673
0.18,0.49,0.71,0.21,0.74,0.71,0.5030673
0.18,0.48,0.75,0.27,0.74,0.71,0.5030674
0.16,0.44,0.73,0.24,0.76,0.7,0.5030675
0.17,0.44,0.74,0.22,0.74,0.71,0.5030676
0.18,0.42,0.71,0.24,0.73,0.72,0.5030676
0.18,0.43,0.71,0.27,0.74,0.7,0.5030676
0.16,0.42,0.7,0.26,0.75,0.72,0.5030679
0.17,0.47,0.74,0.22,0.72,0.7,0.5030679
0.17,0.48,0.74,0.23,0.76,0.71,0.5030679
0.18,0.48,0.73,0.21,0.73,0.7,0.5030679
0.16,0.41,0.75,0.23,0.74,0.72,0.503068
0.18,0.42,0.73,0.25,0.75,0.71,0.503068
0.16,0.5,0.75,0.2,0.75,0.72,0.5030681
0.18,0.45,0.75,0.27,0.76,0.72,0.5030681
0.18,0.46,0.72,0.2,0.75,0.7,0.5030681
0.17,0.45,0.71,0.3,0.76,0.71,0.5030682
0.17,0.5,0.74,0.3,0.75,0.71,0.5030684
0.18,0.41,0.72,0.24,0.75,0.72,0.5030684
0.17,0.41,0.72,0.2,0.73,0.7,0.5030685
0.17,0.4,0.7,0.23,0.73,0.71,0.5030686
0.16,0.4,0.72,0.24,0.74,0.7,0.5030688
0.17,0.41,0.74,0.22,0.76,0.72,0.5030688
0.18,0.5,0.72,0.29,0.74,0.71,0.503069
0.17,0.5,0.75,0.27,0.72,0.7,0.5030691
0.16,0.43,0.7,0.29,0.76,0.7,0.5030692
0.18,0.5,0.73,0.3,0.72,0.72,0.5030692
0.18,0.5,0.7,0.26,0.74,0.71,0.5030693
0.18,0.49,0.72,0.22,0.72,0.7,0.5030695
0.18,0.49,0.72,0.26,0.73,0.7,0.5030695
0.18,0.5,0.7,0.22,0.73,0.71,0.5030696
0.17,0.48,0.75,0.3,0.73,0.7,0.5030697
0.18,0.44,0.75,0.2,0.72,0.72,0.5030698
0.18,0.48,0.73,0.29,0.75,0.7,0.5030698
0.17,0.46,0.74,0.26,0.73,0.7,0.5030702
0.17,0.49,0.73,0.24,0.75,0.71,0.5030702
0.17,0.46,0.73,0.25,0.76,0.7,0.5030706
0.18,0.46,0.74,0.23,0.74,0.71,0.5030706
0.18,0.43,0.72,0.21,0.73,0.7,0.5030708
0.17,0.47,0.73,0.29,0.73,0.72,0.5030709
0.16,0.42,0.73,0.21,0.73,0.7,0.503071
0.16,0.45,0.75,0.23,0.74,0.71,0.503071
0.17,0.5,0.71,0.24,0.76,0.72,0.503071
0.18,0.43,0.74,0.23,0.76,0.72,0.5030711
0.16,0.45,0.72,0.28,0.73,0.71,0.5030712
0.16,0.48,0.74,0.3,0.72,0.71,0.5030713
0.17,0.46,0.74,0.29,0.75,0.72,0.5030713
0.17,0.44,0.71,0.27,0.74,0.72,0.5030714
0.17,0.45,0.7,0.27,0.72,0.72,0.5030714
0.16,0.48,0.75,0.23,0.72,0.7,0.5030715
0.17,0.43,0.74,0.26,0.75,0.71,0.5030716
0.16,0.47,0.75,0.3,0.74,0.71,0.5030717
0.18,0.49,0.74,0.23,0.72,0.7,0.5030717
0.18,0.43,0.75,0.24,0.73,0.72,0.5030718
0.18,0.44,0.74,0.26,0.73,0.71,0.5030718
0.16,0.42,0.75,0.23,0.76,0.72,0.503072
0.16,0.44,0.73,0.28,0.75,0.71,0.5030721
0.17,0.49,0.73,0.28,0.76,0.71,0.5030722
0.17,0.49,0.73,0.2,0.74,0.71,0.5030723
0.18,0.4,0.72,0.21,0.75,0.71,0.5030723
0.17,0.43,0.72,0.27,0.76,0.72,0.5030724
0.17,0.46,0.7,0.3,0.73,0.7,0.5030724
0.16,0.42,0.7,0.26,0.74,0.71,0.5030725
0.18,0.42,0.71,0.24,0.72,0.71,0.5030726
0.18,0.48,0.7,0.23,0.76,0.71,0.5030727
0.18,0.47,0.72,0.23,0.75,0.7,0.5030729
0.16,0.42,0.72,0.2,0.76,0.7,0.503073
0.18,0.5,0.71,0.27,0.72,0.7,0.503073
0.17,0.5,0.71,0.2,0.75,0.72,0.5030731
0.17,0.5,0.72,0.25,0.74,0.71,0.5030731
0.17,0.45,0.71,0.3,0.75,0.7,0.5030732
0.18,0.44,0.7,0.29,0.76,0.71,0.5030733
0.17,0.4,0.7,0.23,0.72,0.7,0.5030734
0.17,0.45,0.75,0.2,0.75,0.72,0.5030734
0.17,0.41,0.73,0.22,0.72,0.72,0.5030736
0.18,0.41,0.72,0.24,0.74,0.71,0.5030736
0.17,0.44,0.73,0.22,0.73,0.7,0.5030737
0.17,0.49,0.74,0.25,0.73,0.7,0.5030737
0.17,0.47,0.75,0.24,0.74,0.71,0.5030738
0.18,0.43,0.71,0.2,0.76,0.7,0.5030738
0.18,0.48,0.74,0.27,0.73,0.7,0.5030738
0.16,0.41,0.71,0.26,0.76,0.71,0.5030739
0.18,0.42,0.72,0.25,0.74,0.7,0.503074
0.18,0.45,0.74,0.27,0.75,0.71,0.5030741
0.18,0.47,0.72,0.27,0.76,0.7,0.5030741
0.17,0.44,0.75,0.24,0.76,0.72,0.5030742
0.16,0.47,0.74,0.26,0.76,0.7,0.5030743
0.16,0.47,0.7,0.29,0.75,0.71,0.5030744
0.16,0.47,0.75,0.27,0.73,0.7,0.5030744
0.17,0.5,0.72,0.21,0.73,0.71,0.5030745
0.17,0.48,0.75,0.2,0.73,0.71,0.5030746
0.17,0.41,0.73,0.22,0.75,0.71,0.5030747
0.17,0.4,0.74,0.22,0.74,0.72,0.5030748
0.17,0.47,0.7,0.29,0.76,0.72,0.5030749
0.18,0.5,0.71,0.28,0.72,0.71,0.5030749
0.17,0.49,0.74,0.21,0.72,0.7,0.503075
0.18,0.48,0.71,0.24,0.74,0.7,0.503075
0.16,0.46,0.75,0.27,0.72,0.72,0.5030752
0.16,0.49,0.75,0.23,0.75,0.71,0.5030753
0.16,0.5,0.73,0.23,0.76,0.72,0.5030755
0.16,0.44,0.75,0.27,0.75,0.71,0.5030757
0.17,0.44,0.72,0.21,0.76,0.7,0.5030757
0.17,0.5,0.73,0.3,0.72,0.71,0.503076
0.18,0.46,0.72,0.28,0.73,0.72,0.503076
0.17,0.47,0.73,0.29,0.72,0.71,0.5030761
0.16,0.43,0.73,0.25,0.73,0.72,0.5030762
0.16,0.49,0.75,0.27,0.76,0.71,0.5030762
0.18,0.48,0.75,0.3,0.74,0.72,0.5030762
0.18,0.49,0.74,0.3,0.72,0.72,0.5030762
0.18,0.45,0.73,0.28,0.75,0.72,0.5030763
0.16,0.45,0.72,0.28,0.72,0.7,0.5030764
0.17,0.44,0.71,0.27,0.73,0.71,0.5030764
0.18,0.47,0.75,0.21,0.75,0.72,0.5030764
0.17,0.46,0.74,0.29,0.74,0.71,0.5030765
0.18,0.5,0.73,0.3,0.73,0.72,0.5030765
0.17,0.5,0.73,0.26,0.72,0.7,0.5030767
0.17,0.49,0.74,0.29,0.74,0.7,0.5030768
0.16,0.47,0.75,0.3,0.73,0.7,0.5030769
0.18,0.46,0.73,0.23,0.73,0.7,0.5030769
0.16,0.45,0.74,0.23,0.73,0.7,0.5030771
0.18,0.46,0.75,0.25,0.76,0.72,0.5030771
0.18,0.48,0.71,0.28,0.75,0.7,0.5030771
0.16,0.46,0.71,0.3,0.75,0.72,0.5030772
0.18,0.43,0.7,0.26,0.74,0.72,0.5030772
0.18,0.43,0.73,0.23,0.75,0.71,0.5030772
0.16,0.42,0.74,0.25,0.75,0.72,0.5030773
0.16,0.44,0.73,0.28,0.74,0.7,0.5030773
0.18,0.48,0.71,0.2,0.73,0.7,0.5030773
0.16,0.42,0.7,0.26,0.73,0.7,0.5030774
0.17,0.43,0.72,0.27,0.75,0.71,0.5030774
0.17,0.48,0.72,0.22,0.76,0.71,0.5030774
0.18,0.49,0.75,0.25,0.74,0.71,0.5030774
0.17,0.43,0.73,0.26,0.74,0.7,0.5030776
0.16,0.5,0.74,0.24,0.74,0.71,0.5030777
0.17,0.49,0.75,0.28,0.73,0.7,0.5030777
0.18,0.41,0.74,0.2,0.73,0.72,0.5030778
0.16,0.42,0.74,0.23,0.75,0.71,0.5030779
0.18,0.43,0.74,0.24,0.72,0.71,0.5030779
0.18,0.49,0.7,0.25,0.73,0.7,0.503078
0.17,0.46,0.75,0.28,0.75,0.71,0.5030781
0.18,0.42,0.71,0.26,0.76,0.72,0.5030782
0.18,0.4,0.71,0.21,0.74,0.7,0.5030783
0.18,0.44,0.7,0.29,0.75,0.7,0.5030784
0.18,0.49,0.72,0.3,0.72,0.7,0.5030785
0.16,0.45,0.73,0.22,0.76,0.7,0.5030787
0.16,0.4,0.75,0.2,0.73,0.72,0.5030788
0.16,0.41,0.7,0.23,0.72,0.72,0.5030788
0.16,0.41,0.71,0.26,0.75,0.7,0.5030789
0.18,0.46,0.72,0.22,0.76,0.7,0.5030792
0.16,0.4,0.71,0.23,0.74,0.72,0.5030793
0.18,0.49,0.7,0.21,0.72,0.7,0.5030793
0.17,0.42,0.75,0.21,0.73,0.72,0.5030794
0.16,0.5,0.74,0.28,0.75,0.71,0.5030795
0.17,0.45,0.74,0.2,0.74,0.71,0.5030796
0.16,0.5,0.74,0.2,0.73,0.71,0.5030798
0.17,0.4,0.7,0.25,0.76,0.71,0.5030798
0.17,0.48,0.73,0.23,0.74,0.7,0.5030798
0.17,0.49,0.71,0.23,0.75,0.71,0.5030799
0.17,0.42,0.74,0.2,0.76,0.72,0.5030801
0.17,0.47,0.74,0.24,0.73,0.7,0.5030801
0.17,0.44,0.74,0.24,0.75,0.71,0.5030803
0.18,0.45,0.73,0.27,0.74,0.7,0.5030803
0.17,0.45,0.74,0.26,0.72,0.72,0.5030804
0.17,0.49,0.71,0.27,0.76,0.71,0.5030806
0.17,0.5,0.73,0.3,0.73,0.7,0.5030806
0.17,0.41,0.72,0.22,0.74,0.7,0.5030808
0.17,0.48,0.73,0.27,0.75,0.7,0.503081
0.18,0.46,0.71,0.21,0.76,0.7,0.503081
0.17,0.44,0.75,0.26,0.74,0.72,0.5030811
0.17,0.48,0.74,0.2,0.72,0.7,0.5030811
0.18,0.48,0.75,0.29,0.75,0.71,0.5030811
0.16,0.43,0.73,0.25,0.72,0.71,0.5030812
0.17,0.44,0.75,0.25,0.72,0.71,0.5030812
0.18,0.44,0.75,0.22,0.73,0.72,0.5030813
0.18,0.46,0.72,0.28,0.72,0.71,0.5030813
0.16,0.5,0.75,0.25,0.72,0.7,0.5030815
0.18,0.48,0.75,0.3,0.73,0.71,0.5030815
0.17,0.44,0.71,0.27,0.72,0.7,0.5030816
0.18,0.45,0.73,0.28,0.74,0.71,0.5030816
0.16,0.44,0.74,0.27,0.74,0.7,0.5030817
0.18,0.4,0.72,0.21,0.72,0.72,0.5030817
0.17,0.46,0.74,0.29,0.73,0.7,0.5030819
0.17,0.5,0.71,0.28,0.72,0.7,0.503082
0.16,0.46,0.71,0.3,0.74,0.71,0.5030821
0.18,0.47,0.7,0.26,0.76,0.7,0.5030821
0.16,0.46,0.75,0.21,0.74,0.71,0.5030822
0.17,0.49,0.72,0.24,0.73,0.7,0.5030822
0.18,0.43,0.7,0.26,0.73,0.71,0.5030822
0.18,0.44,0.74,0.21,0.76,0.72,0.5030822
0.17,0.42,0.72,0.24,0.73,0.72,0.5030823
0.17,0.45,0.7,0.29,0.75,0.72,0.5030823
0.16,0.47,0.7,0.29,0.76,0.71,0.5030824
0.18,0.47,0.7,0.22,0.75,0.7,0.5030824
0.16,0.42,0.74,0.25,0.74,0.71,0.5030825
0.16,0.43,0.75,0.21,0.76,0.72,0.5030825
0.16,0.47,0.71,0.3,0.74,0.72,0.5030825
0.18,0.5,0.71,0.28,0.73,0.71,0.5030825
0.17,0.43,0.72,0.27,0.74,0.7,0.5030826
0.16,0.48,0.74,0.21,0.76,0.71,0.5030828
0.18,0.47,0.74,0.21,0.74,0.71,0.5030828
0.16,0.45,0.72,0.3,0.76,0.71,0.5030829
0.17,0.5,0.7,0.24,0.74,0.71,0.5030829
0.18,0.42,0.71,0.26,0.75,0.71,0.5030832
0.16,0.5,0.73,0.3,0.72,0.7,0.5030833
0.17,0.41,0.73,0.24,0.75,0.72,0.5030833
0.18,0.46,0.74,0.25,0.75,0.71,0.5030833
0.18,0.41,0.73,0.2,0.72,0.71,0.5030834
0.18,0.43,0.72,0.23,0.74,0.7,0.5030834
0.17,0.5,0.73,0.3,0.73,0.71,0.5030836
0.18,0.46,0.75,0.26,0.72,0.71,0.5030838
0.16,0.48,0.75,0.25,0.73,0.7,0.5030839
0.18,0.5,0.73,0.3,0.74,0.72,0.5030839
0.16,0.4,0.71,0.23,0.73,0.71,0.503084
0.16,0.42,0.73,0.23,0.74,0.7,0.503084
0.16,0.45,0.75,0.25,0.75,0.71,0.503084
0.16,0.49,0.75,0.21,0.72,0.7,0.503084
0.16,0.46,0.7,0.3,0.73,0.7,0.5030842
0.16,0.5,0.75,0.29,0.73,0.7,0.5030842
0.17,0.46,0.74,0.28,0.74,0.7,0.5030843
0.17,0.49,0.72,0.28,0.74,0.7,0.5030843
0.16,0.4,0.74,0.2,0.72,0.71,0.5030844
0.16,0.49,0.73,0.26,0.76,0.71,0.5030844
0.17,0.49,0.72,0.2,0.72,0.7,0.5030844
0.17,0.45,0.75,0.22,0.76,0.72,0.5030846
0.16,0.49,0.73,0.22,0.75,0.71,0.5030847
0.17,0.46,0.7,0.3,0.74,0.71,0.5030847
0.17,0.4,0.7,0.25,0.75,0.7,0.5030849
0.17,0.5,0.7,0.2,0.73,0.71,0.503085
0.17,0.42,0.74,0.21,0.72,0.71,0.5030852
0.17,0.5,0.71,0.25,0.72,0.7,0.5030853
0.18,0.4,0.72,0.23,0.76,0.71,0.5030853
0.17,0.48,0.75,0.22,0.74,0.71,0.5030854
0.16,0.47,0.74,0.29,0.73,0.72,0.5030855
0.16,0.5,0.71,0.22,0.76,0.72,0.5030857
0.16,0.46,0.75,0.29,0.75,0.72,0.503086
0.17,0.45,0.73,0.2,0.73,0.7,0.503086
0.17,0.42,0.73,0.2,0.75,0.71,0.5030861
0.18,0.49,0.72,0.3,0.73,0.7,0.5030861
0.17,0.47,0.72,0.25,0.76,0.7,0.5030862
0.16,0.45,0.71,0.27,0.72,0.72,0.5030863
0.16,0.44,0.72,0.27,0.74,0.72,0.5030864
0.18,0.44,0.73,0.25,0.72,0.72,0.5030864
0.17,0.44,0.73,0.24,0.74,0.7,0.5030865
0.18,0.47,0.71,0.3,0.74,0.72,0.5030866
0.17,0.47,0.75,0.26,0.75,0.71,0.5030868
0.18,0.46,0.72,0.3,0.76,0.72,0.5030869
0.18,0.43,0.74,0.25,0.74,0.72,0.503087
0.18,0.45,0.73,0.28,0.73,0.7,0.5030871
0.16,0.46,0.71,0.3,0.73,0.7,0.5030872
0.16,0.5,0.72,0.23,0.74,0.71,0.5030872
0.17,0.45,0.7,0.29,0.74,0.71,0.5030872
0.16,0.49,0.74,0.23,0.73,0.7,0.5030873
0.17,0.42,0.72,0.24,0.72,0.71,0.5030873
0.16,0.43,0.73,0.27,0.76,0.72,0.5030874
0.18,0.43,0.7,0.26,0.72,0.7,0.5030874
0.17,0.47,0.72,0.21,0.75,0.7,0.5030875
0.18,0.47,0.75,0.23,0.76,0.72,0.5030875
0.18,0.48,0.74,0.29,0.74,0.7,0.5030875
0.18,0.44,0.74,0.22,0.72,0.71,0.5030876
0.16,0.5,0.72,0.27,0.75,0.71,0.5030879
0.17,0.48,0.7,0.21,0.76,0.71,0.5030879
0.16,0.43,0.75,0.22,0.72,0.71,0.503088
0.16,0.45,0.72,0.3,0.75,0.7,0.503088
0.17,0.44,0.71,0.29,0.76,0.71,0.503088
0.16,0.49,0.74,0.27,0.74,0.7,0.5030883
0.17,0.41,0.73,0.24,0.76,0.71,0.5030883
0.18,0.44,0.73,0.21,0.75,0.71,0.5030884
0.18,0.49,0.75,0.22,0.76,0.72,0.5030884
0.17,0.41,0.73,0.24,0.74,0.71,0.5030885
0.18,0.42,0.71,0.26,0.74,0.7,0.5030885
0.16,0.43,0.74,0.21,0.75,0.71,0.5030886
0.16,0.46,0.74,0.21,0.73,0.7,0.5030886
0.18,0.45,0.74,0.29,0.76,0.71,0.5030886
0.16,0.47,0.75,0.29,0.74,0.7,0.5030887
0.16,0.41,0.74,0.22,0.72,0.72,0.5030888
0.16,0.4,0.71,0.23,0.72,0.7,0.5030889
0.16,0.41,0.7,0.25,0.75,0.72,0.5030891
0.17,0.48,0.71,0.26,0.75,0.7,0.5030891
0.18,0.41,0.71,0.23,0.73,0.72,0.5030891
0.18,0.41,0.74,0.22,0.74,0.72,0.5030892
0.16,0.47,0.7,0.29,0.72,0.72,0.5030893
0.17,0.48,0.71,0.22,0.74,0.7,0.5030893
0.18,0.47,0.73,0.21,0.73,0.7,0.5030893
0.16,0.42,0.7,0.28,0.76,0.7,0.5030897
0.16,0.5,0.73,0.24,0.72,0.7,0.5030897
0.18,0.46,0.73,0.25,0.74,0.7,0.5030898
0.16,0.47,0.71,0.3,0.75,0.72,0.50309
0.18,0.4,0.72,0.23,0.75,0.72,0.50309
0.18,0.5,0.72,0.29,0.72,0.72,0.50309
0.18,0.49,0.75,0.27,0.75,0.71,0.5030901
0.18,0.5,0.74,0.23,0.75,0.72,0.5030901
0.18,0.5,0.74,0.27,0.76,0.72,0.5030901
0.16,0.45,0.74,0.25,0.74,0.7,0.5030903
0.18,0.43,0.73,0.25,0.76,0.71,0.5030903
0.18,0.5,0.71,0.28,0.74,0.71,0.5030903
0.17,0.45,0.75,0.23,0.72,0.71,0.5030904
0.17,0.46,0.73,0.28,0.73,0.72,0.5030906
0.17,0.49,0.75,0.3,0.72,0.72,0.5030906
0.16,0.47,0.74,0.29,0.72,0.71,0.5030908
0.16,0.5,0.73,0.3,0.73,0.7,0.5030909
0.17,0.45,0.74,0.22,0.75,0.71,0.5030909
0.16,0.4,0.75,0.22,0.74,0.72,0.503091
0.17,0.45,0.74,0.28,0.75,0.72,0.503091
0.17,0.5,0.73,0.3,0.74,0.71,0.5030911
0.16,0.46,0.75,0.29,0.74,0.71,0.5030913
0.16,0.44,0.72,0.27,0.73,0.71,0.5030914
0.18,0.5,0.73,0.3,0.75,0.72,0.5030914
0.17,0.42,0.75,0.23,0.74,0.72,0.5030915
0.18,0.4,0.71,0.23,0.75,0.7,0.5030915
0.16,0.5,0.73,0.28,0.73,0.7,0.5030917
0.17,0.49,0.75,0.3,0.74,0.7,0.5030917
0.16,0.42,0.74,0.25,0.76,0.71,0.5030919
0.16,0.46,0.7,0.3,0.74,0.7,0.5030919
0.17,0.43,0.71,0.26,0.74,0.72,0.5030919
0.17,0.44,0.7,0.26,0.72,0.72,0.5030919
0.17,0.49,0.7,0.23,0.73,0.7,0.5030919
0.18,0.47,0.71,0.3,0.73,0.71,0.5030919
0.16,0.46,0.73,0.2,0.76,0.7,0.503092
0.17,0.48,0.74,0.22,0.73,0.7,0.503092
0.18,0.46,0.72,0.3,0.75,0.71,0.5030921
0.17,0.42,0.72,0.2,0.74,0.7,0.5030923
0.17,0.46,0.7,0.3,0.75,0.71,0.5030923
0.16,0.43,0.73,0.27,0.75,0.71,0.5030924
0.17,0.45,0.7,0.29,0.73,0.7,0.5030924
0.18,0.45,0.75,0.2,0.73,0.72,0.5030925
0.17,0.46,0.75,0.3,0.76,0.71,0.5030927
0.17,0.49,0.7,0.27,0.74,0.7,0.5030927
0.18,0.46,0.7,0.3,0.76,0.72,0.5030928
0.16,0.48,0.72,0.2,0.76,0.71,0.5030929
0.17,0.42,0.72,0.26,0.76,0.72,0.503093
0.17,0.44,0.71,0.29,0.75,0.7,0.5030932
0.17,0.47,0.74,0.26,0.74,0.7,0.5030932
0.16,0.48,0.73,0.25,0.75,0.7,0.5030934
0.18,0.43,0.7,0.28,0.76,0.71,0.5030935
0.18,0.47,0.75,0.24,0.72,0.71,0.5030935
0.18,0.5,0.75,0.24,0.73,0.71,0.5030935
0.16,0.41,0.7,0.25,0.74,0.71,0.5030938
0.17,0.44,0.74,0.26,0.76,0.71,0.5030938
0.18,0.44,0.75,0.24,0.74,0.72,0.5030938
0.18,0.49,0.72,0.3,0.74,0.7,0.5030938
0.18,0.47,0.74,0.23,0.75,0.71,0.5030939
0.16,0.49,0.71,0.25,0.76,0.71,0.503094
0.16,0.46,0.75,0.23,0.75,0.71,0.5030942
0.18,0.41,0.71,0.23,0.72,0.71,0.5030942
0.16,0.48,0.73,0.21,0.74,0.7,0.5030945
0.17,0.41,0.72,0.24,0.75,0.7,0.5030945
0.18,0.5,0.75,0.28,0.74,0.71,0.5030947
0.16,0.43,0.73,0.21,0.74,0.7,0.5030948
0.18,0.44,0.72,0.21,0.74,0.7,0.5030949
0.18,0.45,0.73,0.29,0.75,0.7,0.5030949
0.16,0.49,0.71,0.21,0.75,0.71,0.503095
0.16,0.4,0.71,0.25,0.76,0.71,0.5030951
0.18,0.4,0.72,0.23,0.74,0.71,0.5030953
0.18,0.41,0.73,0.22,0.73,0.71,0.5030953
0.18,0.41,0.72,0.21,0.76,0.71,0.5030954
0.16,0.45,0.75,0.26,0.72,0.72,0.5030955
0.18,0.47,0.75,0.29,0.74,0.72,0.5030955
0.17,0.47,0.7,0.24,0.76,0.7,0.5030956
0.18,0.48,0.74,0.29,0.72,0.72,0.5030956
0.17,0.46,0.73,0.28,0.72,0.71,0.5030959
0.18,0.45,0.72,0.27,0.73,0.72,0.503096
0.18,0.5,0.75,0.2,0.72,0.71,0.5030961
0.16,0.48,0.73,0.29,0.76,0.7,0.5030963
0.18,0.46,0.74,0.27,0.76,0.71,0.5030963
0.16,0.4,0.73,0.21,0.76,0.71,0.5030964
0.17,0.45,0.74,0.28,0.74,0.71,0.5030964
0.18,0.44,0.73,0.27,0.75,0.72,0.5030964
0.16,0.4,0.74,0.22,0.73,0.71,0.5030966
0.16,0.49,0.72,0.26,0.74,0.7,0.5030966
0.17,0.4,0.73,0.21,0.72,0.72,0.5030966
0.18,0.43,0.72,0.25,0.75,0.7,0.5030966
0.16,0.46,0.75,0.29,0.73,0.7,0.5030967
0.16,0.47,0.7,0.29,0.73,0.72,0.5030967
0.16,0.44,0.72,0.27,0.72,0.7,0.5030968
0.16,0.49,0.72,0.22,0.73,0.7,0.5030968
0.16,0.48,0.75,0.27,0.74,0.7,0.5030969
0.17,0.43,0.71,0.26,0.73,0.71,0.5030969
0.17,0.48,0.75,0.24,0.75,0.71,0.5030969
0.18,0.5,0.7,0.27,0.72,0.71,0.5030969
0.16,0.45,0.71,0.29,0.75,0.72,0.503097
0.17,0.5,0.72,0.29,0.72,0.71,0.503097
0.16,0.46,0.7,0.29,0.73,0.72,0.5030971
0.17,0.45,0.73,0.22,0.74,0.7,0.5030973
0.18,0.47,0.71,0.3,0.72,0.7,0.5030973
0.18,0.5,0.72,0.29,0.73,0.72,0.5030973
0.16,0.42,0.73,0.24,0.73,0.72,0.5030974
0.17,0.46,0.75,0.2,0.76,0.72,0.5030974
0.16,0.5,0.7,0.26,0.75,0.71,0.5030975
0.18,0.46,0.72,0.3,0.74,0.7,0.5030975
0.16,0.47,0.71,0.3,0.76,0.72,0.5030976
0.16,0.45,0.75,0.27,0.76,0.71,0.5030977
0.16,0.5,0.7,0.22,0.74,0.71,0.5030977
0.17,0.42,0.74,0.23,0.73,0.71,0.5030977
0.16,0.43,0.73,0.27,0.74,0.7,0.5030978
0.17,0.42,0.73,0.22,0.76,0.71,0.5030978
0.17,0.47,0.7,0.2,0.75,0.7,0.5030979
0.18,0.49,0.73,0.21,0.76,0.72,0.5030979
0.16,0.42,0.73,0.25,0.75,0.7,0.503098
0.17,0.42,0.72,0.26,0.75,0.71,0.5030982
0.18,0.42,0.7,0.25,0.74,0.72,0.5030984
0.16,0.41,0.74,0.24,0.75,0.72,0.5030986
0.17,0.5,0.73,0.3,0.75,0.71,0.5030987
0.18,0.43,0.7,0.28,0.75,0.7,0.5030987
0.18,0.5,0.72,0.26,0.76,0.72,0.5030987
0.16,0.41,0.7,0.25,0.73,0.7,0.5030988
0.17,0.46,0.74,0.3,0.75,0.7,0.5030989
0.18,0.45,0.74,0.2,0.72,0.71,0.5030989
0.18,0.5,0.73,0.3,0.76,0.72,0.5030989
0.18,0.41,0.71,0.25,0.76,0.72,0.5030992
0.16,0.44,0.75,0.2,0.72,0.71,0.5030993
0.18,0.49,0.74,0.26,0.75,0.71,0.5030994
0.16,0.5,0.71,0.23,0.72,0.7,0.5030995
0.18,0.49,0.71,0.29,0.72,0.7,0.5030997
0.16,0.46,0.7,0.3,0.75,0.7,0.5030999
0.18,0.42,0.74,0.2,0.74,0.72,0.5030999
0.18,0.5,0.72,0.22,0.75,0.72,0.5030999
0.17,0.47,0.75,0.28,0.76,0.71,0.5031
0.17,0.44,0.73,0.26,0.75,0.7,0.5031001
0.17,0.46,0.7,0.3,0.76,0.71,0.5031001
0.18,0.44,0.74,0.24,0.73,0.71,0.5031002
0.16,0.4,0.71,0.25,0.75,0.7,0.5031003
0.16,0.47,0.72,0.23,0.76,0.7,0.5031003
0.16,0.5,0.71,0.27,0.73,0.7,0.5031003
0.18,0.44,0.73,0.23,0.76,0.71,0.5031003
0.18,0.48,0.75,0.21,0.76,0.72,0.5031003
0.18,0.49,0.74,0.22,0.74,0.71,0.5031004
0.16,0.46,0.74,0.23,0.74,0.7,0.5031006
0.18,0.47,0.73,0.23,0.74,0.7,0.5031006
0.16,0.4,0.7,0.22,0.72,0.72,0.5031009
0.18,0.47,0.75,0.29,0.73,0.71,0.5031009
0.16,0.41,0.75,0.2,0.74,0.72,0.503101
0.16,0.43,0.74,0.23,0.76,0.71,0.503101
0.16,0.43,0.75,0.24,0.73,0.71,0.503101
0.17,0.44,0.74,0.25,0.72,0.72,0.5031011
0.17,0.47,0.72,0.3,0.74,0.72,0.5031011
0.17,0.46,0.73,0.3,0.76,0.72,0.5031014
0.18,0.41,0.72,0.22,0.72,0.7,0.5031014
0.18,0.45,0.72,0.27,0.72,0.71,0.5031014
0.17,0.46,0.75,0.21,0.72,0.71,0.5031015
0.18,0.41,0.71,0.21,0.75,0.7,0.5031017
0.17,0.43,0.75,0.25,0.74,0.72,0.5031018
0.18,0.44,0.73,0.27,0.74,0.71,0.5031018
0.17,0.43,0.75,0.21,0.74,0.72,0.5031019
0.17,0.45,0.74,0.28,0.73,0.7,0.5031019
0.16,0.45,0.71,0.29,0.74,0.71,0.5031021
0.16,0.46,0.7,0.29,0.72,0.71,0.5031021
0.17,0.43,0.71,0.26,0.72,0.7,0.5031022
0.17,0.44,0.7,0.28,0.75,0.72,0.5031023
0.18,0.5,0.73,0.23,0.73,0.71,0.5031023
0.16,0.42,0.73,0.24,0.72,0.71,0.5031024
0.18,0.5,0.73,0.27,0.74,0.71,0.5031024
0.16,0.4,0.72,0.21,0.75,0.7,0.5031025
0.18,0.49,0.74,0.3,0.76,0.71,0.5031025
0.16,0.4,0.73,0.22,0.72,0.7,0.5031026
0.17,0.5,0.74,0.25,0.76,0.72,0.5031028
0.16,0.44,0.72,0.29,0.76,0.71,0.5031029
0.16,0.48,0.71,0.24,0.75,0.7,0.5031029
0.18,0.46,0.73,0.27,0.75,0.7,0.5031029
0.17,0.45,0.74,0.24,0.76,0.71,0.5031032
0.17,0.49,0.75,0.2,0.76,0.72,0.5031032
0.17,0.45,0.75,0.25,0.73,0.71,0.5031033
0.17,0.48,0.74,0.24,0.74,0.7,0.5031034
0.17,0.42,0.72,0.26,0.74,0.7,0.5031035
0.18,0.42,0.7,0.25,0.73,0.71,0.5031035
0.16,0.41,0.74,0.24,0.74,0.71,0.5031038
0.17,0.46,0.74,0.2,0.75,0.71,0.5031038
0.17,0.41,0.72,0.23,0.73,0.72,0.5031039
0.18,0.46,0.74,0.28,0.72,0.7,0.5031039
0.16,0.45,0.74,0.27,0.75,0.7,0.503104
0.16,0.47,0.7,0.29,0.74,0.72,0.5031041
0.17,0.42,0.73,0.23,0.72,0.7,0.5031041
0.18,0.45,0.75,0.22,0.74,0.72,0.5031041
0.17,0.42,0.72,0.22,0.75,0.7,0.5031042
0.17,0.5,0.7,0.27,0.72,0.7,0.5031043
0.16,0.48,0.71,0.28,0.76,0.7,0.5031044
0.18,0.41,0.71,0.25,0.75,0.71,0.5031044
0.16,0.5,0.72,0.29,0.72,0.7,0.5031045
0.17,0.5,0.72,0.29,0.73,0.71,0.5031046
0.18,0.48,0.75,0.22,0.72,0.71,0.5031046
0.18,0.5,0.7,0.27,0.73,0.71,0.5031046
0.17,0.5,0.74,0.21,0.75,0.72,0.5031048
0.18,0.5,0.72,0.29,0.74,0.72,0.5031048
0.17,0.4,0.73,0.23,0.75,0.72,0.5031049
0.16,0.48,0.71,0.2,0.74,0.7,0.503105
0.16,0.46,0.74,0.28,0.73,0.72,0.5031054
0.18,0.48,0.73,0.24,0.76,0.71,0.5031054
0.18,0.4,0.71,0.25,0.76,0.7,0.5031056
0.16,0.45,0.75,0.28,0.75,0.72,0.5031058
0.18,0.42,0.73,0.2,0.73,0.71,0.503106
0.18,0.47,0.74,0.25,0.76,0.71,0.5031061
0.18,0.47,0.75,0.26,0.73,0.71,0.5031061
0.16,0.49,0.7,0.25,0.74,0.7,0.5031062
0.16,0.47,0.75,0.21,0.75,0.71,0.5031063
0.18,0.46,0.71,0.29,0.74,0.72,0.5031063
0.17,0.47,0.72,0.3,0.73,0.71,0.5031064
0.17,0.5,0.75,0.26,0.74,0.71,0.5031064
0.17,0.47,0.74,0.28,0.75,0.7,0.5031065
0.16,0.46,0.75,0.25,0.76,0.71,0.5031067
0.17,0.46,0.73,0.3,0.75,0.71,0.5031067
0.18,0.44,0.73,0.24,0.72,0.7,0.5031067
0.18,0.45,0.72,0.29,0.76,0.72,0.5031067
0.18,0.47,0.7,0.29,0.72,0.72,0.5031067
0.18,0.44,0.72,0.23,0.75,0.7,0.5031068
0.18,0.44,0.75,0.26,0.75,0.72,0.5031069
0.16,0.41,0.74,0.2,0.73,0.71,0.503107
0.16,0.43,0.72,0.26,0.74,0.72,0.503107
0.16,0.44,0.71,0.26,0.72,0.72,0.503107
0.18,0.48,0.74,0.21,0.75,0.71,0.503107
0.18,0.5,0.74,0.28,0.72,0.7,0.5031072
0.16,0.49,0.7,0.21,0.73,0.7,0.5031073
0.18,0.49,0.71,0.29,0.73,0.7,0.5031073
0.16,0.43,0.73,0.23,0.75,0.7,0.5031074
0.16,0.43,0.74,0.24,0.72,0.7,0.5031074
0.16,0.45,0.71,0.29,0.73,0.7,0.5031074
0.18,0.44,0.73,0.27,0.73,0.7,0.5031074
0.17,0.44,0.7,0.28,0.74,0.71,0.5031075
0.17,0.5,0.75,0.22,0.73,0.71,0.5031075
0.18,0.43,0.73,0.24,0.72,0.72,0.5031075
0.18,0.49,0.72,0.25,0.75,0.71,0.5031078
0.16,0.46,0.7,0.3,0.76,0.7,0.5031079
0.16,0.42,0.73,0.26,0.76,0.72,0.503108
0.17,0.47,0.75,0.29,0.72,0.7,0.503108
0.16,0.44,0.72,0.29,0.75,0.7,0.5031082
0.18,0.42,0.74,0.24,0.74,0.72,0.5031082
0.17,0.43,0.74,0.21,0.73,0.71,0.5031083
0.18,0.49,0.71,0.2,0.76,0.72,0.5031083
0.17,0.43,0.71,0.28,0.76,0.71,0.5031084
0.18,0.48,0.73,0.2,0.75,0.71,0.5031084
0.18,0.5,0.7,0.25,0.76,0.72,0.5031086
0.18,0.42,0.7,0.25,0.72,0.7,0.5031088
0.17,0.41,0.72,0.23,0.72,0.71,0.503109
0.17,0.41,0.72,0.26,0.76,0.7,0.503109
0.17,0.48,0.75,0.26,0.76,0.71,0.5031094
0.17,0.5,0.75,0.3,0.75,0.71,0.5031095
0.17,0.45,0.73,0.24,0.75,0.7,0.5031098
0.17,0.45,0.74,0.25,0.72,0.7,0.5031098
0.18,0.41,0.71,0.25,0.74,0.7,0.5031098
0.17,0.43,0.73,0.2,0.76,0.71,0.5031099
0.17,0.48,0.75,0.29,0.72,0.72,0.50311
0.18,0.49,0.72,0.21,0.74,0.71,0.50311
0.18,0.49,0.72,0.29,0.76,0.71,0.50311
0.17,0.4,0.73,0.23,0.74,0.71,0.5031102
0.16,0.41,0.7,0.27,0.76,0.7,0.5031104
0.16,0.47,0.7,0.22,0.76,0.7,0.5031104
0.17,0.4,0.74,0.21,0.75,0.72,0.5031104
0.17,0.46,0.73,0.2,0.74,0.7,0.5031105
0.16,0.48,0.75,0.29,0.75,0.7,0.5031106
0.17,0.45,0.73,0.27,0.73,0.72,0.5031106
0.18,0.43,0.72,0.27,0.76,0.7,0.5031106
0.18,0.45,0.74,0.22,0.73,0.71,0.5031106
0.18,0.5,0.7,0.21,0.75,0.72,0.5031106
0.16,0.4,0.7,0.24,0.75,0.72,0.5031107
0.16,0.46,0.74,0.28,0.72,0.71,0.5031108
0.16,0.44,0.75,0.22,0.73,0.71,0.503111
0.18,0.49,0.75,0.3,0.72,0.7,0.503111
0.18,0.5,0.71,0.26,0.74,0.71,0.5031111
0.17,0.44,0.74,0.27,0.75,0.72,0.5031112
0.16,0.45,0.75,0.28,0.74,0.71,0.5031113
0.18,0.42,0.74,0.22,0.75,0.72,0.5031113
0.18,0.4,0.71,0.22,0.73,0.72,0.5031115
0.18,0.5,0.71,0.28,0.72,0.72,0.5031115
0.16,0.47,0.7,0.29,0.75,0.72,0.5031116
0.18,0.46,0.71,0.29,0.73,0.71,0.5031116
0.16,0.4,0.74,0.21,0.72,0.72,0.5031118
0.17,0.47,0.72,0.3,0.72,0.7,0.5031119
0.18,0.49,0.73,0.26,0.73,0.7,0.5031119
0.18,0.45,0.72,0.29,0.75,0.71,0.503112
0.16,0.43,0.72,0.26,0.73,0.71,0.5031121
0.16,0.5,0.72,0.29,0.73,0.7,0.5031122
0.17,0.46,0.73,0.3,0.74,0.7,0.5031122
0.17,0.5,0.72,0.29,0.74,0.71,0.5031122
0.18,0.5,0.71,0.22,0.73,0.71,0.5031122
0.16,0.44,0.74,0.21,0.76,0.71,0.5031123
0.17,0.49,0.74,0.24,0.75,0.71,0.5031123
0.17,0.5,0.73,0.3,0.72,0.72,0.5031123
0.18,0.5,0.72,0.29,0.75,0.72,0.5031123
0.17,0.5,0.72,0.24,0.76,0.72,0.5031124
0.18,0.42,0.72,0.2,0.72,0.7,0.5031124
0.18,0.45,0.73,0.21,0.76,0.71,0.5031124
0.18,0.5,0.7,0.27,0.74,0.71,0.5031124
0.16,0.42,0.73,0.27,0.76,0.7,0.5031126
0.18,0.47,0.73,0.25,0.75,0.7,0.5031127
0.18,0.47,0.74,0.26,0.72,0.7,0.5031127
0.18,0.49,0.73,0.22,0.72,0.7,0.5031127
0.16,0.41,0.75,0.22,0.75,0.72,0.5031128
0.17,0.44,0.7,0.28,0.73,0.7,0.5031128
0.16,0.47,0.74,0.21,0.74,0.7,0.5031129
0.16,0.41,0.73,0.2,0.72,0.7,0.5031131
0.17,0.42,0.71,0.25,0.74,0.72,0.5031131
0.16,0.46,0.74,0.25,0.75,0.7,0.5031132
0.17,0.43,0.7,0.25,0.72,0.72,0.5031132
0.16,0.42,0.73,0.26,0.75,0.71,0.5031133
0.18,0.44,0.74,0.26,0.74,0.71,0.5031133
0.17,0.46,0.75,0.23,0.73,0.71,0.5031134
0.16,0.46,0.75,0.26,0.72,0.7,0.5031137
0.17,0.43,0.71,0.28,0.75,0.7,0.5031137
0.17,0.49,0.74,0.28,0.76,0.71,0.5031137
0.17,0.43,0.75,0.23,0.75,0.72,0.5031138
0.17,0.41,0.72,0.25,0.76,0.72,0.5031141
0.18,0.42,0.7,0.27,0.76,0.71,0.5031141
0.18,0.41,0.71,0.23,0.76,0.7,0.5031143
0.17,0.44,0.73,0.28,0.76,0.7,0.5031144
0.17,0.46,0.74,0.22,0.76,0.71,0.5031145
0.18,0.41,0.72,0.24,0.73,0.7,0.5031148
0.18,0.49,0.72,0.3,0.72,0.71,0.5031148
0.17,0.43,0.73,0.21,0.72,0.7,0.5031149
0.17,0.5,0.73,0.25,0.74,0.71,0.503115
0.18,0.48,0.71,0.23,0.76,0.71,0.503115
0.18,0.49,0.73,0.3,0.74,0.7,0.503115
0.18,0.46,0.75,0.28,0.74,0.72,0.5031152
0.18,0.5,0.72,0.27,0.72,0.7,0.5031152
0.17,0.49,0.74,0.2,0.74,0.71,0.5031153
0.17,0.5,0.72,0.2,0.75,0.72,0.5031153
0.18,0.47,0.74,0.28,0.72,0.72,0.5031153
0.16,0.4,0.7,0.24,0.74,0.71,0.5031156
0.16,0.47,0.73,0.3,0.74,0.72,0.5031156
0.16,0.4,0.72,0.23,0.76,0.7,0.5031158
0.16,0.46,0.74,0.3,0.76,0.72,0.503116
0.16,0.44,0.75,0.25,0.72,0.72,0.5031161
0.17,0.45,0.73,0.27,0.72,0.71,0.5031161
0.18,0.45,0.75,0.24,0.75,0.72,0.5031161
0.17,0.48,0.75,0.27,0.72,0.7,0.5031162
0.18,0.46,0.75,0.2,0.74,0.72,0.5031162
0.16,0.48,0.72,0.3,0.72,0.72,0.5031163
0.18,0.48,0.75,0.24,0.73,0.71,0.5031163
0.17,0.4,0.73,0.21,0.74,0.71,0.5031165
0.18,0.44,0.72,0.26,0.73,0.72,0.5031165
0.17,0.43,0.72,0.2,0.75,0.7,0.5031166
0.17,0.44,0.74,0.27,0.74,0.71,0.5031167
0.18,0.4,0.71,0.22,0.72,0.71,0.5031167
0.18,0.46,0.73,0.29,0.76,0.7,0.5031167
0.17,0.45,0.75,0.27,0.74,0.71,0.5031169
0.16,0.5,0.74,0.23,0.76,0.72,0.5031171
0.17,0.5,0.73,0.21,0.73,0.71,0.5031171
0.17,0.5,0.73,0.29,0.75,0.71,0.5031172
0.18,0.43,0.73,0.26,0.75,0.72,0.5031172
0.18,0.45,0.73,0.22,0.72,0.7,0.5031172
0.18,0.46,0.71,0.29,0.72,0.7,0.5031172
0.16,0.44,0.71,0.28,0.75,0.72,0.5031173
0.16,0.45,0.7,0.28,0.73,0.72,0.5031173
0.17,0.42,0.72,0.24,0.76,0.7,0.5031174
0.16,0.43,0.72,0.26,0.72,0.7,0.5031175
0.16,0.47,0.75,0.23,0.76,0.71,0.5031175
0.16,0.44,0.74,0.22,0.72,0.7,0.5031176
0.18,0.45,0.72,0.29,0.74,0.7,0.5031176
0.18,0.49,0.7,0.24,0.75,0.71,0.5031177
0.18,0.42,0.73,0.22,0.74,0.71,0.5031178
0.18,0.48,0.72,0.24,0.74,0.7,0.5031178
0.17,0.42,0.73,0.25,0.73,0.7,0.5031179
0.18,0.49,0.75,0.2,0.72,0.71,0.5031179
0.17,0.42,0.71,0.25,0.73,0.71,0.5031182
0.16,0.45,0.74,0.29,0.76,0.7,0.5031183
0.16,0.42,0.73,0.26,0.74,0.7,0.5031187
0.17,0.5,0.71,0.28,0.72,0.71,0.5031187
0.16,0.41,0.74,0.22,0.74,0.71,0.5031188
0.16,0.44,0.73,0.21,0.75,0.7,0.5031189
0.17,0.5,0.74,0.26,0.72,0.7,0.5031189
0.18,0.5,0.71,0.28,0.73,0.72,0.503119
0.16,0.47,0.7,0.29,0.76,0.72,0.5031191
0.18,0.45,0.72,0.21,0.75,0.7,0.5031191
0.18,0.48,0.72,0.28,0.75,0.7,0.5031191
0.16,0.41,0.73,0.23,0.73,0.72,0.5031192
0.18,0.47,0.75,0.28,0.74,0.71,0.5031193
0.17,0.41,0.72,0.25,0.75,0.71,0.5031194
0.17,0.5,0.73,0.3,0.73,0.72,0.5031194
0.16,0.5,0.73,0.3,0.72,0.71,0.5031195
0.18,0.42,0.7,0.27,0.75,0.7,0.5031195
0.18,0.44,0.72,0.25,0.76,0.7,0.5031196
0.17,0.48,0.73,0.22,0.76,0.71,0.5031198
0.18,0.41,0.7,0.24,0.74,0.72,0.5031198
0.16,0.5,0.75,0.24,0.74,0.71,0.5031199
0.17,0.5,0.72,0.29,0.75,0.71,0.5031199
0.18,0.44,0.73,0.26,0.73,0.7,0.5031199
0.18,0.5,0.72,0.29,0.76,0.72,0.5031199
0.17,0.46,0.74,0.23,0.72,0.7,0.50312
0.16,0.4,0.74,0.23,0.75,0.72,0.5031203
0.17,0.43,0.74,0.23,0.74,0.71,0.5031203
0.18,0.49,0.71,0.25,0.73,0.7,0.5031204
0.16,0.4,0.7,0.24,0.73,0.7,0.5031206
0.17,0.47,0.74,0.3,0.76,0.7,0.5031206
0.18,0.4,0.71,0.24,0.76,0.72,0.5031206
0.18,0.49,0.7,0.2,0.74,0.71,0.5031206
0.16,0.43,0.73,0.25,0.76,0.7,0.5031207
0.17,0.46,0.72,0.29,0.74,0.72,0.5031208
0.18,0.46,0.75,0.28,0.73,0.71,0.5031208
0.18,0.48,0.72,0.2,0.73,0.7,0.5031208
0.16,0.5,0.75,0.28,0.75,0.71,0.5031209
0.16,0.47,0.73,0.3,0.73,0.71,0.503121
0.17,0.46,0.73,0.22,0.75,0.7,0.5031212
0.17,0.47,0.71,0.29,0.72,0.72,0.5031212
0.17,0.45,0.73,0.29,0.76,0.72,0.5031213
0.18,0.49,0.7,0.28,0.72,0.7,0.5031213
0.16,0.46,0.74,0.3,0.75,0.71,0.5031214
0.16,0.43,0.74,0.26,0.73,0.7,0.5031216
0.17,0.49,0.72,0.23,0.75,0.71,0.503122
0.17,0.49,0.72,0.27,0.76,0.71,0.503122
0.17,0.49,0.72,0.3,0.72,0.7,0.5031221
0.18,0.44,0.72,0.26,0.72,0.71,0.5031221
0.18,0.49,0.72,0.3,0.73,0.71,0.5031221
0.17,0.43,0.74,0.24,0.72,0.72,0.5031222
0.17,0.5,0.74,0.3,0.73,0.7,0.5031222
0.16,0.45,0.7,0.28,0.72,0.71,0.5031224
0.17,0.41,0.75,0.2,0.72,0.72,0.5031224
0.16,0.44,0.71,0.28,0.74,0.71,0.5031225
0.18,0.49,0.71,0.21,0.72,0.7,0.5031225
0.18,0.43,0.73,0.26,0.74,0.71,0.5031226
0.16,0.5,0.75,0.2,0.73,0.71,0.5031227
0.18,0.43,0.74,0.2,0.75,0.72,0.5031227
0.18,0.45,0.74,0.24,0.74,0.71,0.5031227
0.17,0.4,0.72,0.21,0.73,0.7,0.5031228
0.17,0.42,0.75,0.24,0.74,0.72,0.5031228
0.18,0.43,0.75,0.21,0.72,0.72,0.5031228
0.18,0.49,0.71,0.29,0.74,0.7,0.5031228
0.16,0.45,0.75,0.2,0.73,0.71,0.5031229
0.17,0.43,0.7,0.27,0.75,0.72,0.5031229
0.17,0.45,0.73,0.26,0.76,0.7,0.5031229
0.17,0.4,0.74,0.23,0.76,0.72,0.503123
0.18,0.46,0.74,0.2,0.73,0.71,0.503123
0.17,0.48,0.74,0.27,0.75,0.7,0.5031231
0.17,0.5,0.7,0.23,0.76,0.72,0.5031231
0.18,0.48,0.74,0.24,0.72,0.7,0.5031231
0.16,0.43,0.72,0.28,0.76,0.71,0.5031234
0.17,0.45,0.74,0.27,0.73,0.7,0.5031234
0.16,0.47,0.75,0.24,0.72,0.7,0.5031235
0.16,0.42,0.75,0.2,0.75,0.72,0.5031236
0.16,0.44,0.75,0.24,0.74,0.71,0.5031236
0.17,0.42,0.71,0.25,0.72,0.7,0.5031236
0.18,0.42,0.74,0.24,0.76,0.72,0.5031238
0.17,0.4,0.71,0.2,0.76,0.7,0.5031239
0.18,0.5,0.7,0.26,0.72,0.7,0.503124
0.16,0.47,0.74,0.23,0.75,0.7,0.5031241
0.17,0.44,0.7,0.3,0.76,0.7,0.5031242
0.16,0.41,0.73,0.23,0.72,0.71,0.5031243
0.18,0.42,0.72,0.22,0.73,0.7,0.5031244
0.18,0.47,0.71,0.26,0.76,0.7,0.5031244
0.17,0.5,0.71,0.24,0.74,0.71,0.5031247
0.17,0.44,0.75,0.21,0.75,0.72,0.5031248
0.17,0.49,0.73,0.24,0.73,0.7,0.5031248
0.17,0.41,0.72,0.25,0.74,0.7,0.5031249
0.17,0.47,0.75,0.21,0.73,0.71,0.5031251
0.18,0.41,0.7,0.24,0.73,0.71,0.5031251
0.18,0.47,0.74,0.3,0.75,0.72,0.5031251
0.16,0.41,0.73,0.22,0.73,0.7,0.5031252
0.18,0.47,0.71,0.22,0.75,0.7,0.5031254
0.18,0.48,0.73,0.3,0.73,0.72,0.5031254
0.16,0.45,0.74,0.27,0.73,0.72,0.5031255
0.18,0.47,0.73,0.27,0.76,0.7,0.5031255
0.18,0.42,0.71,0.21,0.76,0.7,0.5031257
0.17,0.46,0.75,0.25,0.74,0.71,0.5031258
0.18,0.47,0.74,0.28,0.73,0.7,0.5031259
0.16,0.41,0.72,0.21,0.76,0.7,0.503126
0.16,0.41,0.75,0.24,0.76,0.72,0.503126
0.16,0.44,0.75,0.27,0.75,0.72,0.503126
0.16,0.49,0.74,0.26,0.76,0.71,0.503126
0.18,0.4,0.71,0.24,0.75,0.71,0.503126
0.16,0.46,0.74,0.27,0.76,0.7,0.5031262
0.17,0.49,0.75,0.25,0.72,0.7,0.5031262
0.17,0.46,0.72,0.29,0.73,0.71,0.5031263
0.17,0.49,0.73,0.28,0.74,0.7,0.5031263
0.17,0.5,0.71,0.28,0.73,0.71,0.5031263
0.18,0.45,0.71,0.28,0.74,0.72,0.5031263
0.18,0.5,0.71,0.28,0.74,0.72,0.5031263
0.17,0.4,0.72,0.22,0.73,0.72,0.5031264
0.16,0.5,0.71,0.28,0.72,0.7,0.5031265
0.16,0.47,0.73,0.3,0.72,0.7,0.5031266
0.17,0.45,0.73,0.29,0.75,0.71,0.5031266
0.17,0.5,0.73,0.3,0.74,0.72,0.5031267
0.17,0.43,0.75,0.25,0.76,0.72,0.5031268
0.18,0.44,0.72,0.28,0.76,0.72,0.5031268
0.18,0.46,0.7,0.28,0.72,0.72,0.5031268
0.16,0.5,0.73,0.3,0.73,0.71,0.5031269
0.18,0.46,0.75,0.22,0.75,0.72,0.5031269
0.16,0.46,0.74,0.3,0.74,0.7,0.503127
0.17,0.43,0.73,0.23,0.73,0.7,0.503127
0.16,0.49,0.74,0.22,0.75,0.71,0.5031271
0.16,0.46,0.75,0.28,0.73,0.7,0.5031274
0.16,0.5,0.72,0.22,0.76,0.72,0.5031275
0.18,0.48,0.7,0.23,0.74,0.7,0.5031275
0.18,0.48,0.7,0.27,0.75,0.7,0.5031276
0.17,0.43,0.72,0.22,0.76,0.7,0.5031278
0.17,0.5,0.71,0.2,0.73,0.71,0.5031278
0.17,0.5,0.72,0.25,0.72,0.7,0.5031278
0.16,0.44,0.71,0.28,0.73,0.7,0.5031279
0.17,0.49,0.73,0.2,0.72,0.7,0.5031279
0.16,0.45,0.7,0.3,0.76,0.72,0.503128
0.17,0.47,0.74,0.2,0.76,0.71,0.503128
0.17,0.43,0.7,0.27,0.74,0.71,0.5031281
0.16,0.42,0.72,0.25,0.74,0.72,0.5031282
0.16,0.43,0.71,0.25,0.72,0.72,0.5031282
0.18,0.49,0.75,0.22,0.73,0.71,0.5031282
0.18,0.48,0.75,0.26,0.74,0.71,0.5031284
0.18,0.45,0.75,0.26,0.76,0.72,0.5031286
0.16,0.43,0.72,0.28,0.75,0.7,0.5031287
0.17,0.47,0.73,0.25,0.76,0.7,0.5031287
0.17,0.42,0.71,0.27,0.76,0.71,0.503129
0.18,0.49,0.7,0.28,0.73,0.7,0.503129
0.16,0.46,0.7,0.3,0.74,0.71,0.5031291
0.17,0.4,0.73,0.23,0.75,0.71,0.5031292
0.17,0.46,0.7,0.3,0.75,0.72,0.5031292
0.18,0.42,0.73,0.23,0.72,0.72,0.5031292
0.18,0.43,0.73,0.2,0.74,0.71,0.5031292
0.16,0.41,0.73,0.25,0.76,0.72,0.5031293
0.16,0.5,0.73,0.27,0.75,0.71,0.5031294
0.16,0.45,0.74,0.2,0.72,0.7,0.5031295
0.16,0.5,0.73,0.23,0.74,0.71,0.5031295
0.18,0.45,0.73,0.24,0.73,0.7,0.5031295
0.18,0.49,0.72,0.3,0.74,0.71,0.5031295
0.17,0.49,0.72,0.3,0.73,0.7,0.5031296
0.17,0.47,0.75,0.28,0.72,0.72,0.5031297
0.16,0.42,0.74,0.2,0.74,0.71,0.5031299
0.17,0.48,0.75,0.29,0.73,0.7,0.5031299
0.17,0.5,0.72,0.29,0.73,0.7,0.50313
0.18,0.41,0.74,0.23,0.74,0.72,0.50313
0.18,0.46,0.73,0.2,0.72,0.7,0.50313
0.16,0.44,0.74,0.24,0.73,0.7,0.5031303
0.16,0.49,0.75,0.23,0.73,0.7,0.5031303
0.18,0.42,0.73,0.24,0.75,0.71,0.5031303
0.18,0.45,0.72,0.23,0.76,0.7,0.5031303
0.16,0.48,0.75,0.21,0.76,0.71,0.5031304
0.16,0.49,0.75,0.27,0.74,0.7,0.5031304
0.17,0.48,0.71,0.21,0.76,0.71,0.5031305
0.16,0.44,0.73,0.23,0.76,0.7,0.5031307
0.17,0.47,0.73,0.21,0.75,0.7,0.5031307
0.18,0.41,0.7,0.24,0.72,0.7,0.5031307
0.18,0.47,0.74,0.3,0.74,0.71,0.5031307
0.18,0.48,0.73,0.3,0.72,0.71,0.5031309
0.16,0.45,0.74,0.27,0.72,0.71,0.5031311
0.17,0.44,0.73,0.26,0.73,0.72,0.5031311
0.18,0.4,0.73,0.2,0.76,0.72,0.5031311
0.18,0.5,0.75,0.27,0.76,0.72,0.5031312
0.17,0.48,0.72,0.26,0.75,0.7,0.5031313
0.17,0.44,0.74,0.21,0.74,0.71,0.5031314
0.17,0.4,0.72,0.22,0.72,0.71,0.5031315
0.18,0.4,0.71,0.24,0.74,0.7,0.5031316
0.16,0.4,0.7,0.26,0.76,0.7,0.5031317
0.16,0.44,0.75,0.27,0.74,0.71,0.5031317
0.17,0.49,0.7,0.26,0.76,0.71,0.5031317
0.18,0.45,0.71,0.28,0.73,0.71,0.5031318
0.17,0.43,0.74,0.26,0.75,0.72,0.5031319
0.17,0.46,0.72,0.29,0.72,0.7,0.5031319
0.18,0.4,0.74,0.21,0.73,0.72,0.5031319
0.18,0.5,0.75,0.23,0.75,0.72,0.5031319
0.17,0.47,0.74,0.21,0.72,0.7,0.5031321
0.17,0.48,0.72,0.22,0.74,0.7,0.5031322
0.16,0.41,0.74,0.24,0.75,0.71,0.5031323
0.17,0.45,0.73,0.29,0.74,0.7,0.5031323
0.18,0.44,0.72,0.28,0.75,0.71,0.5031323
0.16,0.5,0.74,0.24,0.72,0.7,0.5031325
0.17,0.46,0.74,0.25,0.73,0.7,0.5031325
0.17,0.41,0.74,0.21,0.76,0.72,0.5031327
0.17,0.49,0.7,0.22,0.75,0.71,0.5031328
0.17,0.46,0.73,0.24,0.76,0.7,0.503133
0.18,0.47,0.75,0.3,0.75,0.71,0.5031331
0.16,0.45,0.7,0.3,0.75,0.71,0.5031332
0.16,0.42,0.72,0.25,0.73,0.71,0.5031333
0.17,0.41,0.75,0.22,0.73,0.72,0.5031333
0.17,0.43,0.74,0.25,0.75,0.71,0.5031333
0.17,0.43,0.7,0.27,0.73,0.7,0.5031335
0.17,0.5,0.72,0.29,0.72,0.72,0.5031335
0.16,0.5,0.74,0.28,0.73,0.7,0.5031336
0.18,0.46,0.74,0.22,0.74,0.71,0.5031336
0.18,0.5,0.71,0.28,0.75,0.72,0.5031338
0.18,0.43,0.74,0.22,0.76,0.72,0.5031339
0.18,0.5,0.7,0.27,0.72,0.72,0.5031339
0.17,0.5,0.71,0.28,0.74,0.71,0.503134
0.16,0.45,0.75,0.22,0.74,0.71,0.5031341
0.17,0.5,0.73,0.3,0.75,0.72,0.5031341
0.16,0.5,0.71,0.28,0.73,0.7,0.5031342
0.18,0.43,0.75,0.23,0.73,0.72,0.5031342
0.16,0.5,0.73,0.3,0.74,0.71,0.5031343
0.17,0.48,0.72,0.3,0.76,0.7,0.5031343
0.18,0.46,0.7,0.2,0.76,0.7,0.5031344
0.17,0.42,0.71,0.27,0.75,0.7,0.5031345
0.16,0.41,0.73,0.25,0.75,0.71,0.5031346
0.17,0.41,0.71,0.24,0.74,0.72,0.5031347
0.17,0.49,0.71,0.23,0.73,0.7,0.5031347
0.17,0.49,0.71,0.27,0.74,0.7,0.5031347
0.17,0.42,0.7,0.24,0.72,0.72,0.5031348
0.16,0.42,0.75,0.22,0.76,0.72,0.5031349
0.16,0.48,0.75,0.22,0.72,0.7,0.5031349
0.18,0.41,0.7,0.26,0.76,0.71,0.5031352
0.18,0.45,0.74,0.26,0.75,0.71,0.5031352
0.18,0.48,0.74,0.26,0.73,0.7,0.5031353
0.18,0.45,0.75,0.27,0.74,0.72,0.5031354
0.18,0.46,0.74,0.27,0.72,0.72,0.5031354
0.16,0.46,0.73,0.29,0.74,0.72,0.5031355
0.16,0.48,0.73,0.2,0.76,0.71,0.5031356
0.17,0.4,0.72,0.23,0.74,0.7,0.5031356
0.17,0.4,0.72,0.24,0.76,0.72,0.5031356
0.16,0.48,0.74,0.25,0.75,0.7,0.5031357
0.16,0.49,0.72,0.25,0.76,0.71,0.5031357
0.16,0.45,0.74,0.29,0.76,0.72,0.503136
0.16,0.47,0.72,0.29,0.72,0.72,0.503136
0.18,0.43,0.72,0.2,0.73,0.7,0.503136
0.16,0.47,0.74,0.25,0.76,0.7,0.5031361
0.16,0.47,0.75,0.26,0.73,0.7,0.5031361
0.18,0.49,0.71,0.29,0.72,0.71,0.5031361
0.17,0.47,0.75,0.23,0.74,0.71,0.5031363
0.17,0.44,0.75,0.23,0.76,0.72,0.5031364
0.18,0.47,0.74,0.3,0.73,0.7,0.5031364
0.16,0.42,0.73,0.2,0.73,0.7,0.5031365
0.17,0.46,0.7,0.3,0.76,0.72,0.5031366
0.18,0.46,0.7,0.3,0.75,0.72,0.5031366
0.16,0.46,0.7,0.3,0.75,0.71,0.5031367
0.16,0.44,0.75,0.26,0.75,0.71,0.5031368
0.17,0.44,0.73,0.26,0.72,0.71,0.5031368
0.18,0.49,0.72,0.3,0.75,0.71,0.503137
0.17,0.49,0.72,0.3,0.74,0.7,0.5031371
0.18,0.42,0.72,0.24,0.74,0.7,0.5031371
0.16,0.43,0.75,0.24,0.72,0.72,0.5031373
0.18,0.4,0.72,0.2,0.75,0.71,0.5031374
0.17,0.43,0.74,0.26,0.74,0.71,0.5031375
0.18,0.45,0.71,0.28,0.72,0.7,0.5031375
0.16,0.49,0.72,0.21,0.75,0.71,0.5031376
0.17,0.5,0.7,0.24,0.72,0.7,0.5031377
0.18,0.43,0.72,0.25,0.73,0.72,0.5031377
0.16,0.48,0.74,0.21,0.74,0.7,0.5031378
0.16,0.43,0.71,0.27,0.75,0.72,0.5031379
0.18,0.44,0.72,0.28,0.74,0.7,0.5031379
0.16,0.48,0.74,0.29,0.76,0.7,0.503138
0.17,0.47,0.71,0.24,0.76,0.7,0.503138
0.16,0.44,0.7,0.27,0.73,0.72,0.5031381
0.17,0.44,0.73,0.21,0.73,0.7,0.5031382
0.18,0.4,0.73,0.21,0.72,0.71,0.5031382
0.18,0.42,0.73,0.25,0.75,0.72,0.5031383
0.18,0.46,0.75,0.24,0.76,0.72,0.5031384
0.16,0.45,0.7,0.3,0.74,0.7,0.5031385
0.16,0.49,0.73,0.26,0.74,0.7,0.5031387
0.16,0.5,0.7,0.21,0.76,0.72,0.5031387
0.17,0.46,0.75,0.27,0.75,0.71,0.5031387
0.17,0.49,0.75,0.27,0.73,0.7,0.5031387
0.16,0.41,0.73,0.24,0.74,0.7,0.5031388
0.16,0.42,0.72,0.25,0.72,0.7,0.5031388
0.16,0.5,0.71,0.26,0.75,0.71,0.503139
0.16,0.44,0.71,0.3,0.76,0.7,0.5031391
0.17,0.41,0.73,0.21,0.75,0.71,0.5031391
0.18,0.49,0.75,0.24,0.74,0.71,0.5031391
0.17,0.47,0.75,0.3,0.75,0.72,0.5031395
0.16,0.49,0.73,0.22,0.73,0.7,0.5031396
0.17,0.41,0.74,0.22,0.72,0.71,0.5031396
0.17,0.48,0.74,0.3,0.73,0.72,0.5031397
0.18,0.47,0.74,0.3,0.74,0.7,0.5031397
0.18,0.5,0.73,0.26,0.76,0.72,0.5031397
0.17,0.41,0.71,0.24,0.73,0.71,0.5031399
0.17,0.43,0.73,0.25,0.74,0.7,0.5031399
0.18,0.49,0.74,0.21,0.76,0.72,0.5031399
0.18,0.47,0.75,0.2,0.75,0.72,0.50314
0.16,0.5,0.71,0.22,0.74,0.71,0.5031401
0.16,0.41,0.73,0.25,0.74,0.7,0.5031402
0.18,0.46,0.73,0.22,0.73,0.7,0.5031405
0.18,0.43,0.73,0.22,0.75,0.71,0.5031407
0.17,0.5,0.72,0.29,0.73,0.72,0.5031408
0.18,0.41,0.7,0.26,0.75,0.7,0.5031408
0.16,0.45,0.74,0.22,0.73,0.7,0.503141
0.17,0.4,0.72,0.24,0.75,0.71,0.503141
0.17,0.44,0.72,0.2,0.76,0.7,0.503141
0.17,0.45,0.72,0.28,0.74,0.72,0.503141
0.17,0.48,0.7,0.25,0.75,0.7,0.503141
0.18,0.43,0.74,0.23,0.72,0.71,0.503141
0.16,0.46,0.73,0.29,0.73,0.71,0.5031411
0.16,0.5,0.72,0.29,0.72,0.71,0.5031411
0.17,0.47,0.71,0.2,0.75,0.7,0.5031411
0.17,0.5,0.7,0.27,0.72,0.71,0.5031411
0.18,0.48,0.75,0.28,0.75,0.71,0.5031411
0.17,0.46,0.71,0.28,0.72,0.72,0.5031413
0.18,0.5,0.7,0.27,0.73,0.72,0.5031413
0.16,0.42,0.74,0.22,0.75,0.71,0.5031415
0.16,0.45,0.74,0.29,0.75,0.71,0.5031415
0.16,0.49,0.73,0.3,0.75,0.7,0.5031415
0.17,0.44,0.73,0.28,0.76,0.72,0.5031415
0.17,0.5,0.73,0.3,0.76,0.72,0.5031415
0.16,0.4,0.73,0.22,0.73,0.72,0.5031416
0.18,0.5,0.71,0.28,0.76,0.72,0.5031416
0.18,0.5,0.73,0.22,0.75,0.72,0.5031417
0.16,0.5,0.73,0.3,0.75,0.71,0.5031418
0.17,0.5,0.71,0.28,0.75,0.71,0.5031418
0.18,0.4,0.7,0.23,0.74,0.72,0.5031419
0.16,0.42,0.75,0.23,0.72,0.71,0.503142
0.18,0.46,0.7,0.3,0.74,0.71,0.503142
0.18,0.45,0.73,0.26,0.74,0.7,0.5031421
0.16,0.5,0.72,0.23,0.72,0.7,0.5031422
0.16,0.5,0.72,0.27,0.73,0.7,0.5031423
0.18,0.45,0.71,0.3,0.76,0.71,0.5031423
0.16,0.47,0.73,0.23,0.76,0.7,0.5031429
0.16,0.45,0.73,0.21,0.76,0.7,0.503143
0.17,0.44,0.74,0.23,0.75,0.71,0.503143
0.17,0.48,0.7,0.21,0.74,0.7,0.5031431
0.16,0.44,0.7,0.27,0.72,0.71,0.5031432
0.16,0.43,0.71,0.27,0.74,0.71,0.5031433
0.17,0.47,0.74,0.23,0.73,0.7,0.5031433
0.18,0.43,0.72,0.25,0.72,0.71,0.5031433
0.18,0.49,0.71,0.29,0.73,0.71,0.5031434
0.18,0.49,0.75,0.3,0.76,0.71,0.5031434
0.16,0.44,0.74,0.26,0.74,0.7,0.5031435
0.18,0.46,0.72,0.21,0.76,0.7,0.5031435
0.17,0.44,0.75,0.24,0.72,0.71,0.5031436
0.17,0.49,0.71,0.29,0.72,0.7,0.5031436
0.17,0.42,0.75,0.2,0.73,0.72,0.5031439
0.18,0.42,0.73,0.25,0.74,0.71,0.5031439
0.18,0.5,0.74,0.27,0.74,0.71,0.5031439
0.17,0.42,0.7,0.26,0.75,0.72,0.503144
0.17,0.42,0.74,0.23,0.72,0.72,0.503144
0.17,0.5,0.75,0.25,0.76,0.72,0.503144
0.18,0.4,0.71,0.2,0.74,0.7,0.503144
0.18,0.42,0.73,0.26,0.76,0.71,0.503144
0.16,0.42,0.72,0.27,0.76,0.71,0.5031441
0.16,0.46,0.7,0.3,0.76,0.71,0.5031443
0.18,0.49,0.72,0.3,0.76,0.71,0.5031445
0.18,0.5,0.74,0.23,0.73,0.71,0.5031446
0.18,0.44,0.75,0.21,0.73,0.72,0.5031447
0.17,0.43,0.7,0.29,0.76,0.7,0.5031448
0.18,0.46,0.74,0.29,0.75,0.72,0.5031449
0.18,0.47,0.73,0.29,0.73,0.72,0.503145
0.16,0.48,0.72,0.24,0.75,0.7,0.5031452
0.17,0.47,0.75,0.3,0.74,0.71,0.5031452
0.17,0.48,0.74,0.3,0.72,0.71,0.5031453
0.18,0.46,0.74,0.24,0.75,0.71,0.5031453
0.17,0.46,0.74,0.27,0.74,0.7,0.5031454
0.17,0.41,0.71,0.24,0.72,0.7,0.5031455
0.18,0.46,0.75,0.25,0.72,0.71,0.5031456
0.17,0.41,0.72,0.21,0.74,0.7,0.5031458
0.16,0.44,0.74,0.26,0.73,0.72,0.5031461
0.16,0.49,0.7,0.24,0.76,0.71,0.5031461
0.18,0.44,0.74,0.2,0.76,0.72,0.5031461
0.16,0.45,0.75,0.24,0.75,0.71,0.5031462
0.16,0.48,0.72,0.28,0.76,0.7,0.5031462
0.16,0.46,0.75,0.2,0.74,0.71,0.5031465
0.16,0.48,0.75,0.24,0.73,0.7,0.5031465
0.16,0.43,0.75,0.2,0.76,0.72,0.5031466
0.17,0.4,0.72,0.24,0.74,0.7,0.5031466
0.17,0.45,0.72,0.28,0.73,0.71,0.5031466
0.16,0.43,0.75,0.26,0.75,0.72,0.5031468
0.16,0.46,0.73,0.29,0.72,0.7,0.5031468
0.17,0.5,0.75,0.21,0.75,0.72,0.5031468
0.18,0.44,0.71,0.27,0.74,0.72,0.5031468
0.16,0.4,0.73,0.22,0.72,0.71,0.5031469
0.17,0.44,0.73,0.28,0.75,0.71,0.503147
0.18,0.47,0.74,0.2,0.74,0.71,0.503147
0.16,0.45,0.74,0.29,0.74,0.7,0.5031472
0.17,0.43,0.74,0.27,0.76,0.71,0.5031472
0.18,0.4,0.7,0.23,0.73,0.71,0.5031472
0.18,0.45,0.7,0.27,0.72,0.72,0.5031473
0.18,0.43,0.72,0.27,0.76,0.72,0.5031474
0.18,0.48,0.74,0.24,0.76,0.71,0.5031475
0.18,0.43,0.72,0.22,0.74,0.7,0.5031476
0.18,0.46,0.7,0.3,0.73,0.7,0.5031477
0.17,0.45,0.75,0.21,0.76,0.72,0.5031479
0.18,0.45,0.71,0.3,0.75,0.7,0.503148
0.16,0.48,0.72,0.2,0.74,0.7,0.5031481
0.17,0.5,0.72,0.29,0.74,0.72,0.5031481
0.18,0.48,0.74,0.28,0.74,0.7,0.5031481
0.17,0.47,0.75,0.25,0.75,0.71,0.5031482
0.16,0.49,0.71,0.25,0.74,0.7,0.5031483
0.16,0.42,0.73,0.22,0.74,0.7,0.5031484
0.16,0.44,0.7,0.29,0.76,0.72,0.5031484
0.16,0.49,0.75,0.2,0.72,0.7,0.5031484
0.16,0.5,0.72,0.29,0.73,0.71,0.5031485
0.18,0.45,0.74,0.28,0.76,0.71,0.5031487
0.16,0.43,0.71,0.27,0.73,0.7,0.5031488
0.16,0.49,0.7,0.2,0.75,0.71,0.5031488
0.17,0.5,0.7,0.27,0.73,0.71,0.5031488
0.18,0.5,0.7,0.27,0.74,0.72,0.5031488
0.17,0.48,0.75,0.21,0.74,0.71,0.5031489
0.18,0.4,0.72,0.22,0.76,0.71,0.503149
0.16,0.5,0.7,0.27,0.72,0.7,0.5031491
0.18,0.5,0.75,0.28,0.72,0.7,0.5031491
0.16,0.47,0.75,0.28,0.74,0.7,0.5031492
0.17,0.42,0.7,0.26,0.74,0.71,0.5031492
0.18,0.49,0.73,0.25,0.75,0.71,0.5031496
0.16,0.42,0.72,0.27,0.75,0.7,0.5031497
0.18,0.5,0.71,0.25,0.76,0.72,0.5031497
0.18,0.47,0.75,0.22,0.76,0.72,0.5031498
0.16,0.41,0.72,0.24,0.74,0.72,0.5031499
0.16,0.42,0.71,0.24,0.72,0.72,0.5031499
0.17,0.44,0.73,0.23,0.74,0.7,0.5031499
0.17,0.46,0.75,0.27,0.72,0.72,0.5031499
0.16,0.49,0.71,0.21,0.73,0.7,0.5031503
0.17,0.41,0.71,0.26,0.76,0.71,0.5031503
0.17,0.42,0.74,0.2,0.72,0.71,0.5031504
0.18,0.49,0.72,0.2,0.76,0.72,0.5031504
0.18,0.46,0.74,0.29,0.74,0.71,0.5031506
0.16,0.44,0.75,0.28,0.76,0.71,0.5031507
0.18,0.42,0.72,0.26,0.75,0.7,0.5031507
0.18,0.47,0.73,0.29,0.72,0.71,0.5031507
0.18,0.49,0.75,0.26,0.75,0.71,0.5031507
0.16,0.4,0.73,0.24,0.76,0.72,0.5031509
0.18,0.49,0.71,0.29,0.74,0.71,0.5031509
0.17,0.46,0.71,0.3,0.75,0.72,0.5031512
0.17,0.49,0.71,0.29,0.73,0.7,0.5031512
0.18,0.49,0.72,0.3,0.72,0.72,0.5031512
0.18,0.49,0.73,0.29,0.76,0.71,0.5031512
0.17,0.41,0.73,0.23,0.76,0.71,0.5031513
0.17,0.49,0.75,0.29,0.74,0.7,0.5031516
0.18,0.44,0.74,0.21,0.72,0.71,0.5031516
0.16,0.44,0.74,0.26,0.72,0.71,0.5031519
0.16,0.5,0.7,0.26,0.73,0.7,0.5031519
0.18,0.41,0.73,0.22,0.72,0.72,0.5031519
0.17,0.43,0.73,0.25,0.73,0.72,0.5031522
0.16,0.43,0.75,0.21,0.72,0.71,0.5031523
0.17,0.45,0.72,0.28,0.72,0.7,0.5031523
0.17,0.46,0.75,0.29,0.76,0.71,0.5031523
0.18,0.44,0.71,0.27,0.73,0.71,0.5031524
0.18,0.46,0.73,0.24,0.74,0.7,0.5031524
0.16,0.43,0.75,0.26,0.74,0.71,0.5031526
0.18,0.49,0.73,0.21,0.74,0.71,0.5031526
0.18,0.5,0.71,0.21,0.75,0.72,0.5031526
0.18,0.43,0.73,0.24,0.76,0.71,0.5031527
0.18,0.5,0.72,0.26,0.74,0.71,0.5031527
0.17,0.44,0.73,0.28,0.74,0.7,0.5031528
0.18,0.4,0.7,0.23,0.72,0.7,0.5031529
0.18,0.43,0.72,0.27,0.75,0.71,0.5031529
0.16,0.45,0.74,0.24,0.74,0.7,0.5031531
0.17,0.42,0.74,0.25,0.75,0.72,0.5031531
0.18,0.41,0.74,0.21,0.74,0.72,0.5031531
0.18,0.44,0.73,0.2,0.75,0.71,0.5031531
0.16,0.47,0.71,0.22,0.76,0.7,0.5031532
0.16,0.5,0.7,0.22,0.72,0.7,0.5031532
0.16,0.43,0.74,0.2,0.75,0.71,0.5031533
0.16,0.46,0.74,0.2,0.73,0.7,0.5031535
0.18,0.43,0.74,0.25,0.73,0.71,0.5031536
0.16,0.44,0.7,0.29,0.75,0.71,0.5031537
0.17,0.5,0.73,0.24,0.76,0.72,0.5031537
0.17,0.43,0.73,0.27,0.75,0.7,0.5031539
0.17,0.45,0.75,0.22,0.72,0.71,0.503154
0.16,0.48,0.75,0.3,0.73,0.72,0.5031541
0.16,0.42,0.74,0.24,0.76,0.71,0.5031542
0.18,0.47,0.73,0.2,0.73,0.7,0.5031542
0.18,0.48,0.75,0.3,0.76,0.71,0.5031542
0.18,0.49,0.74,0.26,0.73,0.7,0.5031542
0.17,0.49,0.75,0.24,0.75,0.71,0.5031543
0.18,0.5,0.72,0.22,0.73,0.71,0.5031545
0.17,0.42,0.7,0.26,0.73,0.7,0.5031547
0.17,0.42,0.75,0.22,0.74,0.72,0.5031547
0.17,0.45,0.74,0.21,0.75,0.71,0.5031548
0.17,0.49,0.75,0.28,0.76,0.71,0.5031549
0.16,0.4,0.75,0.21,0.74,0.72,0.503155
0.16,0.41,0.72,0.24,0.73,0.71,0.5031552
0.17,0.47,0.74,0.25,0.74,0.7,0.5031552
0.16,0.48,0.7,0.27,0.76,0.7,0.5031555
0.17,0.44,0.74,0.25,0.76,0.71,0.5031555
0.17,0.5,0.71,0.28,0.72,0.72,0.5031555
0.17,0.5,0.72,0.29,0.75,0.72,0.5031555
0.18,0.45,0.73,0.28,0.75,0.7,0.5031556
0.18,0.49,0.74,0.22,0.72,0.7,0.5031556
0.16,0.45,0.73,0.28,0.74,0.72,0.5031558
0.16,0.48,0.7,0.23,0.75,0.7,0.5031558
0.18,0.4,0.71,0.22,0.75,0.7,0.5031558
0.17,0.41,0.71,0.26,0.75,0.7,0.5031559
0.16,0.5,0.72,0.29,0.74,0.71,0.503156
0.16,0.5,0.73,0.3,0.72,0.72,0.503156
0.18,0.45,0.74,0.26,0.72,0.72,0.503156
0.16,0.46,0.72,0.28,0.72,0.72,0.5031561
0.18,0.47,0.75,0.23,0.72,0.71,0.5031561
0.17,0.48,0.74,0.21,0.73,0.7,0.5031562
0.18,0.44,0.75,0.23,0.74,0.72,0.5031562
0.18,0.44,0.75,0.26,0.74,0.72,0.5031562
0.16,0.44,0.74,0.28,0.76,0.72,0.5031563
0.16,0.4,0.73,0.24,0.75,0.71,0.5031564
0.18,0.49,0.74,0.3,0.74,0.7,0.5031564
0.18,0.5,0.7,0.27,0.75,0.72,0.5031564
0.17,0.46,0.71,0.3,0.74,0.71,0.5031566
0.17,0.5,0.7,0.27,0.74,0.71,0.5031566
0.17,0.44,0.75,0.26,0.73,0.71,0.5031567
0.17,0.5,0.74,0.25,0.74,0.71,0.5031567
0.17,0.4,0.71,0.23,0.74,0.72,0.5031568
0.18,0.4,0.7,0.25,0.76,0.71,0.5031568
0.18,0.45,0.7,0.29,0.75,0.72,0.5031568
0.17,0.41,0.7,0.23,0.72,0.72,0.5031569
0.17,0.45,0.72,0.3,0.76,0.71,0.5031569
0.18,0.47,0.74,0.22,0.75,0.71,0.5031569
0.16,0.5,0.7,0.27,0.73,0.7,0.5031571
0.18,0.48,0.72,0.23,0.76,0.71,0.5031571
0.16,0.46,0.75,0.22,0.75,0.71,0.5031572
0.18,0.5,0.73,0.27,0.72,0.7,0.5031572
0.17,0.5,0.73,0.2,0.75,0.72,0.5031573
0.16,0.44,0.74,0.28,0.75,0.7,0.5031575
0.18,0.46,0.74,0.26,0.76,0.71,0.5031575
0.17,0.43,0.73,0.25,0.72,0.71,0.503158
0.18,0.49,0.7,0.28,0.72,0.71,0.503158
0.17,0.41,0.72,0.23,0.75,0.7,0.5031581
0.17,0.49,0.75,0.2,0.74,0.71,0.5031581
0.18,0.49,0.72,0.3,0.73,0.72,0.5031582
0.17,0.5,0.74,0.29,0.75,0.71,0.5031583
0.18,0.44,0.71,0.27,0.72,0.7,0.5031583
0.18,0.46,0.75,0.27,0.73,0.71,0.5031583
0.17,0.49,0.72,0.3,0.72,0.71,0.5031584
0.18,0.49,0.71,0.29,0.75,0.71,0.5031584
0.16,0.48,0.75,0.26,0.74,0.7,0.5031585
0.16,0.45,0.75,0.26,0.76,0.71,0.5031587
0.16,0.5,0.75,0.23,0.76,0.72,0.5031587
0.17,0.49,0.71,0.29,0.74,0.7,0.5031587
0.18,0.43,0.72,0.27,0.74,0.7,0.5031587
0.17,0.42,0.74,0.25,0.74,0.71,0.5031588
0.16,0.42,0.71,0.26,0.75,0.72,0.5031591
0.16,0.42,0.75,0.23,0.72,0.72,0.5031591
0.16,0.44,0.7,0.29,0.74,0.7,0.5031591
0.16,0.43,0.7,0.26,0.73,0.72,0.5031592
0.17,0.46,0.74,0.29,0.75,0.7,0.5031592
0.17,0.48,0.75,0.23,0.75,0.71,0.5031592
0.18,0.42,0.72,0.24,0.73,0.72,0.5031593
0.17,0.46,0.75,0.29,0.75,0.72,0.5031594
0.17,0.47,0.74,0.29,0.73,0.72,0.5031595
0.18,0.49,0.71,0.24,0.75,0.71,0.5031595
0.17,0.5,0.74,0.21,0.73,0.71,0.5031596
0.16,0.43,0.71,0.29,0.76,0.7,0.5031597
0.18,0.49,0.71,0.28,0.76,0.71,0.5031597
0.18,0.41,0.73,0.21,0.73,0.71,0.5031598
0.18,0.43,0.72,0.24,0.75,0.7,0.5031598
0.16,0.48,0.75,0.3,0.72,0.71,0.5031599
0.18,0.41,0.73,0.24,0.75,0.72,0.5031599
0.16,0.43,0.73,0.2,0.74,0.7,0.5031602
0.18,0.44,0.72,0.2,0.74,0.7,0.5031603
0.18,0.48,0.73,0.24,0.74,0.7,0.5031604
0.18,0.41,0.72,0.2,0.76,0.71,0.5031605
0.17,0.47,0.75,0.27,0.76,0.71,0.5031606
0.18,0.43,0.73,0.25,0.72,0.7,0.5031606
0.16,0.41,0.72,0.24,0.72,0.7,0.5031608
0.18,0.48,0.73,0.28,0.75,0.7,0.5031609
0.16,0.42,0.73,0.24,0.75,0.7,0.503161
0.17,0.5,0.75,0.26,0.72,0.7,0.5031612
0.18,0.48,0.74,0.3,0.75,0.7,0.5031612
0.16,0.4,0.74,0.21,0.73,0.71,0.5031614
0.17,0.42,0.74,0.22,0.73,0.71,0.5031614
0.18,0.48,0.71,0.3,0.72,0.7,0.5031614
0.16,0.4,0.73,0.2,0.76,0.71,0.5031615
0.16,0.45,0.73,0.28,0.73,0.71,0.5031615
0.17,0.44,0.72,0.27,0.74,0.72,0.5031615
0.17,0.45,0.71,0.27,0.72,0.72,0.5031618
0.17,0.45,0.73,0.21,0.74,0.7,0.5031618
0.16,0.44,0.74,0.28,0.75,0.71,0.5031619
0.17,0.42,0.73,0.21,0.76,0.71,0.503162
0.17,0.48,0.74,0.22,0.76,0.71,0.503162
0.17,0.4,0.71,0.23,0.73,0.71,0.5031621
0.17,0.43,0.73,0.27,0.76,0.72,0.5031621
0.18,0.45,0.7,0.29,0.74,0.71,0.5031623
0.17,0.46,0.71,0.3,0.73,0.7,0.5031624
0.18,0.4,0.7,0.25,0.75,0.7,0.5031625
0.17,0.44,0.73,0.25,0.75,0.7,0.5031626
0.17,0.45,0.72,0.3,0.75,0.7,0.5031626
0.18,0.5,0.7,0.25,0.74,0.71,0.5031626
0.18,0.44,0.71,0.29,0.76,0.71,0.5031627
0.17,0.5,0.71,0.28,0.73,0.72,0.5031628
0.18,0.49,0.72,0.25,0.73,0.7,0.5031628
0.17,0.5,0.72,0.29,0.76,0.72,0.5031629
0.16,0.47,0.75,0.3,0.75,0.7,0.503163
0.16,0.5,0.73,0.3,0.73,0.72,0.5031631
0.16,0.5,0.71,0.28,0.72,0.71,0.5031632
0.18,0.44,0.74,0.23,0.73,0.71,0.5031632
0.18,0.49,0.71,0.2,0.74,0.71,0.5031632
0.17,0.49,0.73,0.27,0.76,0.71,0.5031634
0.16,0.5,0.72,0.29,0.75,0.71,0.5031635
0.17,0.5,0.75,0.3,0.73,0.7,0.5031635
0.18,0.48,0.75,0.2,0.76,0.72,0.5031635
0.17,0.44,0.74,0.26,0.72,0.7,0.5031636
0.18,0.44,0.73,0.22,0.76,0.71,0.5031636
0.18,0.49,0.75,0.3,0.72,0.72,0.5031637
0.17,0.49,0.73,0.23,0.75,0.71,0.503164
0.18,0.48,0.73,0.2,0.73,0.7,0.5031641
0.16,0.43,0.75,0.23,0.73,0.71,0.5031642
0.18,0.47,0.73,0.22,0.74,0.7,0.5031642
0.18,0.5,0.7,0.27,0.76,0.72,0.5031642
0.16,0.46,0.74,0.22,0.74,0.7,0.5031643
0.16,0.42,0.71,0.26,0.74,0.71,0.5031644
0.18,0.49,0.72,0.29,0.74,0.7,0.5031644
0.16,0.43,0.7,0.26,0.72,0.71,0.5031645
0.16,0.43,0.74,0.22,0.76,0.71,0.5031645
0.17,0.5,0.71,0.23,0.76,0.72,0.5031645
0.18,0.46,0.73,0.26,0.75,0.7,0.5031646
0.18,0.41,0.74,0.23,0.75,0.72,0.5031648
0.18,0.42,0.72,0.24,0.72,0.71,0.503165
0.18,0.45,0.74,0.28,0.75,0.72,0.5031651
0.18,0.46,0.73,0.28,0.73,0.72,0.5031651
0.18,0.49,0.72,0.3,0.74,0.72,0.5031652
0.17,0.46,0.75,0.29,0.74,0.71,0.5031653
0.17,0.47,0.74,0.29,0.72,0.71,0.5031653
0.18,0.46,0.74,0.27,0.72,0.7,0.5031653
0.16,0.41,0.72,0.26,0.76,0.71,0.5031654
0.18,0.49,0.7,0.28,0.73,0.71,0.5031654
0.18,0.5,0.7,0.21,0.73,0.71,0.5031655
0.17,0.41,0.7,0.25,0.75,0.72,0.5031656
0.17,0.42,0.7,0.28,0.76,0.7,0.5031656
0.17,0.45,0.75,0.24,0.73,0.71,0.5031656
0.17,0.49,0.7,0.28,0.72,0.7,0.5031656
0.17,0.49,0.72,0.3,0.73,0.71,0.5031656
0.18,0.41,0.73,0.24,0.74,0.71,0.5031656
0.18,0.49,0.72,0.21,0.72,0.7,0.5031656
0.16,0.45,0.74,0.26,0.75,0.7,0.5031657
0.16,0.46,0.72,0.3,0.75,0.72,0.5031658
0.17,0.45,0.74,0.23,0.76,0.71,0.5031658
0.17,0.46,0.75,0.2,0.72,0.71,0.5031659
0.18,0.49,0.71,0.29,0.76,0.71,0.5031659
0.16,0.49,0.72,0.3,0.72,0.7,0.5031661
0.17,0.43,0.75,0.2,0.74,0.72,0.5031661
0.18,0.5,0.71,0.26,0.72,0.7,0.5031661
0.16,0.47,0.71,0.3,0.73,0.72,0.5031663
0.17,0.48,0.74,0.23,0.74,0.7,0.5031665
0.18,0.47,0.72,0.26,0.76,0.7,0.5031665
0.17,0.41,0.74,0.22,0.72,0.72,0.5031666
0.17,0.5,0.72,0.24,0.74,0.71,0.5031666
0.17,0.5,0.72,0.28,0.75,0.71,0.5031668
0.18,0.41,0.72,0.21,0.72,0.7,0.5031668
0.17,0.42,0.75,0.24,0.75,0.72,0.5031671
0.16,0.43,0.74,0.25,0.73,0.72,0.5031672
0.16,0.45,0.75,0.27,0.72,0.7,0.5031672
0.17,0.44,0.72,0.27,0.73,0.71,0.5031672
0.18,0.45,0.75,0.21,0.74,0.72,0.5031672
0.16,0.45,0.73,0.28,0.72,0.7,0.5031674
0.17,0.49,0.74,0.24,0.73,0.7,0.5031674
0.18,0.41,0.71,0.2,0.75,0.7,0.5031674
0.16,0.49,0.75,0.26,0.76,0.71,0.5031676
0.17,0.47,0.74,0.27,0.75,0.7,0.5031677
0.16,0.44,0.74,0.28,0.74,0.7,0.5031678
0.17,0.4,0.71,0.23,0.72,0.7,0.5031678
0.17,0.43,0.73,0.27,0.75,0.71,0.5031678
0.18,0.47,0.75,0.25,0.73,0.71,0.5031678
0.18,0.47,0.74,0.24,0.76,0.71,0.5031679
0.18,0.48,0.7,0.22,0.76,0.71,0.5031679
0.16,0.4,0.73,0.21,0.72,0.7,0.503168
0.17,0.49,0.74,0.28,0.74,0.7,0.503168
0.18,0.43,0.71,0.26,0.74,0.72,0.503168
0.18,0.45,0.7,0.29,0.73,0.7,0.503168
0.16,0.42,0.75,0.25,0.75,0.72,0.5031681
0.18,0.44,0.7,0.26,0.72,0.72,0.5031682
0.18,0.44,0.75,0.25,0.75,0.72,0.5031682
0.18,0.47,0.72,0.22,0.75,0.7,0.5031682
0.18,0.48,0.75,0.21,0.72,0.71,0.5031682
0.16,0.4,0.72,0.2,0.75,0.7,0.5031683
0.18,0.42,0.72,0.26,0.76,0.72,0.5031685
0.18,0.44,0.71,0.29,0.75,0.7,0.5031685
0.17,0.42,0.73,0.22,0.72,0.7,0.5031686
0.16,0.46,0.75,0.24,0.76,0.71,0.5031687
0.18,0.48,0.71,0.3,0.73,0.7,0.5031687
0.18,0.4,0.71,0.24,0.76,0.7,0.5031688
0.17,0.47,0.75,0.28,0.72,0.7,0.5031689
0.16,0.43,0.7,0.28,0.76,0.72,0.503169
0.17,0.42,0.72,0.21,0.75,0.7,0.5031691
0.16,0.49,0.75,0.22,0.75,0.71,0.5031693
0.16,0.5,0.73,0.22,0.76,0.72,0.5031693
0.18,0.45,0.73,0.3,0.76,0.7,0.5031695
0.18,0.48,0.71,0.27,0.75,0.7,0.5031695
0.17,0.5,0.73,0.25,0.72,0.7,0.50317
0.16,0.42,0.71,0.26,0.73,0.7,0.5031701
0.18,0.48,0.71,0.23,0.74,0.7,0.5031701
0.16,0.5,0.73,0.3,0.74,0.72,0.5031702
0.17,0.5,0.71,0.28,0.74,0.72,0.5031702
0.16,0.47,0.75,0.2,0.75,0.71,0.5031703
0.17,0.5,0.72,0.2,0.73,0.71,0.5031704
0.18,0.44,0.73,0.23,0.72,0.7,0.5031704
0.17,0.45,0.75,0.26,0.72,0.72,0.5031706
0.17,0.48,0.75,0.25,0.76,0.71,0.5031706
0.16,0.5,0.71,0.28,0.73,0.71,0.5031707
0.16,0.5,0.74,0.27,0.75,0.71,0.5031707
0.18,0.44,0.72,0.22,0.75,0.7,0.5031708
0.18,0.48,0.74,0.2,0.75,0.71,0.5031708
0.17,0.41,0.7,0.25,0.74,0.71,0.5031709
0.16,0.48,0.75,0.28,0.75,0.7,0.503171
0.18,0.45,0.74,0.28,0.74,0.71,0.503171
0.18,0.46,0.73,0.28,0.72,0.71,0.503171
0.16,0.41,0.72,0.26,0.75,0.7,0.5031711
0.16,0.43,0.74,0.23,0.72,0.7,0.5031712
0.17,0.49,0.74,0.2,0.72,0.7,0.5031712
0.18,0.49,0.75,0.29,0.72,0.7,0.5031712
0.16,0.46,0.72,0.3,0.74,0.71,0.5031713
0.17,0.45,0.71,0.29,0.75,0.72,0.5031714
0.16,0.43,0.73,0.22,0.75,0.7,0.5031715
0.16,0.5,0.74,0.23,0.74,0.71,0.5031715
0.17,0.41,0.72,0.25,0.76,0.7,0.5031716
0.17,0.5,0.73,0.29,0.73,0.7,0.5031716
0.18,0.41,0.73,0.23,0.74,0.71,0.5031716
0.16,0.45,0.73,0.3,0.76,0.71,0.5031717
0.17,0.46,0.7,0.29,0.73,0.72,0.5031719
0.16,0.41,0.71,0.23,0.72,0.72,0.503172
0.16,0.47,0.71,0.3,0.72,0.71,0.503172
0.17,0.4,0.71,0.25,0.76,0.71,0.503172
0.16,0.4,0.72,0.23,0.74,0.72,0.5031721
0.18,0.49,0.72,0.3,0.75,0.72,0.5031724
0.18,0.43,0.72,0.26,0.76,0.7,0.5031726
0.18,0.49,0.71,0.29,0.72,0.72,0.5031726
0.18,0.49,0.7,0.24,0.73,0.7,0.5031727
0.17,0.48,0.72,0.21,0.76,0.71,0.5031728
0.18,0.49,0.7,0.28,0.74,0.71,0.5031728
0.17,0.45,0.73,0.23,0.75,0.7,0.5031729
0.17,0.45,0.74,0.24,0.72,0.7,0.5031729
0.17,0.49,0.72,0.3,0.74,0.71,0.5031729
0.18,0.49,0.7,0.28,0.74,0.7,0.5031729
0.17,0.43,0.74,0.2,0.73,0.71,0.503173
0.17,0.49,0.71,0.26,0.76,0.71,0.5031731
0.16,0.43,0.74,0.25,0.72,0.71,0.5031732
0.17,0.44,0.72,0.27,0.72,0.7,0.5031732
0.17,0.49,0.7,0.28,0.73,0.7,0.5031732
0.16,0.49,0.72,0.3,0.73,0.7,0.5031734
0.17,0.48,0.73,0.26,0.75,0.7,0.5031734
0.16,0.46,0.7,0.3,0.75,0.72,0.5031735
0.17,0.43,0.73,0.27,0.74,0.7,0.5031737
0.18,0.43,0.71,0.26,0.73,0.71,0.5031737
0.16,0.4,0.74,0.23,0.74,0.71,0.5031738
0.17,0.42,0.73,0.24,0.73,0.72,0.5031739
0.17,0.42,0.74,0.24,0.74,0.71,0.5031739
0.16,0.47,0.75,0.29,0.73,0.72,0.5031741
0.18,0.42,0.72,0.26,0.75,0.71,0.5031742
0.16,0.43,0.7,0.28,0.75,0.71,0.5031744
0.18,0.45,0.74,0.21,0.73,0.71,0.5031744
0.18,0.46,0.73,0.3,0.76,0.72,0.5031746
0.16,0.42,0.73,0.26,0.76,0.7,0.5031747
0.17,0.41,0.74,0.24,0.75,0.72,0.5031747
0.18,0.47,0.72,0.3,0.74,0.72,0.5031748
0.17,0.48,0.73,0.22,0.74,0.7,0.503175
0.17,0.49,0.71,0.22,0.75,0.71,0.503175
0.16,0.44,0.75,0.21,0.73,0.71,0.5031751
0.16,0.5,0.75,0.24,0.72,0.7,0.5031751
0.17,0.4,0.74,0.2,0.75,0.72,0.5031751
0.18,0.42,0.74,0.21,0.75,0.72,0.5031751
0.18,0.47,0.74,0.25,0.72,0.7,0.5031751
0.18,0.44,0.74,0.25,0.74,0.71,0.5031752
0.18,0.47,0.73,0.24,0.75,0.7,0.5031752
0.16,0.5,0.75,0.28,0.73,0.7,0.5031753
0.18,0.4,0.73,0.21,0.72,0.72,0.5031753
0.17,0.44,0.73,0.27,0.76,0.7,0.5031757
0.17,0.48,0.73,0.3,0.76,0.7,0.5031757
0.16,0.46,0.74,0.24,0.75,0.7,0.5031758
0.18,0.47,0.7,0.25,0.76,0.7,0.503176
0.18,0.48,0.71,0.3,0.74,0.7,0.503176
0.16,0.46,0.75,0.25,0.72,0.7,0.5031761
0.18,0.42,0.75,0.22,0.72,0.72,0.5031763
0.16,0.44,0.73,0.27,0.74,0.72,0.5031764
0.17,0.46,0.75,0.22,0.73,0.71,0.5031765
0.17,0.5,0.7,0.27,0.75,0.71,0.5031765
0.18,0.49,0.7,0.2,0.72,0.7,0.5031765
0.16,0.41,0.75,0.21,0.75,0.72,0.5031766
0.16,0.45,0.72,0.27,0.72,0.72,0.5031767
0.17,0.41,0.7,0.25,0.73,0.7,0.5031767
0.17,0.49,0.72,0.27,0.74,0.7,0.5031767
0.16,0.44,0.74,0.2,0.76,0.71,0.5031768
0.16,0.43,0.74,0.27,0.76,0.72,0.503177
0.16,0.43,0.75,0.25,0.74,0.71,0.503177
0.17,0.43,0.75,0.22,0.75,0.72,0.503177
0.18,0.45,0.73,0.2,0.76,0.71,0.503177
0.16,0.49,0.73,0.25,0.76,0.71,0.5031771
0.17,0.45,0.71,0.29,0.74,0.71,0.5031771
0.16,0.46,0.72,0.3,0.73,0.7,0.5031772
0.17,0.49,0.72,0.23,0.73,0.7,0.5031772
0.18,0.44,0.7,0.28,0.75,0.72,0.5031772
0.16,0.5,0.73,0.3,0.75,0.72,0.5031773
0.18,0.44,0.74,0.25,0.72,0.72,0.5031773
0.17,0.44,0.72,0.29,0.76,0.71,0.5031774
0.18,0.43,0.75,0.25,0.74,0.72,0.5031774
0.18,0.46,0.73,0.28,0.76,0.7,0.5031774
0.16,0.4,0.72,0.23,0.73,0.71,0.5031775
0.16,0.45,0.73,0.3,0.75,0.7,0.5031775
0.18,0.46,0.71,0.2,0.76,0.7,0.5031775
0.17,0.46,0.7,0.29,0.72,0.71,0.5031776
0.17,0.5,0.71,0.28,0.75,0.72,0.5031776
0.16,0.47,0.74,0.2,0.74,0.7,0.5031777
0.17,0.4,0.71,0.25,0.75,0.7,0.5031777
0.17,0.5,0.7,0.23,0.74,0.71,0.5031777
0.16,0.5,0.72,0.29,0.72,0.72,0.5031778
0.17,0.48,0.75,0.26,0.72,0.7,0.503178
0.16,0.48,0.74,0.2,0.76,0.71,0.5031781
0.17,0.5,0.7,0.27,0.72,0.72,0.5031781
0.16,0.5,0.71,0.28,0.74,0.71,0.5031782
0.17,0.45,0.75,0.26,0.74,0.71,0.5031782
0.17,0.46,0.74,0.21,0.76,0.71,0.5031783
0.18,0.45,0.75,0.23,0.75,0.72,0.5031783
0.18,0.41,0.71,0.22,0.76,0.7,0.5031785
0.18,0.41,0.72,0.23,0.73,0.7,0.5031786
0.18,0.46,0.74,0.29,0.73,0.7,0.5031788
0.18,0.48,0.75,0.23,0.73,0.71,0.5031788
0.18,0.47,0.7,0.21,0.75,0.7,0.503179
0.16,0.45,0.74,0.28,0.76,0.7,0.5031791
0.17,0.4,0.7,0.22,0.72,0.72,0.5031796
0.18,0.43,0.71,0.26,0.72,0.7,0.5031796
0.18,0.49,0.71,0.29,0.73,0.72,0.5031796
0.18,0.49,0.72,0.3,0.76,0.72,0.5031796
0.17,0.42,0.73,0.24,0.72,0.71,0.5031797
0.17,0.45,0.75,0.28,0.75,0.72,0.5031797
0.17,0.46,0.74,0.28,0.73,0.72,0.5031797
0.16,0.49,0.73,0.21,0.75,0.71,0.5031798
0.18,0.47,0.75,0.27,0.74,0.71,0.5031798
0.16,0.4,0.72,0.22,0.76,0.7,0.50318
0.16,0.47,0.75,0.29,0.72,0.71,0.50318
0.17,0.5,0.71,0.24,0.72,0.7,0.50318
0.16,0.43,0.7,0.28,0.74,0.7,0.5031801
0.17,0.49,0.71,0.29,0.72,0.71,0.5031801
0.18,0.42,0.72,0.26,0.74,0.7,0.5031801
0.17,0.43,0.73,0.2,0.72,0.7,0.5031802
0.17,0.49,0.72,0.3,0.75,0.71,0.5031802
0.17,0.5,0.71,0.28,0.73,0.7,0.5031802
0.16,0.5,0.72,0.26,0.75,0.71,0.5031803
0.17,0.47,0.72,0.24,0.76,0.7,0.5031803
0.18,0.46,0.73,0.3,0.75,0.71,0.5031804
0.18,0.49,0.7,0.28,0.75,0.71,0.5031804
0.16,0.47,0.75,0.22,0.76,0.71,0.5031805
0.16,0.5,0.71,0.21,0.76,0.72,0.5031805
0.16,0.4,0.73,0.23,0.73,0.7,0.5031806
0.18,0.5,0.74,0.26,0.76,0.72,0.5031806
0.16,0.42,0.71,0.28,0.76,0.7,0.5031807
0.17,0.47,0.74,0.29,0.76,0.7,0.5031807
0.18,0.47,0.72,0.3,0.73,0.71,0.5031807
0.16,0.46,0.7,0.3,0.76,0.72,0.5031808
0.16,0.49,0.74,0.26,0.74,0.7,0.5031808
0.17,0.42,0.72,0.23,0.76,0.7,0.5031808
0.17,0.49,0.7,0.28,0.74,0.7,0.5031808
0.16,0.41,0.71,0.25,0.75,0.72,0.5031809
0.16,0.42,0.7,0.25,0.73,0.72,0.5031809
0.16,0.49,0.72,0.3,0.74,0.7,0.5031809
0.17,0.42,0.73,0.24,0.73,0.7,0.5031809
0.18,0.44,0.75,0.27,0.76,0.72,0.5031811
0.18,0.41,0.72,0.23,0.73,0.72,0.5031814
0.18,0.45,0.73,0.21,0.72,0.7,0.5031817
0.16,0.41,0.75,0.22,0.72,0.72,0.5031818
0.17,0.4,0.73,0.2,0.74,0.71,0.5031818
0.18,0.49,0.75,0.21,0.76,0.72,0.5031819
0.18,0.4,0.73,0.23,0.75,0.72,0.5031821
0.18,0.42,0.73,0.21,0.74,0.71,0.5031821
0.16,0.44,0.73,0.27,0.73,0.71,0.5031822
0.16,0.5,0.72,0.22,0.74,0.71,0.5031823
0.16,0.44,0.74,0.21,0.72,0.7,0.5031824
0.17,0.47,0.75,0.3,0.73,0.7,0.5031824
0.18,0.44,0.72,0.24,0.76,0.7,0.5031824
0.16,0.49,0.74,0.22,0.73,0.7,0.5031825
0.18,0.44,0.73,0.25,0.73,0.7,0.5031825
0.17,0.43,0.72,0.26,0.74,0.72,0.5031826
0.16,0.43,0.74,0.27,0.75,0.71,0.5031828
0.16,0.49,0.74,0.3,0.75,0.7,0.5031829
0.17,0.44,0.71,0.26,0.72,0.72,0.5031829
0.17,0.45,0.71,0.29,0.73,0.7,0.5031829
0.18,0.44,0.7,0.28,0.74,0.71,0.5031829
0.17,0.48,0.71,0.25,0.75,0.7,0.503183
0.16,0.4,0.72,0.23,0.72,0.7,0.5031832
0.17,0.44,0.72,0.29,0.75,0.7,0.5031832
0.18,0.48,0.7,0.29,0.72,0.7,0.5031832
0.16,0.41,0.74,0.21,0.74,0.71,0.5031834
0.17,0.42,0.73,0.26,0.76,0.72,0.5031834
0.18,0.43,0.71,0.28,0.76,0.71,0.5031834
0.18,0.5,0.74,0.22,0.75,0.72,0.5031834
0.18,0.48,0.71,0.3,0.75,0.7,0.5031835
0.18,0.48,0.75,0.29,0.72,0.72,0.5031835
0.16,0.43,0.73,0.24,0.76,0.7,0.5031836
0.17,0.46,0.74,0.22,0.72,0.7,0.5031839
0.16,0.44,0.73,0.2,0.75,0.7,0.503184
0.16,0.43,0.74,0.25,0.73,0.7,0.5031841
0.16,0.5,0.73,0.27,0.73,0.7,0.5031841
0.17,0.43,0.74,0.22,0.74,0.71,0.5031841
0.17,0.47,0.72,0.2,0.75,0.7,0.5031841
0.17,0.48,0.71,0.29,0.76,0.7,0.5031841
0.17,0.48,0.7,0.2,0.76,0.71,0.5031842
0.18,0.45,0.72,0.2,0.75,0.7,0.5031843
0.16,0.48,0.75,0.3,0.76,0.7,0.5031845
0.16,0.5,0.73,0.3,0.76,0.72,0.5031846
0.16,0.5,0.73,0.23,0.72,0.7,0.5031847
0.16,0.5,0.72,0.29,0.73,0.72,0.5031848
0.17,0.45,0.73,0.25,0.76,0.7,0.5031852
0.17,0.5,0.71,0.28,0.76,0.72,0.5031853
0.17,0.45,0.74,0.26,0.73,0.7,0.5031854
0.17,0.5,0.7,0.27,0.73,0.72,0.5031854
0.18,0.5,0.75,0.27,0.74,0.71,0.5031854
0.18,0.45,0.74,0.23,0.74,0.71,0.5031855
0.17,0.46,0.74,0.28,0.72,0.71,0.5031856
0.18,0.45,0.73,0.27,0.73,0.72,0.5031856
0.17,0.45,0.75,0.28,0.74,0.71,0.5031857
0.17,0.46,0.73,0.21,0.75,0.7,0.5031857
0.18,0.44,0.74,0.27,0.75,0.72,0.5031857
0.17,0.48,0.71,0.21,0.74,0.7,0.5031859
0.16,0.5,0.7,0.27,0.72,0.71,0.503186
0.16,0.5,0.71,0.28,0.75,0.71,0.503186
0.17,0.4,0.74,0.22,0.76,0.72,0.5031861
0.16,0.45,0.72,0.29,0.75,0.72,0.5031862
0.18,0.48,0.74,0.23,0.72,0.7,0.5031862
0.16,0.41,0.71,0.25,0.74,0.71,0.5031863
0.16,0.42,0.7,0.25,0.72,0.71,0.5031863
0.17,0.49,0.7,0.26,0.74,0.7,0.5031863
0.18,0.42,0.74,0.23,0.76,0.72,0.5031864
0.18,0.46,0.73,0.3,0.74,0.7,0.5031865
0.16,0.44,0.75,0.23,0.74,0.71,0.5031866
0.16,0.46,0.71,0.29,0.73,0.72,0.5031866
0.18,0.47,0.72,0.3,0.72,0.7,0.5031867
0.18,0.49,0.71,0.29,0.74,0.72,0.5031867
0.18,0.5,0.75,0.23,0.73,0.71,0.5031867
0.16,0.47,0.75,0.23,0.72,0.7,0.5031868
0.17,0.41,0.7,0.27,0.76,0.7,0.5031868
0.16,0.4,0.72,0.25,0.76,0.71,0.5031872
0.18,0.47,0.74,0.27,0.73,0.7,0.5031872
0.17,0.49,0.71,0.29,0.73,0.71,0.5031873
0.18,0.41,0.72,0.23,0.72,0.71,0.5031873
0.18,0.43,0.75,0.2,0.72,0.72,0.5031873
0.16,0.48,0.73,0.24,0.75,0.7,0.5031874
0.17,0.4,0.7,0.24,0.75,0.72,0.5031876
0.17,0.49,0.72,0.3,0.76,0.71,0.5031876
0.16,0.47,0.74,0.22,0.75,0.7,0.5031878
0.16,0.48,0.73,0.28,0.76,0.7,0.5031878
0.16,0.49,0.71,0.24,0.76,0.71,0.5031878
0.17,0.46,0.75,0.24,0.74,0.71,0.5031879
0.16,0.46,0.74,0.26,0.76,0.7,0.503188
0.16,0.49,0.71,0.29,0.72,0.7,0.503188
0.18,0.44,0.74,0.27,0.75,0.71,0.5031881
0.18,0.49,0.7,0.28,0.76,0.71,0.5031882
0.16,0.44,0.73,0.27,0.72,0.7,0.5031883
0.16,0.49,0.72,0.3,0.75,0.7,0.5031883
0.17,0.49,0.7,0.22,0.73,0.7,0.5031883
0.16,0.41,0.75,0.23,0.76,0.72,0.5031884
0.17,0.43,0.72,0.26,0.73,0.71,0.5031884
0.17,0.43,0.75,0.24,0.76,0.72,0.5031887
0.17,0.49,0.75,0.24,0.72,0.7,0.5031887
0.16,0.46,0.75,0.27,0.73,0.7,0.5031888
0.17,0.4,0.72,0.2,0.73,0.7,0.5031888
0.17,0.44,0.75,0.2,0.75,0.72,0.5031888
0.18,0.44,0.7,0.28,0.73,0.7,0.5031888
0.16,0.42,0.74,0.24,0.73,0.72,0.503189
0.17,0.46,0.74,0.3,0.76,0.72,0.503189
0.17,0.42,0.73,0.26,0.75,0.71,0.5031892
0.17,0.47,0.73,0.3,0.74,0.72,0.5031892
0.18,0.42,0.72,0.21,0.73,0.7,0.5031894
0.18,0.43,0.71,0.28,0.75,0.7,0.5031894
0.17,0.47,0.75,0.2,0.73,0.71,0.5031895
0.18,0.42,0.71,0.25,0.74,0.72,0.5031896
0.16,0.41,0.75,0.24,0.75,0.72,0.5031898
0.18,0.43,0.7,0.25,0.72,0.72,0.5031899
0.18,0.45,0.75,0.25,0.76,0.72,0.5031899
0.18,0.48,0.75,0.25,0.74,0.71,0.50319
0.16,0.42,0.7,0.27,0.76,0.72,0.5031901
0.17,0.48,0.72,0.3,0.72,0.72,0.5031901
0.18,0.41,0.72,0.25,0.76,0.72,0.5031901
0.18,0.46,0.75,0.21,0.75,0.72,0.5031901
0.17,0.4,0.74,0.21,0.72,0.72,0.5031902
0.16,0.41,0.73,0.21,0.73,0.7,0.5031904
0.16,0.49,0.72,0.25,0.74,0.7,0.5031904
0.17,0.48,0.75,0.28,0.73,0.7,0.5031905
0.18,0.48,0.7,0.29,0.73,0.7,0.5031905
0.17,0.47,0.7,0.23,0.76,0.7,0.5031907
0.18,0.5,0.72,0.25,0.76,0.72,0.5031907
0.16,0.48,0.73,0.2,0.74,0.7,0.5031912
0.16,0.5,0.7,0.25,0.75,0.71,0.5031912
0.16,0.49,0.71,0.2,0.75,0.71,0.5031913
0.18,0.42,0.71,0.2,0.76,0.7,0.5031913
0.18,0.49,0.74,0.25,0.75,0.71,0.5031913
0.16,0.49,0.72,0.29,0.75,0.7,0.5031914
0.17,0.43,0.73,0.22,0.73,0.7,0.5031914
0.17,0.45,0.75,0.28,0.75,0.71,0.5031914
0.16,0.41,0.72,0.2,0.76,0.7,0.5031917
0.18,0.44,0.74,0.27,0.74,0.71,0.5031917
0.18,0.45,0.73,0.27,0.72,0.71,0.5031917
0.18,0.49,0.75,0.21,0.73,0.71,0.5031917
0.16,0.45,0.72,0.29,0.74,0.71,0.5031919
0.17,0.44,0.75,0.25,0.72,0.72,0.5031919
0.16,0.41,0.71,0.25,0.73,0.7,0.503192
0.16,0.5,0.72,0.29,0.74,0.72,0.503192
0.17,0.44,0.71,0.28,0.75,0.72,0.5031921
0.16,0.44,0.73,0.29,0.76,0.71,0.5031922
0.18,0.49,0.74,0.29,0.76,0.71,0.5031922
0.16,0.46,0.71,0.29,0.72,0.71,0.5031924
0.18,0.49,0.73,0.2,0.76,0.72,0.5031924
0.17,0.45,0.7,0.28,0.73,0.72,0.5031925
0.17,0.43,0.72,0.21,0.76,0.7,0.5031926
0.18,0.47,0.75,0.29,0.75,0.71,0.5031927
0.17,0.4,0.73,0.22,0.75,0.71,0.5031929
0.17,0.5,0.7,0.27,0.74,0.72,0.5031929
0.18,0.45,0.73,0.23,0.73,0.7,0.5031929
0.16,0.4,0.72,0.25,0.75,0.7,0.503193
0.17,0.4,0.7,0.24,0.74,0.71,0.5031931
0.16,0.49,0.72,0.21,0.73,0.7,0.5031932
0.16,0.5,0.7,0.27,0.73,0.71,0.5031936
0.18,0.42,0.73,0.23,0.75,0.71,0.5031936
0.16,0.5,0.7,0.21,0.74,0.71,0.5031938
0.16,0.44,0.74,0.23,0.73,0.7,0.5031939
0.16,0.5,0.71,0.26,0.73,0.7,0.5031939
0.18,0.49,0.71,0.29,0.75,0.72,0.503194
0.18,0.5,0.73,0.26,0.74,0.71,0.5031941
0.18,0.45,0.72,0.22,0.76,0.7,0.5031943
0.18,0.5,0.72,0.21,0.75,0.72,0.5031943
0.16,0.46,0.75,0.28,0.73,0.72,0.5031944
0.17,0.43,0.72,0.26,0.72,0.7,0.5031945
0.17,0.49,0.71,0.29,0.74,0.71,0.5031947
0.16,0.4,0.71,0.22,0.72,0.72,0.5031948
0.16,0.44,0.73,0.22,0.76,0.7,0.5031948
0.17,0.49,0.72,0.3,0.72,0.72,0.5031948
0.18,0.49,0.7,0.28,0.72,0.72,0.5031948
0.16,0.42,0.74,0.24,0.72,0.71,0.5031949
0.17,0.5,0.74,0.24,0.76,0.72,0.5031949
0.18,0.45,0.73,0.29,0.76,0.72,0.5031949
0.18,0.46,0.72,0.29,0.74,0.72,0.5031949
0.17,0.46,0.74,0.3,0.75,0.71,0.503195
0.17,0.47,0.73,0.3,0.73,0.71,0.5031951
0.18,0.49,0.74,0.21,0.74,0.71,0.5031951
0.17,0.42,0.73,0.26,0.74,0.7,0.5031952
0.16,0.41,0.74,0.23,0.75,0.71,0.5031953
0.17,0.46,0.74,0.24,0.73,0.7,0.5031953
0.18,0.44,0.73,0.27,0.74,0.7,0.5031953
0.16,0.49,0.71,0.29,0.73,0.7,0.5031954
0.18,0.42,0.71,0.25,0.73,0.71,0.5031954
0.16,0.42,0.7,0.27,0.75,0.71,0.5031956
0.16,0.47,0.72,0.22,0.76,0.7,0.5031958
0.17,0.43,0.74,0.24,0.75,0.71,0.5031958
0.18,0.5,0.73,0.3,0.75,0.71,0.5031958
0.16,0.5,0.71,0.22,0.72,0.7,0.5031959
0.18,0.41,0.72,0.25,0.75,0.71,0.5031959
0.18,0.47,0.71,0.29,0.72,0.72,0.5031959
0.17,0.44,0.74,0.2,0.74,0.71,0.5031961
0.17,0.41,0.73,0.23,0.73,0.72,0.5031962
0.17,0.46,0.73,0.23,0.76,0.7,0.5031962
0.18,0.5,0.73,0.22,0.73,0.71,0.5031967
0.17,0.4,0.74,0.23,0.75,0.72,0.5031969
0.18,0.4,0.74,0.2,0.73,0.72,0.5031969
0.17,0.47,0.74,0.2,0.72,0.7,0.5031971
0.16,0.48,0.71,0.27,0.76,0.7,0.5031972
0.17,0.41,0.74,0.2,0.76,0.72,0.5031972
0.18,0.45,0.74,0.25,0.75,0.71,0.5031972
0.18,0.43,0.75,0.22,0.73,0.72,0.5031973
0.18,0.43,0.74,0.21,0.76,0.72,0.5031974
0.17,0.41,0.75,0.21,0.73,0.72,0.5031975
0.18,0.46,0.74,0.21,0.74,0.71,0.5031975
0.18,0.48,0.74,0.25,0.73,0.7,0.5031975
0.16,0.43,0.73,0.26,0.74,0.72,0.5031976
0.16,0.43,0.74,0.27,0.74,0.7,0.5031978
0.17,0.44,0.71,0.28,0.74,0.71,0.5031978
0.18,0.48,0.71,0.3,0.72,0.71,0.5031978
0.16,0.45,0.72,0.29,0.73,0.7,0.5031979
0.18,0.48,0.7,0.29,0.74,0.7,0.5031979
0.16,0.44,0.72,0.26,0.72,0.72,0.503198
0.16,0.45,0.75,0.21,0.74,0.71,0.503198
0.16,0.44,0.73,0.29,0.75,0.7,0.5031981
0.16,0.48,0.71,0.23,0.75,0.7,0.5031981
0.17,0.45,0.7,0.28,0.72,0.71,0.5031982
0.16,0.42,0.74,0.26,0.76,0.72,0.5031983
0.17,0.43,0.72,0.28,0.76,0.71,0.5031983
0.18,0.43,0.7,0.27,0.75,0.72,0.5031983
0.16,0.47,0.75,0.25,0.73,0.7,0.5031984
0.17,0.5,0.75,0.25,0.74,0.71,0.5031984
0.18,0.45,0.75,0.26,0.72,0.71,0.5031985
0.16,0.47,0.74,0.24,0.76,0.7,0.5031986
0.16,0.42,0.75,0.21,0.76,0.72,0.5031987
0.16,0.44,0.75,0.25,0.75,0.71,0.5031987
0.17,0.45,0.74,0.28,0.74,0.7,0.5031987
0.18,0.43,0.74,0.24,0.72,0.72,0.5031989
0.17,0.4,0.7,0.24,0.73,0.7,0.503199
0.18,0.48,0.73,0.23,0.76,0.71,0.503199
0.18,0.44,0.7,0.3,0.76,0.7,0.5031991
0.18,0.5,0.74,0.27,0.72,0.7,0.5031991
0.16,0.48,0.75,0.21,0.72,0.7,0.5031992
0.16,0.5,0.72,0.29,0.75,0.72,0.5031992
0.17,0.44,0.75,0.22,0.76,0.72,0.5031992
0.17,0.5,0.74,0.2,0.75,0.72,0.5031992
0.17,0.5,0.75,0.29,0.75,0.71,0.5031992
0.17,0.47,0.75,0.22,0.74,0.71,0.5031993
0.16,0.5,0.71,0.28,0.72,0.72,0.5032
0.17,0.46,0.75,0.26,0.75,0.71,0.5032
0.18,0.47,0.74,0.29,0.74,0.7,0.5032
0.17,0.4,0.72,0.22,0.74,0.7,0.5032001
0.17,0.49,0.75,0.26,0.73,0.7,0.5032002
0.17,0.45,0.74,0.27,0.73,0.72,0.5032003
0.16,0.46,0.75,0.28,0.72,0.71,0.5032004
0.18,0.46,0.75,0.23,0.76,0.72,0.5032004
0.17,0.44,0.75,0.27,0.75,0.72,0.5032005
0.17,0.5,0.7,0.27,0.75,0.72,0.5032006
0.18,0.45,0.73,0.29,0.75,0.71,0.5032008
0.18,0.49,0.72,0.28,0.76,0.71,0.5032008
0.18,0.46,0.72,0.29,0.73,0.71,0.5032009
0.18,0.42,0.72,0.23,0.74,0.7,0.503201
0.17,0.46,0.74,0.3,0.74,0.7,0.5032011
0.16,0.49,0.7,0.24,0.74,0.7,0.5032012
0.17,0.47,0.73,0.3,0.72,0.7,0.5032012
0.18,0.49,0.72,0.24,0.75,0.71,0.5032012
0.16,0.42,0.7,0.27,0.74,0.7,0.5032014
0.16,0.5,0.7,0.27,0.74,0.71,0.5032014
0.18,0.49,0.71,0.29,0.76,0.72,0.5032014
0.18,0.42,0.71,0.25,0.72,0.7,0.5032015
0.18,0.49,0.75,0.23,0.74,0.71,0.5032015
0.18,0.48,0.75,0.27,0.75,0.71,0.5032016
0.18,0.5,0.7,0.24,0.76,0.72,0.5032016
0.17,0.49,0.72,0.3,0.73,0.72,0.5032017
0.18,0.49,0.7,0.28,0.73,0.72,0.5032019
0.16,0.41,0.71,0.27,0.76,0.7,0.503202
0.17,0.45,0.7,0.3,0.76,0.72,0.503202
0.18,0.41,0.72,0.25,0.74,0.7,0.503202
0.16,0.46,0.75,0.29,0.74,0.7,0.5032021
0.17,0.41,0.73,0.23,0.72,0.71,0.5032021
0.17,0.49,0.71,0.29,0.75,0.71,0.5032021
0.17,0.5,0.75,0.21,0.73,0.71,0.5032021
0.17,0.49,0.7,0.28,0.72,0.71,0.5032024
0.16,0.41,0.73,0.23,0.74,0.7,0.5032025
0.16,0.49,0.72,0.3,0.72,0.71,0.5032025
0.16,0.49,0.71,0.29,0.74,0.7,0.5032029
0.16,0.4,0.71,0.24,0.75,0.72,0.5032031
0.16,0.41,0.7,0.24,0.73,0.72,0.5032031
0.17,0.43,0.73,0.24,0.74,0.7,0.5032032
0.16,0.43,0.73,0.26,0.73,0.71,0.5032034
0.17,0.48,0.75,0.3,0.74,0.7,0.5032034
0.16,0.46,0.75,0.3,0.76,0.72,0.5032036
0.16,0.47,0.74,0.3,0.74,0.72,0.5032036
0.17,0.44,0.73,0.2,0.73,0.7,0.5032036
0.18,0.4,0.73,0.2,0.72,0.71,0.5032037
0.18,0.47,0.75,0.28,0.72,0.72,0.5032037
0.17,0.44,0.71,0.28,0.73,0.7,0.5032038
0.18,0.43,0.7,0.27,0.74,0.71,0.5032041
0.18,0.5,0.71,0.25,0.74,0.71,0.5032041
0.16,0.42,0.74,0.26,0.75,0.71,0.5032042
0.17,0.42,0.72,0.25,0.74,0.72,0.5032042
0.17,0.41,0.73,0.2,0.75,0.71,0.5032043
0.17,0.43,0.72,0.28,0.75,0.7,0.5032043
0.17,0.41,0.74,0.21,0.72,0.71,0.5032045
0.18,0.4,0.72,0.22,0.73,0.72,0.5032045
0.17,0.49,0.74,0.27,0.76,0.71,0.5032046
0.16,0.48,0.73,0.3,0.72,0.72,0.5032047
0.17,0.43,0.71,0.25,0.72,0.72,0.5032047
0.18,0.42,0.71,0.27,0.76,0.71,0.5032047
0.18,0.43,0.73,0.21,0.75,0.71,0.5032047
0.18,0.45,0.73,0.25,0.74,0.7,0.5032047
0.18,0.43,0.74,0.22,0.72,0.71,0.5032048
0.18,0.48,0.71,0.3,0.73,0.71,0.5032048
0.16,0.49,0.7,0.2,0.73,0.7,0.5032049
0.17,0.41,0.73,0.25,0.76,0.72,0.503205
0.18,0.49,0.73,0.25,0.73,0.7,0.503205
0.18,0.46,0.73,0.21,0.73,0.7,0.5032052
0.16,0.4,0.75,0.21,0.72,0.72,0.5032054
0.16,0.45,0.74,0.21,0.73,0.7,0.5032054
0.18,0.48,0.7,0.29,0.75,0.7,0.5032054
0.17,0.48,0.71,0.3,0.72,0.7,0.5032055
0.18,0.49,0.72,0.2,0.74,0.71,0.5032057
0.17,0.4,0.73,0.24,0.76,0.71,0.5032058
0.17,0.49,0.74,0.23,0.75,0.71,0.5032058
0.16,0.42,0.74,0.21,0.75,0.71,0.5032059
0.17,0.5,0.72,0.23,0.76,0.72,0.5032059
0.18,0.42,0.73,0.25,0.76,0.71,0.5032059
0.18,0.49,0.73,0.29,0.74,0.7,0.5032059
0.18,0.5,0.7,0.2,0.75,0.72,0.5032059
0.16,0.42,0.75,0.22,0.72,0.71,0.503206
0.16,0.44,0.74,0.25,0.74,0.7,0.5032061
0.17,0.45,0.74,0.27,0.72,0.71,0.5032064
0.17,0.44,0.74,0.22,0.75,0.71,0.5032066
0.16,0.5,0.72,0.29,0.76,0.72,0.5032067
0.17,0.44,0.75,0.23,0.72,0.71,0.5032067
0.18,0.44,0.73,0.26,0.73,0.72,0.5032068
0.18,0.43,0.74,0.26,0.75,0.72,0.5032069
0.16,0.44,0.72,0.28,0.75,0.72,0.503207
0.17,0.47,0.74,0.22,0.73,0.7,0.503207
0.18,0.45,0.73,0.29,0.74,0.7,0.5032071
0.18,0.46,0.72,0.29,0.72,0.7,0.5032071
0.16,0.5,0.71,0.28,0.73,0.72,0.5032072
0.16,0.45,0.71,0.28,0.73,0.72,0.5032073
0.16,0.47,0.7,0.21,0.76,0.7,0.5032073
0.18,0.4,0.74,0.22,0.74,0.72,0.5032073
0.17,0.46,0.74,0.26,0.74,0.7,0.5032074
0.17,0.45,0.7,0.3,0.75,0.71,0.5032077
0.18,0.46,0.74,0.23,0.75,0.71,0.5032078
0.18,0.5,0.71,0.21,0.73,0.71,0.5032078
0.17,0.5,0.73,0.28,0.75,0.71,0.503208
0.16,0.45,0.73,0.2,0.76,0.7,0.5032081
0.18,0.46,0.75,0.24,0.72,0.71,0.5032081
0.18,0.5,0.72,0.26,0.72,0.7,0.5032081
0.17,0.5,0.7,0.27,0.76,0.72,0.5032083
0.17,0.5,0.73,0.24,0.74,0.71,0.5032084
0.16,0.4,0.71,0.24,0.74,0.71,0.5032086
0.16,0.41,0.7,0.24,0.72,0.71,0.5032086
0.16,0.41,0.74,0.25,0.76,0.71,0.5032086
0.17,0.4,0.7,0.26,0.76,0.7,0.5032086
0.17,0.41,0.75,0.23,0.74,0.72,0.5032086
0.17,0.43,0.74,0.26,0.76,0.71,0.5032086
0.17,0.49,0.72,0.3,0.74,0.72,0.5032086
0.18,0.47,0.73,0.26,0.76,0.7,0.5032086
0.18,0.49,0.73,0.21,0.72,0.7,0.5032086
0.18,0.44,0.75,0.2,0.73,0.72,0.5032088
0.18,0.43,0.75,0.24,0.74,0.72,0.5032089
0.16,0.45,0.75,0.23,0.75,0.71,0.503209
0.18,0.49,0.7,0.28,0.74,0.72,0.5032091
0.16,0.5,0.7,0.27,0.75,0.71,0.5032092
0.18,0.48,0.74,0.27,0.74,0.7,0.5032092
0.17,0.45,0.74,0.29,0.76,0.72,0.5032094
0.18,0.45,0.74,0.27,0.76,0.71,0.5032094
0.16,0.48,0.75,0.23,0.73,0.7,0.5032095
0.16,0.49,0.72,0.3,0.73,0.71,0.5032095
0.17,0.46,0.73,0.29,0.74,0.72,0.5032095
0.17,0.49,0.71,0.29,0.76,0.71,0.5032096
0.16,0.43,0.73,0.26,0.72,0.7,0.5032097
0.16,0.46,0.75,0.3,0.75,0.71,0.5032097
0.16,0.47,0.74,0.3,0.73,0.71,0.5032097
0.17,0.49,0.7,0.28,0.73,0.71,0.5032097
0.18,0.48,0.71,0.22,0.76,0.71,0.50321
0.17,0.42,0.72,0.25,0.73,0.71,0.5032101
0.17,0.47,0.75,0.24,0.75,0.71,0.5032102
0.18,0.43,0.7,0.27,0.73,0.7,0.5032102
0.16,0.47,0.75,0.27,0.74,0.7,0.5032104
0.17,0.47,0.72,0.29,0.72,0.72,0.5032104
0.18,0.49,0.7,0.27,0.76,0.71,0.5032104
0.16,0.49,0.71,0.29,0.75,0.7,0.5032105
0.18,0.4,0.72,0.22,0.72,0.71,0.5032105
0.16,0.49,0.7,0.28,0.72,0.7,0.5032106
0.16,0.5,0.74,0.22,0.76,0.72,0.5032107
0.18,0.42,0.71,0.27,0.75,0.7,0.5032107
0.17,0.41,0.73,0.25,0.75,0.71,0.5032109
0.16,0.41,0.74,0.23,0.73,0.72,0.5032113
0.18,0.48,0.72,0.27,0.75,0.7,0.5032113
0.17,0.41,0.72,0.2,0.74,0.7,0.5032116
0.18,0.41,0.71,0.24,0.74,0.72,0.5032116
0.16,0.41,0.7,0.26,0.76,0.72,0.5032117
0.16,0.44,0.75,0.27,0.76,0.71,0.5032117
0.18,0.48,0.71,0.3,0.74,0.71,0.5032118
0.16,0.5,0.75,0.27,0.75,0.71,0.5032119
0.17,0.45,0.75,0.2,0.76,0.72,0.5032119
0.16,0.4,0.75,0.23,0.75,0.72,0.5032121
0.17,0.5,0.74,0.25,0.72,0.7,0.5032121
0.18,0.4,0.72,0.24,0.76,0.72,0.5032121
0.18,0.42,0.7,0.24,0.72,0.72,0.5032121
0.18,0.47,0.75,0.3,0.75,0.72,0.5032122
0.18,0.49,0.7,0.23,0.75,0.71,0.5032122
0.17,0.49,0.75,0.28,0.74,0.7,0.5032123
0.18,0.43,0.72,0.21,0.74,0.7,0.5032123
0.17,0.46,0.75,0.28,0.76,0.71,0.5032124
0.18,0.48,0.72,0.23,0.74,0.7,0.5032126
0.17,0.48,0.71,0.3,0.73,0.7,0.5032127
0.17,0.5,0.73,0.2,0.73,0.71,0.5032128
0.16,0.44,0.72,0.28,0.74,0.71,0.5032129
0.17,0.5,0.74,0.29,0.73,0.7,0.5032129
0.18,0.48,0.74,0.3,0.73,0.72,0.5032129
0.17,0.4,0.72,0.24,0.75,0.7,0.503213
0.18,0.44,0.73,0.26,0.72,0.71,0.503213
0.16,0.45,0.71,0.28,0.72,0.71,0.5032131
0.17,0.43,0.71,0.27,0.75,0.72,0.5032131
0.17,0.48,0.75,0.2,0.74,0.71,0.5032131
0.18,0.47,0.75,0.21,0.76,0.72,0.5032131
0.16,0.43,0.73,0.28,0.76,0.71,0.5032132
0.18,0.42,0.72,0.25,0.75,0.7,0.5032133
0.16,0.42,0.73,0.21,0.74,0.7,0.5032134
0.16,0.5,0.75,0.23,0.74,0.71,0.5032134
0.17,0.43,0.75,0.24,0.72,0.72,0.5032135
0.17,0.45,0.7,0.3,0.74,0.7,0.5032135
0.18,0.4,0.72,0.21,0.76,0.71,0.5032135
0.17,0.44,0.7,0.27,0.73,0.72,0.5032136
0.17,0.44,0.71,0.3,0.76,0.7,0.5032137
0.18,0.48,0.75,0.29,0.76,0.71,0.5032139
0.17,0.44,0.73,0.22,0.74,0.7,0.5032141
0.17,0.49,0.72,0.26,0.76,0.71,0.5032142
0.16,0.4,0.71,0.24,0.73,0.7,0.5032144
0.16,0.5,0.71,0.28,0.74,0.72,0.5032144
0.18,0.4,0.73,0.22,0.73,0.71,0.5032144
0.18,0.49,0.71,0.28,0.74,0.7,0.5032147
0.17,0.48,0.73,0.21,0.76,0.71,0.5032149
0.17,0.41,0.73,0.22,0.76,0.71,0.503215
0.18,0.49,0.71,0.24,0.73,0.7,0.503215
0.16,0.45,0.75,0.27,0.73,0.72,0.5032151
0.17,0.48,0.74,0.26,0.75,0.7,0.5032154
0.18,0.45,0.72,0.28,0.74,0.72,0.5032154
0.17,0.45,0.74,0.29,0.75,0.71,0.5032155
0.17,0.46,0.73,0.29,0.73,0.71,0.5032155
0.18,0.44,0.73,0.28,0.76,0.72,0.5032155
0.18,0.46,0.73,0.23,0.74,0.7,0.5032155
0.17,0.49,0.72,0.3,0.75,0.72,0.5032157
0.18,0.43,0.73,0.23,0.76,0.71,0.5032157
0.16,0.41,0.73,0.25,0.75,0.7,0.5032158
0.16,0.46,0.75,0.3,0.74,0.7,0.5032158
0.17,0.41,0.74,0.23,0.73,0.71,0.5032158
0.16,0.47,0.74,0.3,0.72,0.7,0.5032159
0.17,0.43,0.73,0.26,0.75,0.7,0.503216
0.18,0.44,0.74,0.2,0.72,0.71,0.5032161
0.17,0.42,0.72,0.25,0.72,0.7,0.5032163
0.18,0.43,0.74,0.24,0.73,0.71,0.5032163
0.18,0.49,0.7,0.28,0.75,0.72,0.5032163
0.18,0.46,0.71,0.28,0.72,0.72,0.5032165
0.16,0.45,0.74,0.23,0.74,0.7,0.5032166
0.16,0.45,0.71,0.3,0.76,0.72,0.5032167
0.16,0.49,0.72,0.3,0.74,0.71,0.5032167
0.17,0.49,0.71,0.29,0.72,0.72,0.5032167
0.17,0.49,0.72,0.22,0.75,0.71,0.5032169
0.18,0.45,0.73,0.27,0.75,0.7,0.5032169
0.17,0.48,0.74,0.3,0.76,0.7,0.503217
0.16,0.46,0.7,0.3,0.74,0.72,0.5032171
0.17,0.49,0.7,0.28,0.74,0.71,0.5032171
0.16,0.42,0.74,0.23,0.76,0.71,0.5032172
0.16,0.41,0.74,0.23,0.72,0.71,0.5032173
0.16,0.41,0.7,0.26,0.75,0.71,0.5032174
0.16,0.43,0.75,0.2,0.72,0.71,0.5032175
0.17,0.5,0.7,0.22,0.76,0.72,0.5032176
0.17,0.5,0.71,0.27,0.75,0.71,0.5032177
0.18,0.41,0.71,0.24,0.73,0.71,0.5032177
0.17,0.47,0.74,0.24,0.74,0.7,0.5032178
0.18,0.41,0.74,0.2,0.74,0.72,0.5032179
0.18,0.47,0.71,0.25,0.76,0.7,0.5032179
0.17,0.44,0.74,0.24,0.76,0.71,0.503218
0.17,0.45,0.75,0.21,0.72,0.71,0.503218
0.16,0.49,0.7,0.28,0.73,0.7,0.5032181
0.18,0.5,0.7,0.25,0.72,0.7,0.5032181
0.18,0.4,0.72,0.24,0.75,0.71,0.5032182
0.16,0.42,0.75,0.24,0.73,0.71,0.5032183
0.16,0.49,0.74,0.25,0.76,0.71,0.5032184
0.17,0.49,0.73,0.27,0.74,0.7,0.5032184
0.18,0.47,0.75,0.3,0.74,0.71,0.5032184
0.17,0.42,0.75,0.21,0.74,0.72,0.5032187
0.17,0.44,0.75,0.25,0.73,0.71,0.5032187
0.16,0.44,0.72,0.28,0.73,0.7,0.5032189
0.16,0.44,0.74,0.27,0.75,0.7,0.503219
0.17,0.43,0.71,0.27,0.74,0.71,0.503219
0.18,0.48,0.71,0.3,0.75,0.71,0.503219
0.18,0.48,0.74,0.3,0.72,0.71,0.503219
0.16,0.43,0.73,0.28,0.75,0.7,0.5032192
0.17,0.4,0.73,0.22,0.73,0.72,0.5032192
0.18,0.46,0.74,0.25,0.76,0.71,0.5032192
0.16,0.42,0.73,0.25,0.74,0.72,0.5032193
0.17,0.44,0.7,0.27,0.72,0.71,0.5032193
0.18,0.44,0.75,0.22,0.74,0.72,0.5032193
0.18,0.47,0.75,0.22,0.72,0.71,0.5032193
0.17,0.5,0.71,0.23,0.74,0.71,0.5032194
0.17,0.42,0.72,0.27,0.76,0.71,0.5032195
0.17,0.45,0.74,0.2,0.75,0.71,0.5032195
0.18,0.49,0.71,0.2,0.72,0.7,0.5032195
0.17,0.49,0.73,0.23,0.73,0.7,0.5032196
0.16,0.43,0.72,0.25,0.72,0.72,0.5032197
0.18,0.46,0.75,0.26,0.73,0.71,0.5032197
0.18,0.48,0.7,0.29,0.72,0.71,0.5032197
0.16,0.4,0.75,0.2,0.74,0.72,0.5032199
0.17,0.46,0.74,0.28,0.75,0.7,0.5032199
0.17,0.48,0.71,0.3,0.74,0.7,0.5032199
0.18,0.42,0.7,0.26,0.75,0.72,0.5032199
0.18,0.43,0.7,0.29,0.76,0.7,0.5032199
0.16,0.41,0.74,0.25,0.76,0.72,0.50322
0.16,0.45,0.75,0.25,0.76,0.71,0.5032206
0.16,0.48,0.75,0.2,0.76,0.71,0.5032206
0.16,0.48,0.75,0.25,0.74,0.7,0.5032206
0.18,0.46,0.72,0.2,0.76,0.7,0.5032206
0.18,0.47,0.74,0.21,0.75,0.71,0.5032208
0.17,0.48,0.74,0.2,0.73,0.7,0.5032209
0.18,0.4,0.71,0.21,0.75,0.7,0.5032209
0.18,0.48,0.7,0.26,0.75,0.7,0.5032209
0.16,0.46,0.75,0.21,0.75,0.71,0.503221
0.18,0.42,0.74,0.23,0.72,0.72,0.5032212
0.16,0.45,0.75,0.27,0.72,0.71,0.5032214
0.17,0.44,0.74,0.26,0.73,0.72,0.5032214
0.18,0.48,0.74,0.29,0.75,0.7,0.5032215
0.18,0.5,0.75,0.26,0.76,0.72,0.5032215
0.16,0.5,0.73,0.26,0.75,0.71,0.5032216
0.18,0.44,0.73,0.28,0.75,0.71,0.5032216
0.18,0.45,0.72,0.28,0.73,0.71,0.5032216
0.17,0.43,0.75,0.26,0.75,0.72,0.5032217
0.17,0.46,0.73,0.29,0.72,0.7,0.5032217
0.18,0.4,0.72,0.22,0.72,0.7,0.5032217
0.17,0.45,0.74,0.29,0.74,0.7,0.5032218
0.17,0.47,0.75,0.26,0.76,0.71,0.5032218
0.18,0.47,0.71,0.21,0.75,0.7,0.5032218
0.16,0.5,0.71,0.28,0.75,0.72,0.5032219
0.17,0.5,0.72,0.28,0.73,0.7,0.5032219
0.16,0.49,0.74,0.21,0.75,0.71,0.503222
0.16,0.5,0.72,0.21,0.76,0.72,0.5032222
0.17,0.48,0.75,0.22,0.75,0.71,0.5032223
0.17,0.5,0.72,0.24,0.72,0.7,0.5032223
0.17,0.41,0.72,0.22,0.75,0.7,0.5032224
0.17,0.47,0.73,0.24,0.76,0.7,0.5032224
0.16,0.45,0.71,0.3,0.75,0.71,0.5032225
0.16,0.5,0.73,0.3,0.76,0.71,0.5032225
0.16,0.49,0.75,0.26,0.74,0.7,0.5032227
0.17,0.44,0.7,0.29,0.76,0.72,0.5032227
0.16,0.46,0.7,0.3,0.73,0.71,0.5032229
0.16,0.5,0.7,0.27,0.72,0.72,0.5032229
0.17,0.49,0.72,0.3,0.76,0.72,0.5032229
0.17,0.41,0.73,0.23,0.72,0.7,0.5032232
0.16,0.41,0.7,0.26,0.74,0.7,0.5032233
0.16,0.47,0.75,0.29,0.75,0.7,0.5032233
0.18,0.48,0.75,0.3,0.72,0.7,0.5032233
0.18,0.43,0.72,0.23,0.75,0.7,0.5032234
0.17,0.49,0.71,0.29,0.73,0.72,0.5032236
0.18,0.48,0.7,0.22,0.74,0.7,0.5032236
0.18,0.49,0.7,0.28,0.76,0.72,0.5032237
0.16,0.4,0.71,0.26,0.76,0.7,0.5032239
0.16,0.49,0.72,0.3,0.75,0.71,0.5032239
0.18,0.41,0.71,0.24,0.72,0.7,0.5032239
0.16,0.49,0.75,0.3,0.75,0.7,0.503224
0.18,0.43,0.73,0.24,0.72,0.7,0.503224
0.16,0.45,0.75,0.29,0.76,0.72,0.5032241
0.16,0.46,0.74,0.29,0.74,0.72,0.5032241
0.16,0.5,0.73,0.22,0.74,0.71,0.5032243
0.18,0.46,0.75,0.27,0.72,0.72,0.5032244
0.17,0.49,0.7,0.28,0.75,0.71,0.5032246
0.16,0.49,0.71,0.29,0.72,0.71,0.5032247
0.17,0.48,0.72,0.25,0.75,0.7,0.5032247
0.16,0.42,0.73,0.23,0.75,0.7,0.5032248
0.18,0.46,0.71,0.3,0.75,0.72,0.5032248
0.16,0.47,0.73,0.29,0.72,0.72,0.503225
0.18,0.5,0.75,0.22,0.75,0.72,0.503225
0.17,0.43,0.71,0.27,0.73,0.7,0.5032251
0.17,0.49,0.7,0.25,0.76,0.71,0.5032251
0.18,0.41,0.73,0.2,0.73,0.71,0.5032251
0.16,0.49,0.75,0.22,0.73,0.7,0.5032252
0.17,0.4,0.73,0.22,0.72,0.71,0.5032252
0.16,0.42,0.73,0.25,0.73,0.71,0.5032253
0.17,0.48,0.72,0.29,0.76,0.7,0.5032254
0.17,0.44,0.73,0.24,0.75,0.7,0.5032255
0.16,0.4,0.7,0.23,0.73,0.72,0.5032256
0.16,0.49,0.7,0.28,0.74,0.7,0.5032256
0.17,0.42,0.72,0.27,0.75,0.7,0.5032256
0.16,0.42,0.74,0.24,0.72,0.7,0.5032258
0.16,0.5,0.74,0.27,0.73,0.7,0.5032258
0.18,0.42,0.7,0.26,0.74,0.71,0.5032259
0.16,0.41,0.74,0.25,0.75,0.71,0.5032261
0.17,0.42,0.74,0.21,0.73,0.71,0.5032262
0.17,0.41,0.72,0.24,0.74,0.72,0.5032263
0.17,0.44,0.74,0.25,0.72,0.7,0.5032263
0.18,0.41,0.71,0.26,0.76,0.71,0.5032263
0.18,0.48,0.71,0.3,0.76,0.71,0.5032263
0.18,0.42,0.72,0.27,0.76,0.7,0.5032264
0.17,0.48,0.71,0.2,0.76,0.71,0.5032266
0.18,0.48,0.7,0.29,0.73,0.71,0.5032267
0.17,0.42,0.71,0.24,0.72,0.72,0.5032268
0.17,0.4,0.73,0.24,0.76,0.72,0.5032269
0.18,0.44,0.74,0.22,0.73,0.71,0.5032269
0.18,0.46,0.73,0.25,0.75,0.7,0.5032269
0.16,0.4,0.74,0.2,0.73,0.71,0.503227
0.17,0.42,0.73,0.2,0.76,0.71,0.503227
0.17,0.47,0.73,0.2,0.75,0.7,0.5032271
0.16,0.5,0.74,0.23,0.72,0.7,0.5032272
0.17,0.48,0.71,0.3,0.75,0.7,0.5032272
0.17,0.48,0.75,0.3,0.73,0.72,0.5032272
0.17,0.45,0.73,0.2,0.74,0.7,0.5032273
0.18,0.46,0.74,0.26,0.72,0.7,0.5032274
0.17,0.48,0.7,0.29,0.72,0.7,0.5032276
0.17,0.44,0.74,0.26,0.72,0.71,0.5032277
0.18,0.44,0.73,0.21,0.76,0.71,0.5032278
0.18,0.45,0.72,0.28,0.72,0.7,0.5032279
0.18,0.44,0.73,0.28,0.74,0.7,0.503228
0.16,0.43,0.72,0.27,0.75,0.72,0.5032281
0.16,0.43,0.75,0.22,0.73,0.71,0.5032281
0.17,0.49,0.71,0.26,0.74,0.7,0.5032281
0.18,0.41,0.74,0.22,0.75,0.72,0.5032281
0.16,0.45,0.74,0.25,0.75,0.7,0.5032283
0.16,0.45,0.71,0.3,0.74,0.7,0.5032284
0.18,0.43,0.73,0.25,0.73,0.72,0.5032284
0.16,0.44,0.72,0.3,0.76,0.7,0.5032285
0.17,0.44,0.7,0.29,0.75,0.71,0.5032285
0.17,0.48,0.72,0.21,0.74,0.7,0.5032285
0.18,0.42,0.74,0.25,0.75,0.72,0.5032285
0.16,0.44,0.71,0.27,0.73,0.72,0.5032286
0.16,0.43,0.74,0.21,0.76,0.71,0.5032287
0.17,0.45,0.75,0.23,0.73,0.71,0.5032287
0.18,0.43,0.74,0.26,0.74,0.71,0.5032287
0.18,0.47,0.73,0.21,0.74,0.7,0.5032287
0.16,0.46,0.74,0.21,0.74,0.7,0.5032288
0.17,0.49,0.7,0.21,0.75,0.71,0.5032288
0.16,0.46,0.7,0.3,0.72,0.7,0.5032289
0.17,0.45,0.74,0.22,0.76,0.71,0.5032291
0.16,0.49,0.72,0.24,0.76,0.71,0.5032292
0.16,0.45,0.75,0.26,0.72,0.7,0.5032293
0.16,0.48,0.74,0.28,0.76,0.7,0.5032293
0.17,0.43,0.73,0.28,0.76,0.7,0.5032294
0.16,0.48,0.74,0.24,0.75,0.7,0.5032295
0.16,0.5,0.71,0.28,0.76,0.72,0.5032295
0.17,0.47,0.74,0.26,0.75,0.7,0.5032295
0.17,0.42,0.75,0.23,0.75,0.72,0.5032296
0.18,0.45,0.73,0.29,0.76,0.7,0.50323
0.16,0.5,0.7,0.27,0.73,0.72,0.5032301
0.17,0.45,0.73,0.28,0.74,0.72,0.5032301
0.18,0.47,0.75,0.24,0.73,0.71,0.5032301
0.16,0.45,0.75,0.29,0.75,0.71,0.5032302
0.17,0.44,0.74,0.28,0.76,0.72,0.5032302
0.16,0.46,0.74,0.29,0.73,0.71,0.5032303
0.17,0.47,0.75,0.27,0.72,0.7,0.5032303
0.17,0.48,0.74,0.22,0.74,0.7,0.5032303
0.18,0.44,0.75,0.24,0.75,0.72,0.5032303
0.18,0.47,0.74,0.23,0.76,0.71,0.5032305
0.17,0.49,0.71,0.29,0.74,0.72,0.5032306
0.16,0.4,0.75,0.22,0.75,0.72,0.5032307
0.18,0.45,0.72,0.3,0.76,0.71,0.5032307
0.17,0.49,0.71,0.22,0.73,0.7,0.5032308
0.18,0.46,0.71,0.3,0.74,0.71,0.5032308
0.17,0.46,0.72,0.28,0.72,0.72,0.5032309
0.16,0.49,0.72,0.3,0.76,0.71,0.5032312
0.16,0.4,0.7,0.23,0.72,0.71,0.5032313
0.18,0.45,0.75,0.2,0.74,0.72,0.5032313
0.16,0.46,0.75,0.23,0.76,0.71,0.5032314
0.17,0.44,0.75,0.27,0.74,0.71,0.5032315
0.18,0.5,0.73,0.25,0.76,0.72,0.5032315
0.16,0.42,0.73,0.25,0.72,0.7,0.5032316
0.17,0.5,0.7,0.27,0.73,0.7,0.5032317
0.16,0.49,0.71,0.29,0.73,0.71,0.5032318
0.18,0.49,0.75,0.28,0.72,0.7,0.5032319
0.18,0.42,0.7,0.26,0.73,0.7,0.503232
0.18,0.46,0.75,0.28,0.74,0.71,0.5032321
0.16,0.48,0.75,0.27,0.75,0.7,0.5032322
0.16,0.49,0.73,0.25,0.74,0.7,0.5032322
0.17,0.49,0.7,0.28,0.76,0.71,0.5032323
0.16,0.44,0.74,0.29,0.76,0.7,0.5032324
0.17,0.41,0.72,0.24,0.73,0.71,0.5032324
0.17,0.48,0.75,0.24,0.76,0.71,0.5032324
0.16,0.5,0.71,0.25,0.75,0.71,0.5032325
0.18,0.41,0.71,0.26,0.75,0.7,0.5032325
0.18,0.46,0.75,0.29,0.75,0.72,0.5032325
0.18,0.41,0.72,0.2,0.72,0.7,0.5032326
0.18,0.48,0.75,0.2,0.72,0.71,0.5032326
0.16,0.49,0.73,0.29,0.75,0.7,0.5032327
0.18,0.4,0.71,0.23,0.76,0.7,0.5032327
0.18,0.49,0.75,0.29,0.76,0.71,0.5032329
0.17,0.47,0.71,0.23,0.76,0.7,0.503233
0.18,0.47,0.74,0.29,0.73,0.72,0.503233
0.17,0.4,0.73,0.24,0.75,0.71,0.5032331
0.17,0.46,0.74,0.3,0.76,0.7,0.5032331
0.18,0.49,0.75,0.25,0.75,0.71,0.5032331
0.16,0.49,0.7,0.28,0.75,0.7,0.5032334
0.17,0.48,0.75,0.3,0.72,0.71,0.5032334
0.17,0.5,0.7,0.23,0.72,0.7,0.5032335
0.16,0.49,0.72,0.2,0.75,0.71,0.5032336
0.16,0.4,0.7,0.25,0.76,0.72,0.5032339
0.17,0.42,0.73,0.21,0.72,0.7,0.5032339
0.18,0.48,0.7,0.29,0.74,0.71,0.5032339
0.16,0.43,0.72,0.27,0.74,0.71,0.5032341
0.16,0.4,0.73,0.2,0.72,0.7,0.5032342
0.16,0.48,0.74,0.2,0.74,0.7,0.5032342
0.18,0.4,0.71,0.23,0.74,0.72,0.5032342
0.18,0.48,0.71,0.3,0.72,0.72,0.5032342
0.18,0.49,0.74,0.2,0.76,0.72,0.5032342
0.16,0.44,0.71,0.27,0.72,0.71,0.5032344
0.16,0.4,0.74,0.22,0.73,0.72,0.5032345
0.16,0.42,0.73,0.27,0.76,0.71,0.5032345
0.16,0.5,0.7,0.2,0.76,0.72,0.5032345
0.17,0.44,0.7,0.29,0.74,0.7,0.5032346
0.17,0.48,0.71,0.3,0.76,0.7,0.5032346
0.17,0.42,0.71,0.26,0.75,0.72,0.5032347
0.17,0.42,0.72,0.2,0.75,0.7,0.5032347
0.17,0.43,0.71,0.29,0.76,0.7,0.5032347
0.18,0.44,0.73,0.22,0.72,0.7,0.5032347
0.17,0.41,0.72,0.24,0.76,0.7,0.5032348
0.18,0.41,0.7,0.23,0.72,0.72,0.5032348
0.18,0.43,0.73,0.25,0.72,0.71,0.5032348
0.17,0.48,0.7,0.29,0.73,0.7,0.5032349
0.17,0.48,0.7,0.28,0.76,0.7,0.5032351
0.18,0.43,0.72,0.25,0.76,0.7,0.5032351
0.17,0.43,0.7,0.26,0.73,0.72,0.5032352
0.18,0.5,0.74,0.26,0.74,0.71,0.5032355
0.16,0.5,0.72,0.26,0.73,0.7,0.5032356
0.18,0.41,0.73,0.22,0.74,0.71,0.5032356
0.17,0.42,0.75,0.23,0.72,0.72,0.5032357
0.17,0.48,0.7,0.24,0.75,0.7,0.5032357
0.18,0.44,0.72,0.21,0.75,0.7,0.5032357
0.16,0.43,0.74,0.22,0.72,0.7,0.5032358
0.16,0.49,0.73,0.21,0.73,0.7,0.5032358
0.18,0.5,0.73,0.21,0.75,0.72,0.5032359
0.16,0.5,0.71,0.21,0.74,0.71,0.503236
0.17,0.5,0.75,0.24,0.76,0.72,0.503236
0.16,0.43,0.73,0.21,0.75,0.7,0.5032363
0.16,0.44,0.75,0.26,0.73,0.72,0.5032363
0.18,0.43,0.73,0.26,0.73,0.7,0.5032363
0.17,0.44,0.74,0.28,0.75,0.71,0.5032364
0.17,0.45,0.73,0.28,0.73,0.71,0.5032364
0.18,0.5,0.74,0.3,0.75,0.71,0.5032364
0.17,0.45,0.74,0.23,0.72,0.7,0.5032365
0.18,0.44,0.72,0.27,0.74,0.72,0.5032365
0.16,0.46,0.74,0.29,0.72,0.7,0.5032366
0.18,0.43,0.73,0.27,0.76,0.72,0.5032367
0.17,0.45,0.73,0.22,0.75,0.7,0.5032369
0.18,0.45,0.72,0.3,0.75,0.7,0.503237
0.18,0.46,0.71,0.3,0.73,0.7,0.5032371
0.17,0.42,0.74,0.23,0.74,0.71,0.5032372
0.16,0.42,0.73,0.25,0.76,0.7,0.5032373
0.18,0.45,0.71,0.27,0.72,0.72,0.5032373
0.16,0.44,0.71,0.29,0.76,0.72,0.5032375
0.16,0.5,0.7,0.27,0.74,0.72,0.5032376
0.17,0.44,0.73,0.26,0.76,0.7,0.5032377
0.17,0.49,0.71,0.29,0.75,0.72,0.5032377
0.16,0.4,0.74,0.22,0.74,0.71,0.5032379
0.16,0.45,0.7,0.29,0.74,0.72,0.5032379
0.18,0.44,0.74,0.24,0.74,0.71,0.503238
0.18,0.47,0.74,0.24,0.72,0.7,0.503238
0.16,0.47,0.73,0.22,0.76,0.7,0.5032382
0.16,0.5,0.72,0.22,0.72,0.7,0.5032384
0.18,0.47,0.73,0.23,0.75,0.7,0.5032385
0.16,0.48,0.72,0.27,0.76,0.7,0.5032387
0.17,0.41,0.72,0.24,0.72,0.7,0.5032387
0.18,0.46,0.73,0.27,0.76,0.7,0.5032387
0.18,0.5,0.74,0.22,0.73,0.71,0.5032388
0.16,0.49,0.71,0.29,0.74,0.71,0.5032389
0.18,0.46,0.75,0.29,0.74,0.71,0.5032389
0.17,0.44,0.74,0.27,0.73,0.7,0.503239
0.16,0.46,0.75,0.24,0.72,0.7,0.5032391
0.16,0.49,0.72,0.3,0.72,0.72,0.5032391
0.18,0.45,0.74,0.2,0.73,0.71,0.5032391
0.16,0.46,0.74,0.23,0.75,0.7,0.5032392
0.17,0.46,0.72,0.3,0.75,0.72,0.5032393
0.17,0.49,0.7,0.28,0.72,0.72,0.5032393
0.18,0.47,0.74,0.29,0.72,0.71,0.5032394
0.18,0.42,0.74,0.2,0.75,0.72,0.5032395
0.16,0.43,0.75,0.24,0.74,0.71,0.5032396
0.16,0.4,0.7,0.25,0.75,0.71,0.5032397
0.18,0.41,0.74,0.24,0.76,0.72,0.5032398
0.18,0.46,0.74,0.28,0.73,0.7,0.5032398
0.16,0.44,0.75,0.2,0.73,0.71,0.50324
0.16,0.48,0.72,0.23,0.75,0.7,0.5032402
0.17,0.45,0.75,0.25,0.74,0.71,0.5032402
0.16,0.43,0.72,0.27,0.73,0.7,0.5032403
0.17,0.47,0.71,0.3,0.73,0.72,0.5032403
0.17,0.48,0.75,0.25,0.72,0.7,0.5032403
0.18,0.4,0.71,0.23,0.73,0.71,0.5032403
0.16,0.45,0.74,0.27,0.76,0.7,0.5032404
0.17,0.46,0.75,0.21,0.73,0.71,0.5032404
0.17,0.48,0.7,0.2,0.74,0.7,0.5032405
0.16,0.4,0.74,0.22,0.72,0.71,0.5032406
0.18,0.42,0.75,0.21,0.72,0.72,0.5032406
0.16,0.42,0.73,0.27,0.75,0.7,0.5032407
0.17,0.42,0.71,0.26,0.74,0.71,0.5032407
0.17,0.43,0.75,0.21,0.75,0.72,0.5032407
0.16,0.49,0.7,0.23,0.76,0.71,0.5032408
0.18,0.48,0.74,0.23,0.76,0.71,0.5032408
0.18,0.5,0.75,0.27,0.72,0.7,0.5032408
0.17,0.43,0.7,0.26,0.72,0.71,0.5032409
0.18,0.48,0.71,0.3,0.73,0.72,0.5032409
0.17,0.5,0.75,0.2,0.75,0.72,0.5032411
0.18,0.45,0.75,0.22,0.75,0.72,0.5032411
0.18,0.47,0.75,0.26,0.74,0.71,0.5032412
0.18,0.48,0.7,0.29,0.75,0.71,0.5032412
0.17,0.41,0.72,0.26,0.76,0.71,0.5032413
0.18,0.42,0.7,0.28,0.76,0.7,0.5032413
0.16,0.41,0.75,0.2,0.75,0.72,0.5032414
0.17,0.47,0.74,0.28,0.76,0.7,0.5032414
0.16,0.41,0.73,0.24,0.74,0.72,0.5032416
0.18,0.49,0.73,0.28,0.76,0.71,0.5032418
0.18,0.44,0.75,0.26,0.76,0.72,0.5032419
0.18,0.48,0.75,0.22,0.73,0.71,0.5032419
0.16,0.42,0.72,0.24,0.72,0.72,0.503242
0.17,0.48,0.71,0.3,0.72,0.71,0.503242
0.18,0.41,0.7,0.25,0.75,0.72,0.503242
0.17,0.4,0.75,0.2,0.72,0.72,0.5032421
0.17,0.42,0.75,0.25,0.76,0.72,0.5032421
0.16,0.4,0.74,0.24,0.76,0.72,0.5032422
0.16,0.45,0.75,0.28,0.73,0.7,0.5032422
0.16,0.49,0.71,0.28,0.75,0.7,0.5032422
0.17,0.48,0.7,0.29,0.74,0.7,0.5032422
0.18,0.5,0.71,0.24,0.76,0.72,0.5032426
0.17,0.45,0.73,0.28,0.72,0.7,0.5032427
0.16,0.44,0.75,0.26,0.72,0.71,0.5032428
0.17,0.46,0.74,0.2,0.76,0.71,0.5032428
0.18,0.44,0.72,0.27,0.73,0.71,0.5032428
0.17,0.43,0.74,0.25,0.73,0.72,0.5032429
0.17,0.47,0.75,0.29,0.73,0.7,0.5032429
0.18,0.43,0.73,0.27,0.75,0.71,0.5032429
0.18,0.49,0.73,0.24,0.75,0.71,0.5032429
0.16,0.49,0.71,0.24,0.74,0.7,0.5032431
0.17,0.42,0.75,0.25,0.75,0.72,0.5032433
0.16,0.44,0.71,0.29,0.75,0.71,0.5032434
0.18,0.41,0.72,0.22,0.73,0.7,0.5032434
0.18,0.41,0.71,0.21,0.76,0.7,0.5032437
0.16,0.45,0.7,0.29,0.73,0.71,0.5032438
0.17,0.43,0.7,0.28,0.76,0.72,0.5032438
0.16,0.47,0.75,0.21,0.76,0.71,0.5032442
0.18,0.49,0.75,0.3,0.73,0.7,0.5032443
0.16,0.48,0.75,0.29,0.76,0.7,0.5032445
0.18,0.41,0.74,0.22,0.72,0.72,0.5032445
0.16,0.44,0.75,0.28,0.76,0.72,0.5032448
0.16,0.45,0.74,0.28,0.74,0.72,0.5032449
0.17,0.42,0.72,0.22,0.76,0.7,0.503245
0.17,0.42,0.73,0.23,0.73,0.7,0.503245
0.17,0.49,0.71,0.29,0.76,0.72,0.503245
0.16,0.4,0.72,0.21,0.76,0.7,0.5032451
0.16,0.4,0.73,0.22,0.73,0.7,0.5032452
0.16,0.5,0.7,0.27,0.75,0.72,0.5032452
0.17,0.45,0.73,0.3,0.76,0.71,0.5032453
0.18,0.5,0.72,0.29,0.75,0.71,0.5032453
0.17,0.46,0.72,0.3,0.74,0.71,0.5032454
0.18,0.45,0.71,0.29,0.75,0.72,0.5032454
0.18,0.47,0.7,0.3,0.72,0.7,0.5032454
0.18,0.5,0.72,0.25,0.74,0.71,0.5032455
0.16,0.4,0.7,0.25,0.74,0.7,0.5032457
0.16,0.46,0.73,0.28,0.72,0.72,0.5032457
0.17,0.49,0.75,0.27,0.76,0.71,0.5032457
0.18,0.45,0.75,0.26,0.72,0.72,0.5032457
0.16,0.49,0.72,0.3,0.73,0.72,0.5032458
0.18,0.44,0.73,0.24,0.73,0.7,0.5032459
0.18,0.44,0.72,0.23,0.76,0.7,0.503246
0.16,0.49,0.71,0.29,0.75,0.71,0.5032462
0.17,0.49,0.7,0.28,0.73,0.72,0.5032463
0.18,0.46,0.7,0.29,0.73,0.72,0.5032464
0.17,0.47,0.71,0.3,0.72,0.71,0.5032465
0.16,0.5,0.7,0.25,0.73,0.7,0.5032466
0.18,0.4,0.71,0.23,0.72,0.7,0.5032468
0.17,0.42,0.71,0.26,0.73,0.7,0.503247
0.17,0.5,0.73,0.23,0.76,0.72,0.503247
0.18,0.42,0.73,0.2,0.74,0.71,0.5032471
0.18,0.49,0.74,0.29,0.74,0.7,0.5032471
0.16,0.43,0.73,0.23,0.76,0.7,0.5032472
0.18,0.45,0.73,0.2,0.72,0.7,0.5032472
0.18,0.49,0.74,0.25,0.73,0.7,0.5032472
0.18,0.41,0.73,0.24,0.75,0.71,0.5032473
0.16,0.43,0.74,0.24,0.73,0.7,0.5032474
0.16,0.49,0.7,0.28,0.72,0.71,0.5032475
0.17,0.47,0.75,0.29,0.73,0.72,0.5032475
0.16,0.41,0.73,0.24,0.73,0.71,0.5032476
0.17,0.41,0.72,0.26,0.75,0.7,0.5032476
0.16,0.49,0.71,0.2,0.73,0.7,0.5032477
0.17,0.49,0.75,0.23,0.75,0.71,0.5032477
0.18,0.48,0.71,0.3,0.74,0.72,0.5032477
0.16,0.44,0.74,0.2,0.72,0.7,0.5032478
0.18,0.5,0.71,0.2,0.75,0.72,0.5032478
0.17,0.45,0.73,0.24,0.76,0.7,0.5032479
0.17,0.45,0.74,0.25,0.73,0.7,0.5032481
0.18,0.41,0.7,0.25,0.74,0.71,0.5032481
0.18,0.49,0.73,0.2,0.74,0.71,0.5032481
0.17,0.43,0.74,0.21,0.74,0.71,0.5032484
0.18,0.4,0.71,0.25,0.76,0.71,0.5032484
0.17,0.46,0.74,0.21,0.72,0.7,0.5032485
0.18,0.48,0.7,0.29,0.76,0.71,0.5032486
0.16,0.41,0.74,0.2,0.74,0.71,0.5032488
0.17,0.48,0.71,0.3,0.73,0.71,0.5032488
0.17,0.5,0.74,0.28,0.75,0.71,0.5032489
0.18,0.45,0.74,0.22,0.74,0.71,0.503249
0.17,0.4,0.72,0.23,0.74,0.72,0.5032491
0.18,0.47,0.74,0.26,0.73,0.7,0.5032492
0.18,0.44,0.72,0.27,0.72,0.7,0.5032493
0.16,0.48,0.7,0.26,0.76,0.7,0.5032495
0.17,0.41,0.71,0.23,0.72,0.72,0.5032495
0.17,0.42,0.74,0.25,0.75,0.71,0.5032495
0.17,0.43,0.74,0.25,0.72,0.71,0.5032495
0.16,0.43,0.72,0.29,0.76,0.7,0.5032496
0.16,0.44,0.71,0.29,0.74,0.7,0.5032496
0.17,0.48,0.7,0.29,0.75,0.7,0.5032496
0.18,0.42,0.74,0.22,0.76,0.72,0.5032496
0.18,0.44,0.74,0.26,0.75,0.71,0.5032496
0.16,0.42,0.72,0.26,0.75,0.72,0.5032498
0.17,0.43,0.7,0.28,0.75,0.71,0.5032498
0.16,0.45,0.7,0.29,0.72,0.7,0.5032499
0.16,0.47,0.71,0.21,0.76,0.7,0.5032499
0.17,0.5,0.74,0.24,0.74,0.71,0.5032499
0.18,0.5,0.73,0.26,0.72,0.7,0.5032499
0.16,0.48,0.71,0.3,0.72,0.7,0.50325
0.18,0.48,0.74,0.22,0.72,0.7,0.50325
0.18,0.5,0.72,0.21,0.73,0.71,0.50325
0.17,0.4,0.74,0.21,0.76,0.72,0.5032502
0.16,0.4,0.74,0.24,0.75,0.71,0.5032503
0.16,0.43,0.71,0.26,0.73,0.72,0.5032503
0.16,0.44,0.75,0.22,0.74,0.71,0.5032503
0.16,0.46,0.74,0.25,0.76,0.7,0.5032503
0.16,0.5,0.7,0.21,0.72,0.7,0.5032504
0.16,0.47,0.75,0.22,0.72,0.7,0.5032505
0.18,0.42,0.73,0.24,0.73,0.72,0.5032505
0.17,0.46,0.75,0.23,0.74,0.71,0.5032507
0.18,0.41,0.74,0.24,0.75,0.72,0.5032507
0.16,0.46,0.75,0.26,0.73,0.7,0.5032508
0.17,0.46,0.73,0.2,0.75,0.7,0.5032508
0.18,0.5,0.73,0.3,0.73,0.7,0.5032508
0.18,0.42,0.75,0.23,0.73,0.72,0.5032509
0.17,0.44,0.73,0.27,0.74,0.72,0.5032511
0.16,0.44,0.75,0.28,0.75,0.71,0.5032512
0.16,0.45,0.74,0.28,0.73,0.71,0.5032512
0.17,0.43,0.75,0.23,0.76,0.72,0.5032512
0.18,0.49,0.74,0.21,0.72,0.7,0.5032513
0.17,0.43,0.74,0.27,0.76,0.72,0.5032514
0.18,0.49,0.71,0.27,0.76,0.71,0.5032515
0.16,0.41,0.75,0.22,0.76,0.72,0.5032516
0.17,0.45,0.73,0.3,0.75,0.7,0.5032516
0.18,0.44,0.72,0.29,0.76,0.71,0.5032516
0.18,0.45,0.71,0.29,0.74,0.71,0.5032516
0.18,0.45,0.75,0.24,0.76,0.72,0.5032517
0.17,0.45,0.72,0.27,0.72,0.72,0.5032518
0.17,0.46,0.72,0.3,0.73,0.7,0.5032518
0.17,0.48,0.75,0.27,0.73,0.7,0.5032518
0.17,0.49,0.75,0.23,0.72,0.7,0.5032519
0.18,0.48,0.72,0.22,0.76,0.71,0.5032519
0.16,0.5,0.75,0.22,0.76,0.72,0.503252
0.18,0.48,0.75,0.24,0.74,0.71,0.503252
0.16,0.48,0.7,0.22,0.75,0.7,0.5032521
0.16,0.43,0.75,0.26,0.75,0.71,0.5032522
0.16,0.47,0.74,0.21,0.75,0.7,0.5032523
0.17,0.45,0.75,0.27,0.75,0.71,0.5032523
0.18,0.47,0.7,0.3,0.73,0.7,0.5032524
0.16,0.49,0.72,0.3,0.74,0.72,0.5032526
0.18,0.46,0.7,0.29,0.72,0.71,0.5032528
0.16,0.5,0.7,0.27,0.76,0.72,0.5032529
0.18,0.48,0.73,0.27,0.75,0.7,0.5032529
0.18,0.47,0.75,0.28,0.75,0.71,0.503253
0.18,0.45,0.75,0.28,0.75,0.72,0.5032532
0.17,0.49,0.7,0.28,0.74,0.72,0.5032535
0.18,0.46,0.74,0.28,0.73,0.72,0.5032536
0.16,0.49,0.71,0.29,0.76,0.71,0.5032538
0.16,0.46,0.73,0.3,0.75,0.72,0.5032539
0.17,0.47,0.75,0.29,0.72,0.71,0.5032539
0.18,0.49,0.71,0.23,0.75,0.71,0.5032539
0.16,0.41,0.73,0.24,0.72,0.7,0.503254
0.17,0.5,0.75,0.29,0.73,0.7,0.503254
0.17,0.5,0.75,0.25,0.72,0.7,0.5032542
0.18,0.46,0.75,0.2,0.75,0.72,0.5032542
0.18,0.41,0.7,0.25,0.73,0.7,0.5032544
0.16,0.49,0.7,0.28,0.73,0.71,0.5032546
0.18,0.48,0.71,0.3,0.75,0.72,0.5032546
0.16,0.47,0.72,0.3,0.73,0.72,0.5032548
0.18,0.4,0.71,0.25,0.75,0.7,0.5032548
0.18,0.42,0.72,0.2,0.73,0.7,0.5032549
0.18,0.48,0.73,0.23,0.74,0.7,0.503255
0.17,0.5,0.74,0.2,0.73,0.71,0.5032551
0.18,0.41,0.72,0.24,0.74,0.7,0.5032551
0.17,0.4,0.72,0.23,0.73,0.71,0.5032552
0.17,0.49,0.73,0.26,0.76,0.71,0.5032552
0.17,0.48,0.71,0.3,0.74,0.71,0.5032557
0.18,0.49,0.75,0.2,0.73,0.71,0.5032558
0.16,0.42,0.72,0.26,0.74,0.71,0.5032559
0.17,0.43,0.7,0.28,0.74,0.7,0.5032559
0.16,0.43,0.71,0.26,0.72,0.71,0.5032561
0.17,0.42,0.71,0.28,0.76,0.7,0.5032561
0.18,0.49,0.72,0.28,0.74,0.7,0.5032562
0.16,0.41,0.73,0.26,0.76,0.71,0.5032564
0.17,0.43,0.73,0.21,0.73,0.7,0.5032564
0.18,0.48,0.7,0.29,0.72,0.72,0.5032564
0.16,0.41,0.73,0.2,0.73,0.7,0.5032565
0.18,0.5,0.7,0.24,0.74,0.71,0.5032567
0.17,0.41,0.71,0.25,0.75,0.72,0.5032568
0.17,0.48,0.74,0.21,0.76,0.71,0.5032569
0.18,0.45,0.73,0.22,0.73,0.7,0.503257
0.16,0.48,0.71,0.3,0.73,0.7,0.5032571
0.18,0.42,0.73,0.24,0.72,0.71,0.5032571
0.17,0.48,0.7,0.29,0.76,0.7,0.5032572
0.18,0.49,0.72,0.24,0.73,0.7,0.5032572
0.17,0.42,0.73,0.25,0.74,0.7,0.5032573
0.17,0.42,0.7,0.25,0.73,0.72,0.5032574
0.17,0.44,0.73,0.27,0.73,0.71,0.5032575
0.18,0.42,0.73,0.22,0.75,0.71,0.5032575
0.18,0.44,0.73,0.26,0.74,0.7,0.5032575
0.16,0.45,0.74,0.28,0.72,0.7,0.5032577
0.17,0.43,0.74,0.27,0.75,0.71,0.5032577
0.17,0.4,0.73,0.21,0.75,0.71,0.5032578
0.16,0.4,0.73,0.24,0.74,0.7,0.503258
0.16,0.43,0.75,0.25,0.73,0.72,0.503258
0.18,0.44,0.72,0.29,0.75,0.7,0.503258
0.18,0.45,0.71,0.29,0.73,0.7,0.503258
0.16,0.44,0.74,0.22,0.73,0.7,0.5032582
0.17,0.43,0.72,0.2,0.76,0.7,0.5032582
0.18,0.4,0.7,0.22,0.72,0.72,0.5032582
0.18,0.43,0.72,0.26,0.74,0.72,0.5032582
0.18,0.42,0.73,0.26,0.76,0.72,0.5032583
0.17,0.49,0.73,0.22,0.75,0.71,0.5032586
0.16,0.43,0.71,0.28,0.76,0.72,0.5032587
0.17,0.5,0.72,0.27,0.75,0.71,0.5032587
0.18,0.42,0.74,0.23,0.72,0.71,0.5032587
0.18,0.44,0.71,0.26,0.72,0.72,0.5032587
0.17,0.46,0.74,0.23,0.73,0.7,0.5032588
0.17,0.5,0.71,0.22,0.76,0.72,0.5032589
0.16,0.44,0.7,0.28,0.74,0.72,0.5032591
0.17,0.41,0.75,0.22,0.72,0.72,0.5032591
0.17,0.43,0.74,0.23,0.75,0.71,0.5032591
0.18,0.45,0.72,0.21,0.76,0.7,0.5032591
0.16,0.41,0.74,0.22,0.75,0.71,0.5032592
0.16,0.44,0.73,0.21,0.76,0.7,0.5032594
0.16,0.49,0.72,0.3,0.75,0.72,0.5032594
0.18,0.47,0.7,0.3,0.74,0.7,0.5032594
0.18,0.45,0.74,0.24,0.75,0.71,0.5032596
0.16,0.49,0.75,0.25,0.76,0.71,0.5032597
0.18,0.47,0.72,0.25,0.76,0.7,0.5032598
0.16,0.45,0.74,0.3,0.76,0.71,0.5032599
0.16,0.43,0.74,0.26,0.74,0.7,0.50326
0.17,0.49,0.74,0.27,0.74,0.7,0.50326
0.18,0.5,0.71,0.25,0.72,0.7,0.50326
0.16,0.46,0.73,0.3,0.74,0.71,0.5032601
0.17,0.45,0.72,0.29,0.75,0.72,0.5032601
0.17,0.45,0.74,0.27,0.74,0.7,0.5032601
0.17,0.46,0.73,0.22,0.76,0.7,0.5032601
0.18,0.46,0.74,0.28,0.72,0.71,0.5032601
0.18,0.48,0.74,0.24,0.73,0.7,0.5032602
0.17,0.43,0.75,0.24,0.72,0.71,0.5032604
0.17,0.49,0.7,0.28,0.75,0.72,0.5032607
0.18,0.45,0.75,0.25,0.72,0.71,0.5032607
0.17,0.46,0.71,0.29,0.73,0.72,0.503261
0.18,0.47,0.74,0.28,0.74,0.7,0.503261
0.16,0.47,0.72,0.3,0.72,0.71,0.5032612
0.16,0.47,0.75,0.24,0.73,0.7,0.5032612
0.17,0.5,0.72,0.23,0.74,0.71,0.5032612
0.16,0.44,0.75,0.24,0.75,0.71,0.5032613
0.18,0.43,0.75,0.21,0.73,0.72,0.5032613
0.16,0.49,0.71,0.29,0.72,0.72,0.5032615
0.17,0.4,0.72,0.23,0.72,0.7,0.5032616
0.18,0.48,0.71,0.3,0.76,0.72,0.5032616
0.18,0.43,0.74,0.2,0.76,0.72,0.5032618
0.18,0.46,0.74,0.3,0.76,0.72,0.5032618
0.16,0.47,0.74,0.23,0.76,0.7,0.5032619
0.16,0.49,0.7,0.28,0.74,0.71,0.5032619
0.17,0.46,0.75,0.25,0.75,0.71,0.5032619
0.18,0.5,0.7,0.2,0.73,0.71,0.5032619
0.17,0.49,0.74,0.23,0.73,0.7,0.503262
0.16,0.42,0.72,0.26,0.73,0.7,0.5032622
0.18,0.44,0.74,0.28,0.76,0.71,0.5032622
0.18,0.46,0.74,0.2,0.74,0.71,0.5032622
0.17,0.49,0.75,0.25,0.73,0.7,0.5032623
0.18,0.47,0.73,0.3,0.74,0.72,0.5032624
0.18,0.49,0.72,0.2,0.72,0.7,0.5032624
0.17,0.41,0.75,0.2,0.73,0.72,0.5032625
0.18,0.48,0.71,0.26,0.75,0.7,0.5032625
0.16,0.41,0.73,0.26,0.75,0.7,0.5032627
0.16,0.45,0.75,0.2,0.74,0.71,0.5032627
0.16,0.5,0.74,0.26,0.75,0.71,0.5032627
0.18,0.48,0.75,0.26,0.75,0.71,0.5032627
0.17,0.44,0.75,0.21,0.76,0.72,0.5032628
0.17,0.48,0.71,0.3,0.75,0.71,0.5032628
0.16,0.5,0.74,0.3,0.76,0.71,0.503263
0.17,0.41,0.71,0.25,0.74,0.71,0.503263
0.18,0.48,0.7,0.29,0.73,0.72,0.503263
0.16,0.46,0.75,0.28,0.74,0.7,0.5032631
0.18,0.41,0.7,0.27,0.76,0.7,0.5032631
0.18,0.46,0.75,0.22,0.76,0.72,0.5032632
0.16,0.42,0.75,0.2,0.76,0.72,0.5032633
0.17,0.42,0.7,0.25,0.72,0.71,0.5032633
0.17,0.47,0.75,0.21,0.74,0.71,0.5032633
0.17,0.5,0.73,0.28,0.73,0.7,0.5032633
0.18,0.48,0.71,0.3,0.76,0.7,0.5032633
0.17,0.4,0.72,0.25,0.76,0.71,0.5032635
0.16,0.5,0.73,0.21,0.76,0.72,0.5032637
0.18,0.48,0.72,0.3,0.72,0.72,0.5032637
0.17,0.48,0.75,0.29,0.74,0.7,0.5032638
0.18,0.48,0.7,0.21,0.76,0.71,0.5032638
0.16,0.48,0.75,0.2,0.72,0.7,0.5032641
0.16,0.49,0.75,0.21,0.75,0.71,0.5032641
0.17,0.44,0.73,0.27,0.72,0.7,0.5032641
0.16,0.48,0.71,0.3,0.74,0.7,0.5032642
0.17,0.48,0.7,0.29,0.72,0.71,0.5032642
0.17,0.5,0.73,0.24,0.72,0.7,0.5032643
0.16,0.4,0.73,0.23,0.74,0.72,0.5032644
0.18,0.4,0.7,0.24,0.75,0.72,0.5032644
0.18,0.47,0.72,0.21,0.75,0.7,0.5032644
0.16,0.41,0.72,0.23,0.72,0.72,0.5032646
0.18,0.43,0.72,0.26,0.73,0.71,0.5032646
0.18,0.49,0.75,0.22,0.74,0.71,0.5032646
0.16,0.43,0.75,0.25,0.72,0.71,0.5032647
0.18,0.42,0.73,0.26,0.75,0.71,0.5032647
0.16,0.43,0.71,0.28,0.75,0.71,0.5032648
0.16,0.44,0.7,0.28,0.73,0.71,0.5032651
0.17,0.42,0.74,0.24,0.73,0.72,0.5032651
0.17,0.45,0.75,0.29,0.76,0.71,0.5032651
0.17,0.42,0.7,0.27,0.76,0.72,0.5032653
0.18,0.42,0.72,0.22,0.74,0.7,0.5032655
0.18,0.47,0.75,0.3,0.76,0.71,0.5032655
0.17,0.4,0.72,0.21,0.74,0.7,0.5032656
0.16,0.44,0.74,0.27,0.74,0.72,0.503266
0.18,0.48,0.71,0.22,0.74,0.7,0.503266
0.18,0.49,0.7,0.27,0.74,0.7,0.503266
0.16,0.5,0.74,0.22,0.74,0.71,0.5032661
0.16,0.43,0.75,0.27,0.76,0.72,0.5032662
0.17,0.44,0.73,0.29,0.76,0.71,0.5032662
0.17,0.49,0.71,0.25,0.76,0.71,0.5032663
0.16,0.45,0.74,0.3,0.75,0.7,0.5032664
0.17,0.45,0.72,0.29,0.74,0.71,0.5032664
0.17,0.48,0.73,0.25,0.75,0.7,0.5032665
0.18,0.44,0.71,0.28,0.75,0.72,0.5032665
0.16,0.46,0.73,0.3,0.73,0.7,0.5032666
0.16,0.49,0.72,0.3,0.76,0.72,0.5032666
0.18,0.47,0.7,0.3,0.75,0.7,0.5032666
0.17,0.48,0.73,0.29,0.76,0.7,0.5032667
0.16,0.45,0.73,0.27,0.72,0.72,0.5032668
0.16,0.41,0.73,0.22,0.74,0.7,0.5032671
0.17,0.43,0.73,0.23,0.74,0.7,0.5032671
0.16,0.5,0.75,0.27,0.73,0.7,0.5032673
0.17,0.46,0.71,0.29,0.72,0.71,0.5032674
0.18,0.44,0.75,0.25,0.72,0.72,0.5032675
0.18,0.45,0.7,0.28,0.73,0.72,0.5032675
0.18,0.45,0.73,0.24,0.74,0.7,0.5032678
0.17,0.49,0.7,0.28,0.76,0.72,0.5032681
0.17,0.46,0.75,0.28,0.73,0.72,0.5032682
0.16,0.49,0.71,0.29,0.73,0.72,0.5032683
0.18,0.46,0.74,0.3,0.75,0.71,0.5032683
0.18,0.49,0.7,0.23,0.73,0.7,0.5032684
0.18,0.4,0.74,0.21,0.72,0.72,0.5032685
0.18,0.42,0.73,0.24,0.76,0.71,0.5032686
0.17,0.48,0.72,0.2,0.76,0.71,0.5032687
0.18,0.47,0.73,0.3,0.73,0.71,0.5032688
0.17,0.4,0.73,0.23,0.76,0.71,0.5032691
0.18,0.43,0.74,0.21,0.72,0.71,0.5032693
0.16,0.44,0.74,0.24,0.74,0.7,0.5032694
0.17,0.41,0.71,0.25,0.73,0.7,0.5032694
0.16,0.49,0.7,0.28,0.75,0.71,0.5032695
0.16,0.5,0.75,0.23,0.72,0.7,0.5032696
0.17,0.49,0.72,0.26,0.74,0.7,0.5032696
0.18,0.43,0.73,0.2,0.75,0.71,0.5032697
0.17,0.5,0.7,0.26,0.75,0.71,0.5032698
0.18,0.48,0.7,0.29,0.74,0.72,0.5032698
0.17,0.4,0.72,0.25,0.75,0.7,0.5032699
0.17,0.46,0.74,0.25,0.74,0.7,0.5032699
0.17,0.41,0.74,0.2,0.72,0.71,0.50327
0.17,0.48,0.71,0.3,0.76,0.71,0.5032701
0.18,0.44,0.73,0.28,0.75,0.7,0.5032702
0.17,0.49,0.72,0.3,0.75,0.7,0.5032703
0.16,0.4,0.73,0.23,0.73,0.71,0.5032705
0.16,0.49,0.73,0.24,0.76,0.71,0.5032705
0.17,0.43,0.74,0.25,0.76,0.71,0.5032706
0.18,0.46,0.73,0.2,0.73,0.7,0.5032706
0.18,0.47,0.7,0.24,0.76,0.7,0.5032706
0.17,0.44,0.75,0.22,0.72,0.71,0.5032707
0.18,0.4,0.7,0.24,0.74,0.71,0.5032707
0.17,0.44,0.74,0.21,0.75,0.71,0.5032708
0.17,0.49,0.71,0.21,0.75,0.71,0.5032708
0.18,0.45,0.74,0.26,0.76,0.71,0.5032708
0.16,0.45,0.74,0.2,0.73,0.7,0.5032709
0.18,0.48,0.74,0.26,0.74,0.7,0.5032709
0.16,0.42,0.74,0.2,0.75,0.71,0.503271
0.16,0.42,0.75,0.21,0.72,0.71,0.503271
0.16,0.43,0.71,0.28,0.74,0.7,0.5032711
0.17,0.48,0.7,0.29,0.73,0.71,0.5032711
0.16,0.41,0.74,0.24,0.76,0.71,0.5032712
0.16,0.42,0.72,0.28,0.76,0.7,0.5032712
0.17,0.48,0.73,0.21,0.74,0.7,0.5032712
0.18,0.43,0.72,0.26,0.72,0.7,0.5032712
0.18,0.46,0.74,0.22,0.75,0.71,0.5032712
0.18,0.46,0.75,0.23,0.72,0.71,0.5032712
0.17,0.42,0.7,0.27,0.75,0.71,0.5032714
0.16,0.44,0.7,0.28,0.72,0.7,0.5032715
0.16,0.48,0.71,0.3,0.75,0.7,0.5032715
0.17,0.47,0.74,0.21,0.73,0.7,0.5032716
0.18,0.4,0.74,0.21,0.74,0.72,0.5032716
0.18,0.43,0.75,0.23,0.74,0.72,0.5032716
0.17,0.42,0.74,0.24,0.72,0.71,0.5032718
0.16,0.41,0.72,0.25,0.75,0.72,0.503272
0.17,0.41,0.75,0.22,0.74,0.72,0.5032722
0.18,0.45,0.75,0.27,0.73,0.71,0.5032723
0.18,0.5,0.74,0.25,0.76,0.72,0.5032723
0.16,0.45,0.75,0.22,0.75,0.71,0.5032724
0.16,0.47,0.75,0.26,0.74,0.7,0.5032724
0.16,0.42,0.71,0.25,0.73,0.72,0.5032725
0.16,0.43,0.75,0.27,0.75,0.71,0.5032726
0.16,0.44,0.74,0.27,0.73,0.71,0.5032726
0.16,0.5,0.72,0.29,0.76,0.71,0.5032726
0.16,0.48,0.7,0.29,0.72,0.7,0.5032727
0.17,0.44,0.73,0.29,0.75,0.7,0.5032727
0.17,0.43,0.73,0.26,0.74,0.72,0.5032728
0.17,0.47,0.75,0.23,0.75,0.71,0.5032728
0.18,0.43,0.72,0.28,0.76,0.71,0.5032728
0.18,0.44,0.71,0.28,0.74,0.71,0.5032728
0.17,0.45,0.72,0.29,0.73,0.7,0.5032729
0.17,0.4,0.71,0.22,0.72,0.72,0.503273
0.17,0.45,0.74,0.29,0.75,0.7,0.503273
0.16,0.44,0.75,0.26,0.76,0.71,0.5032731
0.17,0.42,0.74,0.26,0.76,0.72,0.5032731
0.17,0.49,0.72,0.22,0.73,0.7,0.5032731
0.17,0.5,0.71,0.27,0.73,0.7,0.5032732
0.17,0.44,0.72,0.26,0.72,0.72,0.5032733
0.17,0.46,0.75,0.27,0.76,0.71,0.5032733
0.17,0.5,0.7,0.22,0.74,0.71,0.5032733
0.18,0.41,0.73,0.23,0.73,0.72,0.5032733
0.16,0.48,0.75,0.22,0.73,0.7,0.5032734
0.18,0.47,0.74,0.3,0.75,0.7,0.5032734
0.16,0.5,0.72,0.25,0.75,0.71,0.5032736
0.16,0.49,0.74,0.29,0.75,0.7,0.5032738
0.18,0.45,0.7,0.28,0.72,0.71,0.5032739
0.18,0.47,0.7,0.3,0.76,0.7,0.503274
0.16,0.44,0.7,0.3,0.76,0.71,0.5032741
0.16,0.49,0.74,0.25,0.74,0.7,0.5032741
0.18,0.48,0.75,0.28,0.76,0.71,0.5032741
0.18,0.44,0.75,0.27,0.75,0.72,0.5032745
0.17,0.46,0.75,0.28,0.72,0.71,0.5032747
0.16,0.45,0.73,0.29,0.75,0.72,0.5032748
0.18,0.45,0.74,0.27,0.73,0.72,0.5032748
0.18,0.46,0.74,0.3,0.74,0.7,0.5032749
0.16,0.49,0.71,0.29,0.74,0.72,0.5032751
0.17,0.47,0.72,0.23,0.76,0.7,0.5032752
0.18,0.47,0.73,0.3,0.72,0.7,0.5032754
0.16,0.46,0.72,0.29,0.73,0.72,0.5032756
0.18,0.45,0.7,0.3,0.76,0.72,0.5032756
0.16,0.49,0.73,0.2,0.75,0.71,0.5032757
0.17,0.5,0.71,0.23,0.72,0.7,0.5032757
0.16,0.46,0.75,0.3,0.75,0.7,0.503276
0.18,0.49,0.75,0.2,0.76,0.72,0.503276
0.16,0.5,0.71,0.2,0.76,0.72,0.5032761
0.17,0.46,0.75,0.3,0.76,0.72,0.5032762
0.18,0.47,0.7,0.2,0.75,0.7,0.5032762
0.17,0.48,0.71,0.28,0.76,0.7,0.5032763
0.17,0.47,0.74,0.3,0.74,0.72,0.5032767
0.18,0.42,0.72,0.24,0.75,0.7,0.5032767
0.18,0.5,0.75,0.26,0.74,0.71,0.5032768
0.18,0.5,0.75,0.3,0.75,0.71,0.5032768
0.18,0.48,0.7,0.29,0.75,0.72,0.5032769
0.16,0.4,0.73,0.23,0.72,0.7,0.503277
0.16,0.49,0.7,0.28,0.76,0.71,0.503277
0.17,0.4,0.72,0.23,0.75,0.7,0.503277
0.18,0.47,0.75,0.2,0.76,0.72,0.503277
0.16,0.5,0.73,0.26,0.73,0.7,0.5032772
0.18,0.4,0.7,0.24,0.73,0.7,0.5032773
0.18,0.5,0.74,0.21,0.75,0.72,0.5032774
0.17,0.48,0.71,0.24,0.75,0.7,0.5032775
0.16,0.5,0.73,0.3,0.74,0.7,0.5032776
0.17,0.42,0.7,0.27,0.74,0.7,0.5032778
0.16,0.5,0.72,0.21,0.74,0.71,0.503278
0.17,0.41,0.71,0.27,0.76,0.7,0.503278
0.17,0.48,0.73,0.3,0.72,0.72,0.5032781
0.18,0.43,0.72,0.2,0.74,0.7,0.5032781
0.16,0.41,0.72,0.25,0.74,0.71,0.5032782
0.17,0.48,0.7,0.29,0.74,0.71,0.5032782
0.16,0.49,0.74,0.21,0.73,0.7,0.5032784
0.17,0.48,0.71,0.3,0.72,0.72,0.5032784
0.16,0.42,0.71,0.25,0.72,0.71,0.5032785
0.16,0.4,0.73,0.25,0.76,0.71,0.5032786
0.17,0.43,0.73,0.25,0.75,0.7,0.5032787
0.16,0.48,0.71,0.3,0.76,0.7,0.5032789
0.18,0.4,0.72,0.2,0.76,0.71,0.5032789
0.17,0.44,0.73,0.21,0.74,0.7,0.503279
0.18,0.45,0.73,0.26,0.75,0.7,0.503279
0.16,0.42,0.73,0.2,0.74,0.7,0.5032791
0.16,0.41,0.73,0.24,0.75,0.7,0.5032792
0.18,0.4,0.73,0.21,0.73,0.71,0.5032792
0.16,0.44,0.74,0.27,0.72,0.7,0.5032793
0.17,0.43,0.73,0.26,0.73,0.71,0.5032793
0.17,0.4,0.71,0.24,0.75,0.72,0.5032794
0.18,0.43,0.72,0.28,0.75,0.7,0.5032794
0.18,0.43,0.73,0.22,0.76,0.71,0.5032794
0.18,0.44,0.71,0.28,0.73,0.7,0.5032794
0.17,0.41,0.73,0.21,0.76,0.71,0.5032795
0.17,0.42,0.74,0.26,0.75,0.71,0.5032795
0.18,0.46,0.73,0.22,0.74,0.7,0.5032796
0.16,0.48,0.7,0.29,0.73,0.7,0.5032797
0.18,0.43,0.74,0.23,0.73,0.71,0.5032798
0.17,0.41,0.74,0.22,0.73,0.71,0.5032799
0.17,0.41,0.7,0.24,0.73,0.72,0.50328
0.18,0.41,0.73,0.23,0.72,0.71,0.50328
0.16,0.48,0.73,0.27,0.76,0.7,0.5032801
0.16,0.42,0.71,0.27,0.76,0.72,0.5032802
0.16,0.42,0.75,0.24,0.73,0.72,0.5032803
0.16,0.44,0.7,0.3,0.75,0.7,0.5032803
0.18,0.42,0.72,0.25,0.74,0.72,0.5032803
0.18,0.41,0.73,0.25,0.76,0.72,0.5032804
0.18,0.45,0.74,0.27,0.72,0.7,0.5032804
0.16,0.45,0.74,0.22,0.74,0.7,0.5032806
0.16,0.5,0.73,0.22,0.72,0.7,0.5032806
0.17,0.49,0.7,0.25,0.74,0.7,0.5032807
0.18,0.5,0.75,0.22,0.73,0.71,0.5032807
0.16,0.43,0.7,0.27,0.74,0.72,0.5032809
0.17,0.44,0.74,0.23,0.76,0.71,0.5032809
0.16,0.44,0.74,0.29,0.76,0.71,0.503281
0.18,0.43,0.71,0.25,0.72,0.72,0.503281
0.16,0.44,0.74,0.26,0.75,0.7,0.5032811
0.17,0.47,0.74,0.23,0.74,0.7,0.5032811
0.16,0.42,0.74,0.22,0.76,0.71,0.5032812
0.16,0.45,0.73,0.29,0.74,0.71,0.5032812
0.17,0.44,0.72,0.28,0.75,0.72,0.5032812
0.18,0.45,0.74,0.27,0.72,0.71,0.5032813
0.17,0.46,0.74,0.27,0.75,0.7,0.5032814
0.18,0.46,0.74,0.24,0.76,0.71,0.5032814
0.17,0.44,0.75,0.24,0.73,0.71,0.5032815
0.16,0.42,0.75,0.23,0.73,0.71,0.5032816
0.18,0.45,0.7,0.3,0.75,0.71,0.5032818
0.18,0.46,0.75,0.25,0.73,0.71,0.5032819
0.18,0.47,0.7,0.3,0.72,0.71,0.5032819
0.17,0.45,0.71,0.28,0.73,0.72,0.503282
0.16,0.46,0.72,0.29,0.72,0.71,0.5032821
0.16,0.49,0.71,0.29,0.75,0.72,0.5032821
0.16,0.48,0.73,0.23,0.75,0.7,0.5032823
0.18,0.4,0.74,0.23,0.75,0.72,0.5032823
0.18,0.48,0.74,0.28,0.75,0.7,0.5032823
0.16,0.49,0.71,0.23,0.76,0.71,0.5032824
0.18,0.45,0.74,0.29,0.76,0.72,0.5032825
0.18,0.49,0.74,0.28,0.76,0.71,0.5032826
0.17,0.45,0.75,0.2,0.72,0.71,0.5032827
0.17,0.46,0.75,0.3,0.75,0.71,0.5032828
0.18,0.43,0.75,0.25,0.75,0.72,0.5032828
0.18,0.44,0.75,0.21,0.74,0.72,0.5032828
0.16,0.45,0.75,0.24,0.76,0.71,0.503283
0.17,0.48,0.71,0.2,0.74,0.7,0.503283
0.18,0.46,0.73,0.29,0.74,0.72,0.503283
0.17,0.46,0.75,0.28,0.72,0.7,0.5032832
0.17,0.4,0.75,0.21,0.72,0.72,0.5032833
0.17,0.47,0.74,0.3,0.73,0.71,0.5032833
0.18,0.47,0.75,0.21,0.72,0.71,0.5032833
0.16,0.48,0.75,0.24,0.74,0.7,0.5032834
0.17,0.47,0.75,0.25,0.76,0.71,0.5032834
0.18,0.5,0.72,0.24,0.76,0.72,0.5032834
0.16,0.49,0.72,0.28,0.75,0.7,0.5032835
0.17,0.42,0.75,0.2,0.74,0.72,0.5032836
0.17,0.41,0.75,0.24,0.75,0.72,0.5032837
0.18,0.48,0.75,0.29,0.72,0.7,0.5032839
0.16,0.47,0.75,0.28,0.75,0.7,0.503284
0.18,0.48,0.7,0.29,0.76,0.72,0.5032841
0.16,0.49,0.7,0.28,0.72,0.72,0.5032844
0.18,0.49,0.74,0.24,0.75,0.71,0.5032844
0.18,0.47,0.72,0.29,0.72,0.72,0.5032845
0.16,0.41,0.72,0.25,0.73,0.7,0.5032847
0.16,0.49,0.72,0.24,0.74,0.7,0.5032849
0.17,0.48,0.71,0.3,0.73,0.72,0.5032851
0.18,0.4,0.7,0.26,0.76,0.7,0.5032853
0.18,0.47,0.74,0.2,0.75,0.71,0.5032853
0.17,0.49,0.7,0.21,0.73,0.7,0.5032854
0.16,0.46,0.75,0.2,0.75,0.71,0.5032855
0.16,0.5,0.7,0.24,0.75,0.71,0.5032855
0.17,0.48,0.7,0.29,0.75,0.71,0.5032855
0.17,0.4,0.71,0.24,0.74,0.71,0.5032856
0.18,0.5,0.73,0.29,0.75,0.71,0.503286
0.17,0.41,0.7,0.24,0.72,0.71,0.5032861
0.17,0.43,0.73,0.26,0.72,0.7,0.5032861
0.17,0.48,0.75,0.21,0.75,0.71,0.5032862
0.16,0.42,0.71,0.27,0.75,0.71,0.5032865
0.16,0.48,0.71,0.3,0.72,0.71,0.5032867
0.18,0.42,0.72,0.25,0.73,0.71,0.5032868
0.18,0.5,0.73,0.25,0.74,0.71,0.5032868
0.16,0.43,0.7,0.27,0.73,0.71,0.5032869
0.18,0.41,0.73,0.25,0.75,0.71,0.5032869
0.16,0.42,0.75,0.24,0.72,0.71,0.503287
0.16,0.48,0.7,0.29,0.74,0.7,0.503287
0.18,0.4,0.71,0.2,0.75,0.7,0.503287
0.17,0.47,0.7,0.22,0.76,0.7,0.5032871
0.18,0.4,0.72,0.21,0.72,0.7,0.5032873
0.17,0.41,0.7,0.26,0.76,0.72,0.5032874
0.16,0.44,0.74,0.29,0.75,0.7,0.5032875
0.17,0.43,0.73,0.28,0.76,0.71,0.5032876
0.17,0.44,0.72,0.28,0.74,0.71,0.5032876
0.16,0.43,0.74,0.26,0.74,0.72,0.5032877
0.17,0.41,0.72,0.21,0.75,0.7,0.5032877
0.16,0.45,0.73,0.29,0.73,0.7,0.5032878
0.18,0.43,0.72,0.22,0.75,0.7,0.5032878
0.16,0.42,0.75,0.26,0.76,0.72,0.5032879
0.17,0.5,0.74,0.23,0.76,0.72,0.5032879
0.17,0.41,0.74,0.23,0.73,0.72,0.503288
0.18,0.43,0.71,0.27,0.75,0.72,0.503288
0.17,0.41,0.73,0.22,0.72,0.7,0.5032881
0.18,0.44,0.71,0.3,0.76,0.7,0.5032881
0.16,0.4,0.72,0.22,0.72,0.72,0.5032882
0.18,0.43,0.73,0.23,0.72,0.7,0.5032882
0.18,0.45,0.7,0.3,0.74,0.7,0.5032882
0.16,0.5,0.71,0.25,0.73,0.7,0.5032883
0.16,0.44,0.73,0.26,0.72,0.72,0.5032884
0.17,0.45,0.71,0.28,0.72,0.71,0.5032885
0.18,0.47,0.7,0.3,0.73,0.71,0.5032886
0.18,0.42,0.72,0.26,0.76,0.7,0.5032888
0.18,0.44,0.7,0.27,0.73,0.72,0.5032889
0.17,0.44,0.73,0.23,0.75,0.7,0.5032892
0.18,0.45,0.74,0.29,0.75,0.71,0.5032892
0.16,0.49,0.71,0.29,0.76,0.72,0.5032893
0.18,0.5,0.72,0.2,0.75,0.72,0.5032893
0.16,0.42,0.73,0.22,0.75,0.7,0.5032894
0.17,0.45,0.75,0.27,0.73,0.72,0.5032894
0.17,0.4,0.72,0.25,0.76,0.7,0.5032896
0.18,0.46,0.73,0.29,0.73,0.71,0.5032896
0.17,0.5,0.75,0.28,0.75,0.71,0.5032897
0.18,0.46,0.73,0.24,0.75,0.7,0.5032897
0.17,0.44,0.74,0.24,0.72,0.7,0.5032898
0.18,0.43,0.75,0.24,0.72,0.72,0.5032898
0.16,0.42,0.74,0.23,0.72,0.7,0.5032899
0.17,0.47,0.74,0.3,0.72,0.7,0.5032899
0.17,0.47,0.7,0.3,0.72,0.7,0.5032901
0.17,0.45,0.71,0.3,0.76,0.72,0.5032902
0.18,0.4,0.73,0.23,0.74,0.71,0.5032902
0.18,0.46,0.74,0.25,0.72,0.7,0.5032902
0.16,0.49,0.72,0.2,0.73,0.7,0.5032904
0.18,0.49,0.74,0.2,0.74,0.71,0.5032904
0.16,0.5,0.7,0.2,0.74,0.71,0.5032907
0.16,0.48,0.71,0.26,0.76,0.7,0.5032909
0.18,0.43,0.74,0.25,0.74,0.71,0.5032909
0.17,0.46,0.7,0.3,0.74,0.72,0.503291
0.18,0.44,0.74,0.21,0.73,0.71,0.503291
0.17,0.43,0.73,0.27,0.76,0.7,0.5032911
0.18,0.45,0.73,0.28,0.76,0.7,0.5032911
0.16,0.45,0.74,0.24,0.75,0.7,0.5032912
0.16,0.47,0.75,0.3,0.74,0.72,0.5032912
0.16,0.49,0.7,0.28,0.73,0.72,0.5032913
0.17,0.5,0.75,0.24,0.74,0.71,0.5032913
0.17,0.42,0.74,0.2,0.73,0.71,0.5032915
0.17,0.41,0.74,0.24,0.74,0.71,0.5032916
0.18,0.5,0.74,0.26,0.72,0.7,0.5032916
0.18,0.5,0.74,0.3,0.73,0.7,0.5032916
0.17,0.47,0.74,0.25,0.75,0.7,0.5032917
0.17,0.48,0.71,0.3,0.74,0.72,0.5032917
0.16,0.41,0.73,0.26,0.76,0.7,0.5032918
0.18,0.5,0.73,0.21,0.73,0.71,0.5032919
0.16,0.45,0.75,0.25,0.72,0.7,0.5032921
0.16,0.47,0.72,0.21,0.76,0.7,0.5032922
0.17,0.4,0.71,0.24,0.73,0.7,0.5032922
0.18,0.41,0.74,0.21,0.75,0.72,0.5032923
0.17,0.47,0.75,0.26,0.72,0.7,0.5032924
0.18,0.49,0.72,0.27,0.76,0.71,0.5032924
0.17,0.45,0.75,0.22,0.73,0.71,0.5032925
0.16,0.43,0.75,0.21,0.73,0.71,0.5032926
0.16,0.48,0.74,0.3,0.72,0.72,0.5032927
0.17,0.48,0.7,0.29,0.76,0.71,0.5032928
0.18,0.44,0.73,0.2,0.76,0.71,0.5032928
0.18,0.47,0.75,0.23,0.73,0.71,0.5032928
0.16,0.5,0.71,0.21,0.72,0.7,0.5032929
0.18,0.44,0.75,0.23,0.75,0.72,0.5032929
0.16,0.41,0.72,0.27,0.76,0.7,0.503293
0.16,0.42,0.71,0.27,0.74,0.7,0.503293
0.17,0.42,0.75,0.22,0.75,0.72,0.503293
0.17,0.44,0.75,0.26,0.74,0.71,0.503293
0.18,0.46,0.75,0.27,0.74,0.71,0.503293
0.16,0.43,0.7,0.27,0.72,0.7,0.5032933
0.16,0.48,0.71,0.3,0.73,0.71,0.5032933
0.17,0.45,0.74,0.21,0.76,0.71,0.5032934
0.18,0.49,0.75,0.27,0.72,0.7,0.5032934
0.17,0.46,0.74,0.29,0.76,0.7,0.5032935
0.18,0.48,0.73,0.22,0.76,0.71,0.5032936
0.16,0.43,0.74,0.2,0.76,0.71,0.5032937
0.16,0.44,0.74,0.28,0.76,0.7,0.5032937
0.17,0.41,0.7,0.26,0.75,0.71,0.5032937
0.18,0.42,0.72,0.25,0.72,0.7,0.5032937
0.18,0.47,0.74,0.22,0.76,0.71,0.5032937
0.16,0.42,0.75,0.25,0.74,0.71,0.5032938
0.18,0.47,0.73,0.2,0.74,0.7,0.5032938
0.16,0.46,0.74,0.2,0.74,0.7,0.503294
0.16,0.48,0.75,0.26,0.75,0.7,0.503294
0.17,0.43,0.73,0.28,0.75,0.7,0.5032942
0.16,0.48,0.71,0.22,0.75,0.7,0.5032943
0.16,0.49,0.7,0.27,0.75,0.7,0.5032943
0.17,0.44,0.72,0.28,0.73,0.7,0.5032943
0.16,0.43,0.74,0.26,0.73,0.71,0.5032944
0.16,0.48,0.7,0.29,0.75,0.7,0.5032944
0.18,0.43,0.71,0.27,0.74,0.71,0.5032945
0.18,0.42,0.72,0.27,0.76,0.71,0.5032946
0.17,0.41,0.74,0.23,0.72,0.71,0.5032947
0.16,0.4,0.72,0.24,0.75,0.72,0.5032948
0.16,0.46,0.75,0.22,0.76,0.71,0.5032948
0.16,0.4,0.75,0.21,0.75,0.72,0.5032949
0.17,0.42,0.73,0.25,0.74,0.72,0.503295
0.17,0.48,0.75,0.23,0.76,0.71,0.503295
0.16,0.41,0.71,0.24,0.73,0.72,0.5032952
0.17,0.41,0.74,0.25,0.76,0.72,0.5032952
0.18,0.47,0.7,0.3,0.74,0.71,0.5032953
0.18,0.44,0.7,0.27,0.72,0.71,0.5032954
0.18,0.49,0.72,0.23,0.75,0.71,0.5032954
0.16,0.43,0.7,0.29,0.76,0.71,0.5032956
0.17,0.43,0.72,0.25,0.72,0.72,0.5032956
0.18,0.5,0.7,0.23,0.76,0.72,0.5032956
0.18,0.5,0.71,0.28,0.75,0.71,0.5032959
0.16,0.44,0.73,0.28,0.75,0.72,0.5032961
0.18,0.43,0.75,0.26,0.75,0.72,0.5032961
0.17,0.45,0.75,0.27,0.72,0.71,0.5032962
0.17,0.49,0.74,0.26,0.76,0.71,0.5032962
0.17,0.45,0.71,0.3,0.75,0.71,0.5032964
0.18,0.46,0.73,0.29,0.72,0.7,0.5032964
0.16,0.47,0.75,0.3,0.76,0.7,0.5032965
0.18,0.44,0.74,0.26,0.73,0.72,0.5032965
0.18,0.44,0.7,0.29,0.76,0.72,0.5032967
0.16,0.45,0.72,0.28,0.73,0.72,0.5032968
0.17,0.47,0.7,0.3,0.73,0.7,0.5032968
0.18,0.4,0.73,0.22,0.73,0.72,0.5032969
0.16,0.49,0.7,0.23,0.74,0.7,0.503297
0.17,0.45,0.75,0.29,0.76,0.72,0.5032971
0.18,0.4,0.71,0.22,0.76,0.7,0.5032972
0.17,0.5,0.75,0.2,0.73,0.71,0.5032973
0.17,0.46,0.7,0.3,0.73,0.71,0.5032974
0.17,0.46,0.74,0.29,0.74,0.72,0.5032975
0.18,0.49,0.73,0.28,0.74,0.7,0.5032975
0.16,0.47,0.75,0.3,0.73,0.71,0.5032978
0.18,0.5,0.71,0.24,0.74,0.71,0.5032981
0.16,0.49,0.7,0.28,0.74,0.72,0.5032983
0.18,0.4,0.72,0.23,0.73,0.7,0.5032983
0.17,0.48,0.71,0.3,0.75,0.72,0.5032984
0.18,0.43,0.72,0.24,0.76,0.7,0.5032984
0.17,0.41,0.72,0.23,0.76,0.7,0.5032987
0.17,0.47,0.73,0.29,0.72,0.72,0.5032989
0.18,0.49,0.73,0.24,0.73,0.7,0.5032992
0.18,0.43,0.73,0.25,0.73,0.7,0.5032993
0.17,0.5,0.73,0.27,0.75,0.71,0.5032995
0.18,0.44,0.73,0.21,0.72,0.7,0.5032995
0.17,0.41,0.73,0.24,0.73,0.7,0.5032997
0.17,0.42,0.73,0.2,0.72,0.7,0.5032998
0.18,0.48,0.75,0.3,0.73,0.72,0.5032998
0.16,0.48,0.71,0.3,0.74,0.71,0.5033001
0.17,0.5,0.72,0.22,0.76,0.72,0.5033001
0.17,0.41,0.7,0.26,0.74,0.7,0.5033002
0.17,0.49,0.74,0.22,0.75,0.71,0.5033003
0.17,0.4,0.71,0.26,0.76,0.7,0.5033004
0.17,0.44,0.73,0.25,0.76,0.7,0.5033004
0.18,0.41,0.73,0.21,0.74,0.71,0.5033004
0.16,0.42,0.73,0.24,0.76,0.7,0.5033007
0.18,0.46,0.73,0.26,0.76,0.7,0.5033007
0.17,0.45,0.74,0.22,0.72,0.7,0.5033009
0.16,0.4,0.72,0.24,0.74,0.71,0.503301
0.18,0.5,0.72,0.29,0.73,0.7,0.503301
0.16,0.43,0.74,0.21,0.72,0.7,0.5033011
0.17,0.48,0.7,0.29,0.72,0.72,0.5033011
0.18,0.42,0.72,0.27,0.75,0.7,0.5033012
0.18,0.43,0.71,0.27,0.73,0.7,0.5033012
0.16,0.43,0.74,0.26,0.72,0.7,0.5033013
0.17,0.42,0.74,0.22,0.74,0.71,0.5033013
0.17,0.44,0.74,0.26,0.73,0.7,0.5033013
0.18,0.44,0.72,0.2,0.75,0.7,0.5033013
0.18,0.44,0.74,0.23,0.74,0.71,0.5033013
0.16,0.41,0.71,0.24,0.72,0.71,0.5033014
0.18,0.46,0.74,0.27,0.73,0.7,0.5033014
0.18,0.47,0.74,0.23,0.72,0.7,0.5033014
0.17,0.42,0.73,0.25,0.73,0.71,0.5033015
0.17,0.49,0.75,0.27,0.74,0.7,0.5033015
0.18,0.47,0.73,0.25,0.76,0.7,0.5033016
0.18,0.5,0.72,0.25,0.72,0.7,0.5033017
0.16,0.43,0.7,0.29,0.75,0.7,0.5033019
0.16,0.48,0.7,0.29,0.76,0.7,0.5033019
0.17,0.45,0.73,0.21,0.75,0.7,0.5033019
0.16,0.42,0.74,0.25,0.73,0.7,0.503302
0.16,0.43,0.73,0.2,0.75,0.7,0.503302
0.18,0.47,0.7,0.3,0.75,0.71,0.5033022
0.16,0.43,0.74,0.28,0.76,0.71,0.5033024
0.18,0.47,0.73,0.22,0.75,0.7,0.5033024
0.16,0.41,0.71,0.26,0.76,0.72,0.5033025
0.16,0.45,0.74,0.26,0.76,0.7,0.5033025
0.16,0.44,0.73,0.28,0.74,0.71,0.5033026
0.17,0.5,0.73,0.23,0.74,0.71,0.5033026
0.18,0.41,0.74,0.23,0.76,0.72,0.5033026
0.17,0.44,0.72,0.3,0.76,0.7,0.5033027
0.16,0.4,0.74,0.21,0.74,0.71,0.5033028
0.16,0.46,0.75,0.23,0.72,0.7,0.5033028
0.17,0.43,0.72,0.27,0.75,0.72,0.5033028
0.17,0.45,0.75,0.24,0.74,0.71,0.5033028
0.17,0.47,0.74,0.27,0.76,0.7,0.5033028
0.18,0.41,0.72,0.24,0.74,0.72,0.5033029
0.16,0.42,0.7,0.26,0.74,0.72,0.503303
0.16,0.43,0.75,0.23,0.74,0.71,0.503303
0.17,0.45,0.71,0.3,0.74,0.7,0.503303
0.18,0.4,0.73,0.24,0.76,0.72,0.503303
0.18,0.44,0.7,0.29,0.75,0.71,0.503303
0.16,0.41,0.75,0.23,0.73,0.72,0.5033031
0.18,0.47,0.75,0.25,0.74,0.71,0.5033031
0.16,0.46,0.74,0.22,0.75,0.7,0.5033032
0.17,0.4,0.7,0.23,0.73,0.72,0.5033032
0.17,0.48,0.75,0.24,0.72,0.7,0.5033032
0.16,0.5,0.75,0.3,0.76,0.71,0.5033033
0.16,0.45,0.72,0.28,0.72,0.71,0.5033034
0.18,0.44,0.74,0.26,0.72,0.71,0.5033034
0.18,0.49,0.7,0.26,0.76,0.71,0.5033034
0.17,0.44,0.71,0.27,0.73,0.72,0.5033035
0.18,0.44,0.75,0.25,0.76,0.72,0.5033035
0.16,0.5,0.75,0.26,0.75,0.71,0.5033036
0.18,0.4,0.73,0.22,0.72,0.71,0.5033037
0.18,0.42,0.71,0.24,0.72,0.72,0.5033037
0.18,0.44,0.74,0.28,0.76,0.72,0.5033037
0.17,0.45,0.75,0.29,0.75,0.71,0.5033038
0.16,0.45,0.75,0.27,0.73,0.7,0.5033039
0.17,0.47,0.7,0.3,0.74,0.7,0.5033039
0.17,0.46,0.7,0.3,0.72,0.7,0.503304
0.17,0.47,0.75,0.28,0.73,0.7,0.503304
0.17,0.42,0.75,0.24,0.76,0.72,0.5033041
0.18,0.45,0.73,0.28,0.74,0.72,0.5033041
0.18,0.48,0.72,0.26,0.75,0.7,0.5033041
0.18,0.5,0.71,0.2,0.73,0.71,0.5033041
0.17,0.46,0.74,0.29,0.73,0.71,0.5033042
0.18,0.48,0.72,0.3,0.76,0.7,0.5033042
0.17,0.5,0.74,0.28,0.73,0.7,0.5033045
0.16,0.47,0.75,0.3,0.72,0.7,0.5033046
0.18,0.45,0.75,0.21,0.75,0.72,0.5033046
0.16,0.47,0.7,0.2,0.76,0.7,0.5033047
0.16,0.45,0.72,0.3,0.76,0.72,0.5033048
0.18,0.49,0.75,0.29,0.73,0.7,0.5033048
0.16,0.5,0.74,0.21,0.76,0.72,0.503305
0.17,0.43,0.75,0.2,0.75,0.72,0.5033052
0.18,0.46,0.75,0.29,0.75,0.71,0.5033052
0.18,0.49,0.73,0.2,0.72,0.7,0.5033052
0.16,0.48,0.75,0.28,0.76,0.7,0.5033053
0.17,0.46,0.75,0.2,0.73,0.71,0.5033053
0.17,0.48,0.71,0.3,0.76,0.72,0.5033054
0.16,0.46,0.71,0.3,0.74,0.72,0.5033055
0.16,0.49,0.7,0.28,0.75,0.72,0.5033055
0.18,0.42,0.75,0.2,0.72,0.72,0.5033056
0.18,0.46,0.72,0.28,0.72,0.72,0.5033056
0.18,0.48,0.71,0.21,0.76,0.71,0.5033056
0.16,0.4,0.75,0.23,0.76,0.72,0.5033058
0.18,0.48,0.75,0.21,0.73,0.71,0.5033058
0.17,0.5,0.74,0.24,0.72,0.7,0.5033062
0.18,0.48,0.75,0.3,0.72,0.71,0.5033065
0.16,0.48,0.71,0.3,0.75,0.71,0.5033072
0.17,0.49,0.72,0.25,0.76,0.71,0.5033073
0.18,0.49,0.71,0.27,0.74,0.7,0.5033075
0.16,0.4,0.72,0.24,0.73,0.7,0.5033077
0.17,0.48,0.7,0.29,0.73,0.72,0.5033077
0.17,0.48,0.74,0.29,0.76,0.7,0.5033077
0.16,0.5,0.75,0.22,0.74,0.71,0.5033078
0.18,0.49,0.7,0.22,0.75,0.71,0.5033078
0.18,0.48,0.72,0.22,0.74,0.7,0.5033083
0.17,0.42,0.73,0.25,0.72,0.7,0.5033085
0.17,0.48,0.74,0.25,0.75,0.7,0.5033085
0.16,0.47,0.75,0.2,0.76,0.71,0.5033086
0.18,0.41,0.72,0.21,0.73,0.7,0.5033088
0.16,0.41,0.71,0.26,0.75,0.71,0.5033089
0.16,0.43,0.74,0.28,0.75,0.7,0.5033091
0.16,0.42,0.7,0.26,0.73,0.71,0.5033092
0.17,0.43,0.72,0.27,0.74,0.71,0.5033093
0.18,0.47,0.7,0.3,0.76,0.71,0.5033093
0.16,0.44,0.73,0.28,0.73,0.7,0.5033094
0.17,0.42,0.73,0.27,0.76,0.71,0.5033094
0.16,0.48,0.7,0.29,0.72,0.71,0.5033095
0.17,0.4,0.7,0.23,0.72,0.71,0.5033095
0.18,0.43,0.71,0.29,0.76,0.7,0.5033095
0.18,0.41,0.71,0.2,0.76,0.7,0.5033097
0.18,0.41,0.72,0.24,0.73,0.71,0.5033097
0.18,0.44,0.7,0.29,0.74,0.7,0.5033097
0.18,0.44,0.73,0.23,0.73,0.7,0.5033098
0.17,0.4,0.7,0.25,0.76,0.72,0.5033099
0.17,0.42,0.73,0.22,0.73,0.7,0.5033099
0.16,0.41,0.75,0.23,0.72,0.71,0.50331
0.16,0.42,0.74,0.25,0.74,0.72,0.50331
0.17,0.44,0.71,0.27,0.72,0.71,0.5033101
0.16,0.41,0.75,0.25,0.76,0.72,0.5033102
0.17,0.42,0.72,0.21,0.76,0.7,0.5033102
0.18,0.42,0.71,0.26,0.75,0.72,0.5033102
0.18,0.44,0.72,0.22,0.76,0.7,0.5033103
0.18,0.44,0.74,0.28,0.75,0.71,0.5033105
0.18,0.49,0.71,0.23,0.73,0.7,0.5033105
0.16,0.43,0.73,0.25,0.72,0.72,0.5033106
0.17,0.48,0.73,0.2,0.76,0.71,0.5033106
0.17,0.5,0.71,0.26,0.75,0.71,0.5033106
0.18,0.45,0.73,0.28,0.73,0.71,0.5033108
0.16,0.4,0.73,0.21,0.73,0.7,0.5033109
0.18,0.41,0.73,0.23,0.75,0.71,0.5033109
0.17,0.47,0.7,0.3,0.75,0.7,0.503311
0.18,0.43,0.7,0.26,0.73,0.72,0.503311
0.17,0.44,0.75,0.26,0.73,0.72,0.5033111
0.17,0.46,0.74,0.29,0.72,0.7,0.5033111
0.16,0.4,0.72,0.2,0.76,0.7,0.5033112
0.16,0.45,0.72,0.3,0.75,0.71,0.5033112
0.17,0.49,0.73,0.26,0.74,0.7,0.5033112
0.17,0.49,0.73,0.3,0.75,0.7,0.5033112
0.17,0.45,0.74,0.24,0.73,0.7,0.5033113
0.18,0.43,0.73,0.27,0.74,0.7,0.5033113
0.17,0.44,0.71,0.29,0.76,0.72,0.5033114
0.16,0.43,0.74,0.23,0.73,0.7,0.5033115
0.17,0.45,0.73,0.23,0.76,0.7,0.5033115
0.16,0.43,0.73,0.22,0.76,0.7,0.5033116
0.17,0.4,0.74,0.22,0.73,0.72,0.5033116
0.16,0.49,0.74,0.24,0.76,0.71,0.5033117
0.18,0.47,0.74,0.25,0.73,0.7,0.5033118
0.18,0.44,0.74,0.25,0.75,0.71,0.5033119
0.16,0.46,0.71,0.3,0.73,0.71,0.503312
0.16,0.46,0.75,0.29,0.74,0.72,0.5033122
0.17,0.45,0.7,0.29,0.74,0.72,0.5033122
0.17,0.42,0.74,0.24,0.75,0.71,0.5033123
0.18,0.46,0.72,0.3,0.75,0.72,0.5033124
0.17,0.49,0.72,0.21,0.75,0.71,0.5033125
0.18,0.47,0.71,0.24,0.76,0.7,0.5033125
0.18,0.42,0.75,0.23,0.72,0.72,0.5033127
0.16,0.49,0.7,0.28,0.76,0.72,0.5033128
0.17,0.5,0.7,0.21,0.76,0.72,0.5033128
0.18,0.5,0.75,0.25,0.76,0.72,0.5033129
0.16,0.5,0.73,0.29,0.76,0.71,0.5033131
0.16,0.46,0.74,0.24,0.76,0.7,0.5033132
0.18,0.45,0.74,0.21,0.74,0.71,0.5033132
0.18,0.5,0.7,0.24,0.72,0.7,0.5033132
0.17,0.43,0.74,0.2,0.74,0.71,0.5033134
0.16,0.47,0.74,0.29,0.72,0.72,0.5033135
0.18,0.42,0.74,0.21,0.76,0.72,0.5033135
0.18,0.46,0.74,0.29,0.74,0.7,0.5033135
0.16,0.46,0.75,0.25,0.73,0.7,0.5033136
0.17,0.48,0.74,0.21,0.74,0.7,0.5033136
0.16,0.4,0.74,0.23,0.75,0.71,0.5033138
0.17,0.44,0.74,0.28,0.74,0.7,0.5033138
0.17,0.45,0.75,0.26,0.75,0.71,0.5033138
0.17,0.48,0.75,0.26,0.73,0.7,0.5033138
0.18,0.47,0.71,0.3,0.73,0.72,0.5033139
0.18,0.47,0.75,0.27,0.75,0.71,0.5033139
0.17,0.46,0.74,0.2,0.72,0.7,0.503314
0.18,0.48,0.7,0.29,0.76,0.7,0.503314
0.18,0.45,0.75,0.23,0.76,0.72,0.5033141
0.17,0.46,0.75,0.22,0.74,0.71,0.5033142
0.16,0.43,0.75,0.25,0.75,0.71,0.5033143
0.16,0.48,0.71,0.3,0.76,0.71,0.5033143
0.17,0.48,0.7,0.29,0.74,0.72,0.5033144
0.17,0.43,0.75,0.22,0.76,0.72,0.5033145
0.18,0.42,0.75,0.22,0.73,0.72,0.5033145
0.16,0.44,0.75,0.21,0.74,0.71,0.5033146
0.16,0.5,0.73,0.25,0.75,0.71,0.5033146
0.17,0.5,0.72,0.27,0.73,0.7,0.5033146
0.18,0.48,0.74,0.21,0.72,0.7,0.5033146
0.16,0.49,0.75,0.29,0.75,0.7,0.5033147
0.18,0.48,0.75,0.23,0.74,0.71,0.5033147
0.17,0.5,0.71,0.22,0.74,0.71,0.5033149
0.16,0.47,0.75,0.21,0.72,0.7,0.5033152
0.17,0.4,0.74,0.2,0.76,0.72,0.5033152
0.18,0.48,0.7,0.25,0.75,0.7,0.5033152
0.17,0.49,0.73,0.22,0.73,0.7,0.5033153
0.16,0.41,0.71,0.26,0.74,0.7,0.5033155
0.16,0.4,0.72,0.26,0.76,0.7,0.5033156
0.16,0.42,0.7,0.26,0.72,0.7,0.5033156
0.16,0.49,0.75,0.25,0.74,0.7,0.5033158
0.17,0.49,0.75,0.22,0.72,0.7,0.5033158
0.16,0.41,0.75,0.21,0.76,0.72,0.5033159
0.17,0.42,0.73,0.27,0.75,0.7,0.5033161
0.16,0.48,0.7,0.29,0.73,0.71,0.5033162
0.17,0.43,0.72,0.27,0.73,0.7,0.5033162
0.17,0.47,0.75,0.3,0.74,0.7,0.5033162
0.17,0.4,0.7,0.25,0.75,0.71,0.5033164
0.16,0.45,0.75,0.29,0.74,0.7,0.5033165
0.17,0.4,0.75,0.21,0.73,0.72,0.5033166
0.18,0.41,0.72,0.24,0.72,0.7,0.5033166
0.16,0.42,0.74,0.25,0.73,0.71,0.5033167
0.18,0.41,0.72,0.26,0.76,0.71,0.5033168
0.18,0.42,0.71,0.26,0.74,0.71,0.5033168
0.17,0.47,0.73,0.23,0.76,0.7,0.5033171
0.16,0.42,0.7,0.28,0.76,0.71,0.5033173
0.16,0.44,0.73,0.3,0.76,0.7,0.5033173
0.16,0.47,0.74,0.2,0.75,0.7,0.5033173
0.17,0.48,0.72,0.28,0.76,0.7,0.5033174
0.16,0.5,0.72,0.2,0.76,0.72,0.5033175
0.17,0.41,0.73,0.24,0.74,0.72,0.5033175
0.18,0.43,0.7,0.26,0.72,0.71,0.5033175
0.16,0.49,0.74,0.2,0.75,0.71,0.5033176
0.17,0.5,0.72,0.23,0.72,0.7,0.5033177
0.16,0.43,0.73,0.27,0.75,0.72,0.5033178
0.16,0.45,0.72,0.3,0.74,0.7,0.5033178
0.17,0.4,0.74,0.24,0.76,0.72,0.5033178
0.17,0.44,0.71,0.29,0.75,0.71,0.5033178
0.18,0.45,0.73,0.28,0.72,0.7,0.5033178
0.17,0.44,0.75,0.26,0.72,0.71,0.5033181
0.18,0.43,0.7,0.28,0.76,0.72,0.5033181
0.17,0.47,0.7,0.3,0.76,0.7,0.5033182
0.16,0.4,0.71,0.23,0.73,0.72,0.5033183
0.17,0.42,0.72,0.24,0.72,0.72,0.5033183
0.17,0.44,0.75,0.28,0.76,0.72,0.5033183
0.16,0.5,0.74,0.3,0.74,0.7,0.5033184
0.16,0.44,0.72,0.27,0.73,0.72,0.5033185
0.16,0.5,0.74,0.26,0.73,0.7,0.5033186
0.17,0.4,0.74,0.22,0.72,0.71,0.5033186
0.18,0.43,0.74,0.25,0.73,0.72,0.5033186
0.18,0.45,0.73,0.3,0.76,0.71,0.5033186
0.17,0.45,0.7,0.29,0.73,0.71,0.5033187
0.17,0.45,0.74,0.28,0.74,0.72,0.5033187
0.16,0.46,0.71,0.3,0.72,0.7,0.5033188
0.18,0.47,0.71,0.2,0.75,0.7,0.5033188
0.18,0.5,0.75,0.21,0.75,0.72,0.5033188
0.16,0.46,0.75,0.29,0.73,0.71,0.5033189
0.18,0.46,0.72,0.3,0.74,0.71,0.5033191
0.17,0.48,0.72,0.24,0.75,0.7,0.5033192
0.17,0.49,0.7,0.24,0.76,0.71,0.5033192
0.18,0.41,0.72,0.23,0.74,0.7,0.5033194
0.16,0.5,0.73,0.21,0.74,0.71,0.5033198
0.17,0.46,0.73,0.28,0.72,0.72,0.50332
0.18,0.44,0.73,0.25,0.74,0.7,0.5033205
0.18,0.47,0.75,0.29,0.73,0.72,0.5033205
0.18,0.48,0.7,0.21,0.74,0.7,0.5033206
0.17,0.42,0.73,0.24,0.74,0.7,0.5033207
0.18,0.47,0.71,0.3,0.72,0.71,0.5033207
0.16,0.49,0.75,0.21,0.73,0.7,0.5033209
0.17,0.49,0.71,0.29,0.75,0.7,0.503321
0.17,0.48,0.7,0.29,0.75,0.72,0.5033213
0.16,0.48,0.74,0.27,0.76,0.7,0.5033214
0.18,0.42,0.73,0.21,0.75,0.71,0.5033219
0.18,0.45,0.73,0.21,0.73,0.7,0.5033219
0.17,0.43,0.73,0.2,0.73,0.7,0.503322
0.16,0.4,0.73,0.23,0.74,0.7,0.5033221
0.17,0.49,0.71,0.25,0.74,0.7,0.5033222
0.17,0.45,0.74,0.26,0.74,0.7,0.5033224
0.18,0.41,0.73,0.25,0.76,0.71,0.5033224
0.18,0.47,0.74,0.27,0.74,0.7,0.5033225
0.18,0.45,0.74,0.23,0.75,0.71,0.5033227
0.16,0.43,0.74,0.25,0.74,0.7,0.5033228
0.16,0.5,0.74,0.22,0.72,0.7,0.5033228
0.17,0.46,0.74,0.22,0.73,0.7,0.5033228
0.18,0.42,0.74,0.22,0.72,0.71,0.5033229
0.17,0.43,0.74,0.22,0.75,0.71,0.503323
0.16,0.48,0.7,0.29,0.74,0.71,0.5033231
0.17,0.4,0.7,0.25,0.74,0.7,0.5033231
0.16,0.44,0.74,0.21,0.73,0.7,0.5033232
0.16,0.48,0.71,0.3,0.72,0.72,0.5033233
0.18,0.44,0.74,0.27,0.76,0.71,0.5033233
0.18,0.49,0.75,0.28,0.76,0.71,0.5033233
0.17,0.4,0.73,0.2,0.75,0.71,0.5033234
0.18,0.48,0.74,0.23,0.73,0.7,0.5033235
0.18,0.41,0.72,0.26,0.75,0.7,0.5033236
0.18,0.42,0.71,0.26,0.73,0.7,0.5033236
0.18,0.45,0.75,0.24,0.72,0.71,0.5033236
0.16,0.49,0.72,0.23,0.76,0.71,0.5033237
0.16,0.42,0.7,0.28,0.75,0.7,0.5033239
0.16,0.42,0.74,0.25,0.72,0.7,0.5033239
0.16,0.41,0.74,0.21,0.75,0.71,0.503324
0.16,0.5,0.71,0.28,0.76,0.71,0.503324
0.17,0.43,0.75,0.23,0.72,0.71,0.503324
0.16,0.48,0.74,0.23,0.75,0.7,0.5033242
0.17,0.43,0.72,0.29,0.76,0.7,0.5033242
0.17,0.46,0.75,0.24,0.75,0.71,0.5033242
0.18,0.5,0.73,0.24,0.76,0.72,0.5033242
0.16,0.42,0.74,0.27,0.76,0.71,0.5033243
0.17,0.41,0.73,0.24,0.73,0.71,0.5033243
0.17,0.42,0.74,0.26,0.76,0.71,0.5033243
0.16,0.43,0.73,0.27,0.74,0.71,0.5033244
0.18,0.45,0.72,0.2,0.76,0.7,0.5033245
0.18,0.48,0.75,0.25,0.75,0.71,0.5033245
0.16,0.44,0.75,0.23,0.75,0.71,0.5033246
0.16,0.49,0.73,0.28,0.75,0.7,0.5033246
0.17,0.44,0.71,0.29,0.74,0.7,0.5033246
0.16,0.4,0.71,0.23,0.72,0.71,0.5033247
0.16,0.46,0.75,0.27,0.74,0.7,0.5033247
0.17,0.4,0.74,0.21,0.72,0.71,0.5033247
0.18,0.43,0.7,0.28,0.75,0.71,0.5033247
0.16,0.47,0.75,0.23,0.73,0.7,0.5033248
0.17,0.48,0.75,0.28,0.74,0.7,0.5033248
0.18,0.47,0.7,0.3,0.73,0.72,0.5033248
0.17,0.46,0.73,0.21,0.76,0.7,0.5033249
0.16,0.44,0.73,0.2,0.76,0.7,0.503325
0.17,0.42,0.72,0.26,0.75,0.72,0.503325
0.17,0.49,0.75,0.24,0.73,0.7,0.503325
0.18,0.42,0.75,0.24,0.74,0.72,0.503325
0.16,0.44,0.72,0.27,0.72,0.71,0.5033251
0.16,0.4,0.71,0.25,0.76,0.72,0.5033252
0.17,0.44,0.75,0.28,0.75,0.71,0.5033252
0.16,0.41,0.75,0.22,0.72,0.71,0.5033253
0.17,0.49,0.7,0.2,0.75,0.71,0.5033254
0.18,0.43,0.74,0.27,0.76,0.72,0.5033254
0.18,0.47,0.75,0.29,0.76,0.71,0.5033254
0.17,0.45,0.7,0.29,0.72,0.7,0.5033255
0.17,0.48,0.72,0.2,0.74,0.7,0.5033255
0.18,0.45,0.73,0.3,0.75,0.7,0.5033255
0.17,0.45,0.74,0.28,0.73,0.71,0.5033256
0.17,0.45,0.75,0.28,0.76,0.71,0.5033256
0.18,0.44,0.73,0.27,0.74,0.72,0.5033256
0.17,0.43,0.71,0.26,0.73,0.72,0.5033257
0.17,0.5,0.7,0.26,0.73,0.7,0.5033257
0.16,0.41,0.7,0.25,0.74,0.72,0.5033258
0.18,0.43,0.74,0.25,0.72,0.71,0.5033258
0.18,0.49,0.75,0.24,0.75,0.71,0.5033258
0.16,0.46,0.75,0.29,0.72,0.7,0.5033259
0.16,0.47,0.74,0.22,0.76,0.7,0.503326
0.18,0.46,0.72,0.3,0.73,0.7,0.503326
0.16,0.44,0.72,0.29,0.76,0.72,0.5033261
0.18,0.4,0.72,0.23,0.74,0.72,0.5033261
0.18,0.43,0.75,0.2,0.73,0.72,0.5033261
0.16,0.43,0.75,0.27,0.76,0.71,0.5033265
0.18,0.5,0.74,0.29,0.75,0.71,0.5033265
0.16,0.5,0.71,0.24,0.75,0.71,0.5033266
0.17,0.47,0.7,0.3,0.72,0.71,0.5033266
0.16,0.49,0.73,0.24,0.74,0.7,0.5033267
0.18,0.46,0.75,0.21,0.76,0.72,0.5033268
0.16,0.4,0.75,0.22,0.73,0.72,0.5033269
0.16,0.45,0.71,0.29,0.74,0.72,0.5033269
0.17,0.46,0.73,0.3,0.75,0.72,0.5033269
0.18,0.45,0.72,0.27,0.72,0.72,0.5033269
0.18,0.41,0.71,0.23,0.72,0.72,0.503327
0.17,0.44,0.75,0.2,0.76,0.72,0.5033272
0.18,0.47,0.75,0.29,0.72,0.71,0.5033274
0.17,0.49,0.71,0.21,0.73,0.7,0.5033277
0.17,0.47,0.75,0.2,0.74,0.71,0.5033279
0.18,0.5,0.74,0.25,0.74,0.71,0.5033279
0.16,0.5,0.72,0.29,0.74,0.7,0.5033283
0.17,0.48,0.7,0.27,0.76,0.7,0.5033283
0.17,0.48,0.7,0.29,0.76,0.72,0.5033283
0.17,0.47,0.72,0.3,0.73,0.72,0.5033284
0.18,0.49,0.75,0.21,0.74,0.71,0.5033284
0.17,0.5,0.75,0.23,0.76,0.72,0.5033288
0.16,0.46,0.7,0.29,0.72,0.72,0.5033289
0.17,0.47,0.71,0.22,0.76,0.7,0.5033291
0.16,0.48,0.71,0.3,0.73,0.72,0.5033297
0.16,0.5,0.72,0.25,0.73,0.7,0.5033297
0.16,0.48,0.7,0.29,0.75,0.71,0.5033302
0.17,0.5,0.7,0.22,0.72,0.7,0.5033303
0.18,0.42,0.72,0.21,0.74,0.7,0.5033307
0.18,0.5,0.73,0.2,0.75,0.72,0.5033307
0.18,0.41,0.72,0.25,0.75,0.7,0.5033309
0.16,0.43,0.73,0.27,0.73,0.7,0.5033313
0.18,0.42,0.71,0.28,0.76,0.7,0.5033313
0.17,0.41,0.73,0.24,0.72,0.7,0.5033314
0.17,0.48,0.7,0.23,0.75,0.7,0.5033314
0.18,0.45,0.73,0.23,0.74,0.7,0.5033314
0.18,0.47,0.7,0.3,0.74,0.72,0.5033314
0.18,0.43,0.7,0.28,0.74,0.7,0.5033315
0.16,0.4,0.71,0.25,0.75,0.71,0.5033316
0.17,0.41,0.73,0.26,0.76,0.71,0.5033317
0.17,0.42,0.72,0.26,0.74,0.71,0.5033317
0.17,0.43,0.73,0.22,0.74,0.7,0.5033317
0.18,0.44,0.73,0.27,0.75,0.7,0.5033318
0.18,0.5,0.72,0.3,0.72,0.7,0.5033318
0.17,0.4,0.72,0.2,0.74,0.7,0.5033319
0.16,0.48,0.72,0.26,0.76,0.7,0.503332
0.18,0.42,0.73,0.23,0.76,0.71,0.503332
0.16,0.41,0.7,0.25,0.73,0.71,0.5033321
0.17,0.43,0.71,0.26,0.72,0.71,0.5033322
0.18,0.43,0.74,0.27,0.75,0.71,0.5033323
0.18,0.5,0.75,0.3,0.73,0.7,0.5033323
0.16,0.41,0.73,0.21,0.74,0.7,0.5033326
0.17,0.45,0.74,0.28,0.72,0.7,0.5033326
0.18,0.44,0.73,0.27,0.73,0.71,0.5033326
0.16,0.44,0.72,0.29,0.75,0.71,0.5033327
0.16,0.5,0.71,0.2,0.74,0.71,0.5033327
0.16,0.41,0.74,0.24,0.74,0.72,0.5033328
0.16,0.49,0.73,0.2,0.73,0.7,0.5033328
0.17,0.42,0.73,0.26,0.75,0.7,0.5033328
0.18,0.41,0.71,0.25,0.75,0.72,0.5033328
0.16,0.4,0.75,0.24,0.76,0.72,0.5033329
0.17,0.43,0.71,0.28,0.76,0.72,0.5033329
0.18,0.45,0.74,0.25,0.76,0.71,0.5033329
0.17,0.45,0.74,0.3,0.76,0.71,0.503333
0.17,0.46,0.74,0.24,0.74,0.7,0.503333
0.18,0.4,0.72,0.23,0.73,0.71,0.503333
0.17,0.4,0.73,0.22,0.76,0.71,0.5033331
0.16,0.44,0.74,0.23,0.74,0.7,0.5033332
0.17,0.47,0.7,0.3,0.73,0.71,0.5033332
0.18,0.49,0.73,0.27,0.76,0.71,0.5033332
0.18,0.5,0.75,0.26,0.72,0.7,0.5033332
0.17,0.43,0.75,0.25,0.73,0.72,0.5033333
0.18,0.48,0.74,0.25,0.74,0.7,0.5033333
0.17,0.43,0.74,0.24,0.76,0.71,0.5033334
0.16,0.42,0.73,0.24,0.72,0.72,0.5033335
0.16,0.45,0.71,0.29,0.73,0.71,0.5033335
0.16,0.45,0.75,0.28,0.74,0.72,0.5033335
0.18,0.42,0.74,0.24,0.73,0.71,0.5033335
0.18,0.45,0.72,0.29,0.75,0.72,0.5033336
0.17,0.46,0.73,0.3,0.74,0.71,0.5033337
0.18,0.42,0.7,0.25,0.73,0.72,0.5033337
0.17,0.44,0.7,0.28,0.74,0.72,0.5033338
0.18,0.5,0.74,0.21,0.73,0.71,0.5033338
0.18,0.47,0.74,0.29,0.75,0.7,0.503334
0.17,0.45,0.74,0.28,0.75,0.7,0.5033342
0.16,0.4,0.73,0.25,0.75,0.7,0.5033343
0.18,0.45,0.75,0.26,0.73,0.71,0.5033343
0.16,0.47,0.73,0.21,0.76,0.7,0.5033344
0.18,0.43,0.74,0.2,0.72,0.71,0.5033345
0.16,0.41,0.74,0.23,0.76,0.71,0.5033346
0.16,0.46,0.74,0.28,0.72,0.72,0.5033347
0.18,0.46,0.75,0.22,0.72,0.71,0.5033348
0.16,0.47,0.75,0.25,0.74,0.7,0.5033349
0.17,0.46,0.75,0.26,0.76,0.71,0.5033349
0.18,0.48,0.75,0.27,0.76,0.71,0.5033349
0.16,0.43,0.74,0.27,0.75,0.7,0.503335
0.17,0.43,0.75,0.25,0.73,0.71,0.503335
0.18,0.46,0.71,0.29,0.73,0.72,0.503335
0.16,0.5,0.72,0.21,0.72,0.7,0.5033351
0.18,0.43,0.75,0.22,0.74,0.72,0.5033351
0.18,0.48,0.74,0.22,0.76,0.71,0.5033351
0.16,0.44,0.75,0.25,0.76,0.71,0.5033352
0.16,0.47,0.7,0.3,0.72,0.7,0.5033352
0.17,0.44,0.75,0.21,0.72,0.71,0.5033352
0.17,0.47,0.72,0.3,0.72,0.71,0.5033352
0.16,0.49,0.71,0.27,0.75,0.7,0.5033355
0.18,0.46,0.74,0.21,0.75,0.71,0.5033356
0.17,0.44,0.74,0.2,0.75,0.71,0.5033359
0.16,0.48,0.72,0.22,0.75,0.7,0.5033362
0.17,0.47,0.75,0.22,0.75,0.71,0.5033362
0.16,0.48,0.71,0.3,0.74,0.72,0.5033363
0.17,0.48,0.75,0.3,0.75,0.7,0.5033363
0.16,0.49,0.7,0.22,0.76,0.71,0.5033364
0.18,0.5,0.71,0.23,0.76,0.72,0.5033365
0.17,0.41,0.75,0.21,0.74,0.72,0.5033366
0.18,0.41,0.75,0.22,0.72,0.72,0.5033366
0.18,0.5,0.72,0.28,0.75,0.71,0.5033366
0.16,0.42,0.75,0.2,0.72,0.71,0.5033367
0.16,0.45,0.75,0.21,0.75,0.71,0.5033367
0.16,0.46,0.75,0.29,0.75,0.7,0.5033367
0.18,0.4,0.74,0.2,0.74,0.72,0.5033368
0.17,0.47,0.74,0.2,0.73,0.7,0.5033369
0.18,0.49,0.73,0.23,0.75,0.71,0.5033369
0.17,0.49,0.75,0.26,0.76,0.71,0.5033372
0.16,0.48,0.7,0.29,0.76,0.71,0.5033374
0.16,0.48,0.75,0.21,0.73,0.7,0.5033379
0.18,0.47,0.7,0.3,0.75,0.72,0.503338
0.16,0.4,0.71,0.25,0.74,0.7,0.5033384
0.17,0.42,0.72,0.26,0.73,0.7,0.5033386
0.18,0.49,0.74,0.28,0.74,0.7,0.5033386
0.16,0.41,0.7,0.25,0.72,0.7,0.5033387
0.18,0.5,0.72,0.3,0.73,0.7,0.5033387
0.16,0.49,0.71,0.23,0.74,0.7,0.5033388
0.16,0.43,0.73,0.29,0.76,0.7,0.503339
0.18,0.4,0.72,0.25,0.76,0.71,0.5033394
0.18,0.5,0.72,0.24,0.74,0.71,0.5033394
0.16,0.41,0.7,0.27,0.76,0.71,0.5033395
0.16,0.41,0.74,0.24,0.73,0.71,0.5033395
0.16,0.44,0.72,0.29,0.74,0.7,0.5033395
0.17,0.43,0.71,0.28,0.75,0.71,0.5033396
0.18,0.41,0.71,0.25,0.74,0.71,0.5033396
0.18,0.44,0.73,0.27,0.72,0.7,0.5033397
0.17,0.47,0.7,0.3,0.74,0.71,0.5033399
0.18,0.44,0.73,0.29,0.76,0.71,0.5033399
0.16,0.42,0.73,0.26,0.75,0.72,0.50334
0.17,0.43,0.75,0.27,0.76,0.72,0.5033401
0.17,0.45,0.74,0.3,0.75,0.7,0.5033401
0.18,0.4,0.72,0.23,0.72,0.7,0.5033401
0.17,0.5,0.74,0.27,0.75,0.71,0.5033402
0.17,0.44,0.74,0.27,0.74,0.72,0.5033403
0.18,0.42,0.7,0.27,0.76,0.72,0.5033403
0.16,0.45,0.71,0.29,0.72,0.7,0.5033404
0.16,0.45,0.75,0.28,0.73,0.71,0.5033404
0.17,0.44,0.7,0.28,0.73,0.71,0.5033404
0.18,0.42,0.7,0.25,0.72,0.71,0.5033404
0.18,0.45,0.72,0.29,0.74,0.71,0.5033404
0.17,0.43,0.75,0.25,0.72,0.71,0.5033405
0.16,0.43,0.72,0.26,0.73,0.72,0.5033407
0.17,0.46,0.73,0.3,0.73,0.7,0.5033407
0.17,0.4,0.73,0.23,0.74,0.72,0.5033408
0.18,0.42,0.72,0.23,0.75,0.7,0.5033408
0.18,0.49,0.74,0.24,0.73,0.7,0.503341
0.17,0.5,0.73,0.22,0.76,0.72,0.5033411
0.17,0.45,0.73,0.27,0.72,0.72,0.5033414
0.18,0.42,0.74,0.24,0.73,0.72,0.5033414
0.16,0.46,0.74,0.3,0.75,0.72,0.5033415
0.18,0.46,0.75,0.28,0.73,0.72,0.5033416
0.17,0.4,0.72,0.22,0.75,0.7,0.5033417
0.17,0.41,0.72,0.23,0.72,0.72,0.5033417
0.18,0.45,0.73,0.25,0.75,0.7,0.5033418
0.16,0.47,0.7,0.3,0.73,0.7,0.5033419
0.16,0.5,0.7,0.24,0.73,0.7,0.5033419
0.17,0.49,0.75,0.22,0.75,0.71,0.5033419
0.18,0.46,0.71,0.29,0.72,0.71,0.503342
0.18,0.5,0.73,0.29,0.73,0.7,0.503342
0.17,0.43,0.73,0.24,0.75,0.7,0.5033422
0.18,0.42,0.73,0.24,0.72,0.7,0.5033422
0.16,0.47,0.73,0.3,0.73,0.72,0.5033429
0.16,0.48,0.71,0.3,0.75,0.72,0.5033429
0.18,0.45,0.74,0.26,0.72,0.7,0.503343
0.16,0.41,0.73,0.23,0.75,0.7,0.5033432
0.18,0.5,0.73,0.25,0.72,0.7,0.5033434
0.17,0.43,0.74,0.25,0.72,0.7,0.5033437
0.17,0.46,0.74,0.26,0.75,0.7,0.5033437
0.18,0.48,0.74,0.27,0.75,0.7,0.5033437
0.17,0.5,0.74,0.23,0.74,0.71,0.5033439
0.18,0.43,0.74,0.22,0.73,0.71,0.5033439
0.16,0.44,0.74,0.25,0.75,0.7,0.503344
0.18,0.43,0.73,0.21,0.76,0.71,0.503344
0.16,0.48,0.7,0.25,0.76,0.7,0.5033441
0.18,0.44,0.73,0.29,0.76,0.7,0.5033441
0.18,0.46,0.74,0.23,0.76,0.71,0.5033442
0.18,0.49,0.71,0.26,0.76,0.71,0.5033442
0.18,0.46,0.73,0.21,0.74,0.7,0.5033445
0.18,0.46,0.75,0.24,0.73,0.71,0.5033446
0.17,0.44,0.74,0.22,0.76,0.71,0.5033447
0.17,0.44,0.73,0.2,0.74,0.7,0.5033448
0.18,0.47,0.7,0.3,0.76,0.72,0.5033448
0.17,0.41,0.74,0.21,0.73,0.71,0.5033449
0.18,0.48,0.73,0.3,0.76,0.7,0.5033449
0.17,0.41,0.73,0.2,0.76,0.71,0.503345
0.17,0.44,0.75,0.23,0.73,0.71,0.503345
0.17,0.46,0.75,0.27,0.72,0.7,0.503345
0.18,0.4,0.73,0.2,0.73,0.71,0.5033451
0.18,0.48,0.75,0.28,0.72,0.7,0.5033451
0.17,0.47,0.74,0.22,0.74,0.7,0.5033452
0.18,0.43,0.75,0.24,0.75,0.72,0.5033452
0.16,0.45,0.74,0.21,0.74,0.7,0.5033455
0.17,0.5,0.75,0.28,0.73,0.7,0.5033455
0.16,0.47,0.75,0.27,0.75,0.7,0.5033456
0.17,0.47,0.75,0.24,0.76,0.71,0.5033456
0.18,0.48,0.73,0.26,0.75,0.7,0.5033456
0.18,0.45,0.75,0.28,0.74,0.71,0.5033457
0.16,0.42,0.74,0.21,0.76,0.71,0.5033458
0.16,0.44,0.75,0.26,0.72,0.7,0.5033458
0.16,0.42,0.75,0.22,0.73,0.71,0.5033459
0.18,0.4,0.74,0.22,0.75,0.72,0.5033459
0.18,0.5,0.72,0.2,0.73,0.71,0.503346
0.16,0.45,0.75,0.23,0.76,0.71,0.5033461
0.16,0.5,0.75,0.21,0.76,0.72,0.5033461
0.17,0.42,0.72,0.28,0.76,0.7,0.5033461
0.16,0.41,0.7,0.27,0.75,0.7,0.5033462
0.16,0.48,0.7,0.29,0.72,0.72,0.5033464
0.17,0.43,0.71,0.28,0.74,0.7,0.5033465
0.17,0.45,0.74,0.3,0.76,0.7,0.5033465
0.17,0.41,0.75,0.23,0.75,0.72,0.5033466
0.18,0.41,0.71,0.25,0.73,0.7,0.5033466
0.16,0.41,0.74,0.26,0.76,0.71,0.5033467
0.17,0.47,0.7,0.3,0.75,0.71,0.5033467
0.16,0.41,0.74,0.24,0.72,0.7,0.5033468
0.16,0.42,0.73,0.26,0.74,0.71,0.5033468
0.16,0.48,0.75,0.23,0.74,0.7,0.5033468
0.18,0.42,0.7,0.27,0.75,0.71,0.503347
0.18,0.44,0.73,0.29,0.75,0.7,0.503347
0.16,0.47,0.71,0.2,0.76,0.7,0.5033471
0.18,0.44,0.75,0.2,0.74,0.72,0.5033472
0.16,0.43,0.72,0.26,0.72,0.71,0.5033473
0.17,0.44,0.7,0.28,0.72,0.7,0.5033473
0.17,0.44,0.74,0.27,0.73,0.71,0.5033473
0.18,0.48,0.72,0.21,0.76,0.71,0.5033473
0.18,0.42,0.74,0.26,0.76,0.72,0.5033475
0.18,0.45,0.72,0.29,0.73,0.7,0.5033475
0.18,0.5,0.7,0.27,0.75,0.71,0.5033475
0.16,0.45,0.75,0.28,0.72,0.7,0.5033476
0.17,0.41,0.72,0.25,0.75,0.72,0.5033476
0.16,0.45,0.75,0.3,0.76,0.71,0.5033477
0.17,0.4,0.73,0.23,0.73,0.71,0.5033477
0.16,0.43,0.72,0.28,0.76,0.72,0.5033478
0.18,0.43,0.73,0.26,0.74,0.72,0.5033478
0.18,0.49,0.74,0.2,0.72,0.7,0.5033478
0.17,0.49,0.73,0.25,0.76,0.71,0.503348
0.17,0.44,0.7,0.3,0.76,0.71,0.5033481
0.17,0.5,0.75,0.24,0.72,0.7,0.5033481
0.18,0.47,0.75,0.2,0.72,0.71,0.5033481
0.17,0.45,0.73,0.29,0.75,0.72,0.5033482
0.16,0.5,0.7,0.2,0.72,0.7,0.5033483
0.16,0.46,0.74,0.3,0.74,0.71,0.5033484
0.17,0.42,0.71,0.25,0.73,0.72,0.5033484
0.18,0.46,0.75,0.3,0.76,0.72,0.5033485
0.16,0.44,0.71,0.28,0.74,0.72,0.5033486
0.18,0.46,0.75,0.28,0.72,0.71,0.5033487
0.18,0.49,0.72,0.27,0.74,0.7,0.5033487
0.18,0.42,0.74,0.24,0.72,0.71,0.5033488
0.16,0.47,0.7,0.3,0.74,0.7,0.5033489
0.18,0.44,0.72,0.26,0.72,0.72,0.5033489
0.16,0.4,0.7,0.24,0.74,0.72,0.503349
0.16,0.48,0.7,0.21,0.75,0.7,0.5033492
0.18,0.49,0.71,0.22,0.75,0.71,0.5033493
0.18,0.47,0.74,0.3,0.74,0.72,0.5033494
0.17,0.46,0.72,0.29,0.73,0.72,0.5033495
0.16,0.48,0.71,0.3,0.76,0.72,0.5033496
0.16,0.47,0.73,0.3,0.72,0.71,0.5033498
0.18,0.48,0.73,0.22,0.74,0.7,0.5033504
0.16,0.45,0.7,0.28,0.72,0.72,0.5033505
0.17,0.48,0.75,0.2,0.75,0.71,0.5033506
0.18,0.4,0.71,0.22,0.72,0.72,0.503351
0.17,0.5,0.72,0.26,0.75,0.71,0.5033513
0.18,0.48,0.73,0.3,0.72,0.72,0.5033513
0.18,0.42,0.72,0.25,0.76,0.7,0.5033517
0.18,0.5,0.7,0.23,0.74,0.71,0.5033517
0.17,0.49,0.74,0.3,0.75,0.7,0.5033518
0.18,0.5,0.71,0.28,0.73,0.7,0.5033522
0.17,0.48,0.74,0.2,0.76,0.71,0.5033524
0.18,0.49,0.72,0.23,0.73,0.7,0.5033524
0.17,0.49,0.74,0.26,0.74,0.7,0.5033526
0.18,0.45,0.73,0.27,0.76,0.7,0.5033526
0.16,0.49,0.75,0.24,0.76,0.71,0.5033528
0.16,0.48,0.7,0.29,0.73,0.72,0.5033529
0.18,0.43,0.72,0.21,0.75,0.7,0.503353
0.18,0.43,0.73,0.22,0.72,0.7,0.503353
0.17,0.4,0.72,0.24,0.76,0.7,0.5033532
0.18,0.46,0.73,0.23,0.75,0.7,0.5033533
0.16,0.5,0.74,0.29,0.76,0.71,0.5033534
0.17,0.43,0.73,0.26,0.76,0.7,0.5033534
0.17,0.44,0.73,0.22,0.75,0.7,0.5033536
0.18,0.46,0.74,0.24,0.72,0.7,0.5033536
0.17,0.47,0.7,0.3,0.76,0.71,0.5033537
0.18,0.41,0.71,0.27,0.76,0.7,0.5033537
0.16,0.42,0.73,0.26,0.73,0.7,0.5033538
0.17,0.41,0.72,0.2,0.75,0.7,0.5033538
0.17,0.41,0.73,0.21,0.72,0.7,0.5033538
0.18,0.4,0.72,0.2,0.72,0.7,0.5033538
0.18,0.42,0.7,0.27,0.74,0.7,0.5033539
0.17,0.44,0.74,0.23,0.72,0.7,0.503354
0.17,0.49,0.73,0.21,0.75,0.71,0.503354
0.17,0.5,0.71,0.21,0.76,0.72,0.503354
0.18,0.43,0.74,0.24,0.74,0.71,0.503354
0.18,0.47,0.72,0.24,0.76,0.7,0.5033542
0.17,0.4,0.73,0.25,0.76,0.71,0.5033544
0.17,0.41,0.72,0.25,0.74,0.71,0.5033545
0.17,0.44,0.74,0.27,0.72,0.7,0.5033545
0.17,0.44,0.74,0.29,0.76,0.71,0.5033545
0.18,0.4,0.73,0.22,0.74,0.71,0.5033545
0.18,0.45,0.74,0.28,0.73,0.7,0.5033545
0.16,0.43,0.72,0.28,0.75,0.71,0.5033546
0.17,0.47,0.74,0.24,0.75,0.7,0.5033546
0.18,0.5,0.71,0.29,0.72,0.7,0.5033546
0.16,0.42,0.73,0.21,0.75,0.7,0.5033547
0.17,0.46,0.74,0.28,0.76,0.7,0.5033547
0.16,0.42,0.74,0.22,0.72,0.7,0.5033548
0.17,0.44,0.7,0.3,0.75,0.7,0.5033548
0.18,0.46,0.75,0.26,0.74,0.71,0.5033548
0.18,0.48,0.71,0.29,0.76,0.7,0.5033548
0.16,0.41,0.73,0.25,0.76,0.7,0.5033549
0.17,0.4,0.73,0.23,0.72,0.7,0.5033549
0.16,0.45,0.74,0.23,0.75,0.7,0.503355
0.17,0.42,0.71,0.25,0.72,0.71,0.503355
0.17,0.42,0.71,0.27,0.76,0.72,0.503355
0.18,0.43,0.73,0.26,0.73,0.71,0.503355
0.18,0.5,0.71,0.24,0.72,0.7,0.503355
0.17,0.41,0.74,0.23,0.74,0.71,0.5033551
0.17,0.45,0.73,0.29,0.74,0.71,0.5033551
0.17,0.47,0.75,0.25,0.72,0.7,0.5033551
0.18,0.44,0.72,0.28,0.75,0.72,0.5033551
0.16,0.44,0.75,0.27,0.74,0.72,0.5033552
0.18,0.49,0.75,0.26,0.72,0.7,0.5033553
0.16,0.44,0.71,0.28,0.73,0.71,0.5033554
0.16,0.44,0.74,0.27,0.76,0.7,0.5033554
0.17,0.44,0.75,0.25,0.74,0.71,0.5033554
0.16,0.4,0.7,0.24,0.73,0.71,0.5033555
0.16,0.46,0.74,0.3,0.73,0.7,0.5033555
0.16,0.5,0.74,0.25,0.75,0.71,0.5033555
0.16,0.45,0.75,0.24,0.72,0.7,0.5033556
0.18,0.46,0.75,0.3,0.75,0.71,0.5033556
0.17,0.5,0.73,0.27,0.73,0.7,0.5033558
0.18,0.4,0.71,0.24,0.75,0.72,0.5033558
0.16,0.47,0.7,0.3,0.75,0.7,0.5033559
0.17,0.43,0.7,0.27,0.74,0.72,0.5033559
0.17,0.42,0.75,0.24,0.73,0.72,0.503356
0.18,0.44,0.74,0.2,0.73,0.71,0.503356
0.16,0.4,0.74,0.23,0.74,0.72,0.5033561
0.18,0.43,0.75,0.26,0.76,0.72,0.5033562
0.18,0.44,0.75,0.22,0.75,0.72,0.5033562
0.16,0.45,0.74,0.27,0.72,0.72,0.5033563
0.16,0.48,0.75,0.25,0.75,0.7,0.5033563
0.17,0.5,0.72,0.22,0.74,0.71,0.5033564
0.18,0.47,0.74,0.3,0.73,0.71,0.5033564
0.18,0.47,0.75,0.22,0.73,0.71,0.5033564
0.18,0.48,0.75,0.3,0.73,0.7,0.5033564
0.18,0.45,0.71,0.28,0.73,0.72,0.5033565
0.18,0.48,0.71,0.25,0.75,0.7,0.5033565
0.17,0.46,0.72,0.29,0.72,0.71,0.5033566
0.16,0.41,0.73,0.23,0.72,0.72,0.5033567
0.16,0.42,0.75,0.24,0.74,0.71,0.5033567
0.17,0.45,0.75,0.21,0.73,0.71,0.5033568
0.16,0.47,0.75,0.29,0.76,0.7,0.5033569
0.17,0.46,0.75,0.29,0.73,0.7,0.5033569
0.18,0.41,0.7,0.24,0.73,0.72,0.5033569
0.16,0.45,0.7,0.3,0.75,0.72,0.5033572
0.18,0.41,0.74,0.2,0.75,0.72,0.5033572
0.17,0.42,0.75,0.21,0.75,0.72,0.5033574
0.17,0.49,0.74,0.22,0.73,0.7,0.5033574
0.18,0.47,0.74,0.21,0.76,0.71,0.5033578
0.16,0.43,0.75,0.2,0.73,0.71,0.5033579
0.17,0.45,0.74,0.2,0.76,0.71,0.5033584
0.17,0.48,0.73,0.28,0.76,0.7,0.5033584
0.17,0.48,0.75,0.22,0.76,0.71,0.5033584
0.16,0.5,0.73,0.2,0.76,0.72,0.5033588
0.16,0.46,0.75,0.21,0.76,0.71,0.5033589
0.16,0.5,0.75,0.3,0.74,0.7,0.5033591
0.18,0.41,0.75,0.21,0.72,0.72,0.5033594
0.16,0.48,0.7,0.29,0.74,0.72,0.5033595
0.16,0.49,0.75,0.2,0.75,0.71,0.5033595
0.17,0.5,0.73,0.23,0.72,0.7,0.5033595
0.18,0.49,0.7,0.26,0.74,0.7,0.5033597
0.16,0.5,0.75,0.26,0.73,0.7,0.50336
0.16,0.4,0.75,0.2,0.75,0.72,0.5033601
0.17,0.49,0.71,0.24,0.76,0.71,0.5033602
0.18,0.48,0.7,0.2,0.76,0.71,0.5033602
0.17,0.48,0.73,0.24,0.75,0.7,0.5033609
0.16,0.42,0.73,0.28,0.76,0.7,0.503361
0.18,0.47,0.72,0.2,0.75,0.7,0.5033612
0.16,0.5,0.74,0.21,0.74,0.71,0.5033614
0.18,0.5,0.71,0.29,0.73,0.7,0.5033614
0.16,0.43,0.72,0.28,0.74,0.7,0.5033615
0.17,0.41,0.72,0.25,0.73,0.7,0.5033616
0.18,0.43,0.73,0.28,0.76,0.71,0.5033617
0.17,0.49,0.72,0.29,0.75,0.7,0.5033618
0.17,0.42,0.71,0.27,0.75,0.71,0.5033619
0.18,0.44,0.72,0.28,0.74,0.71,0.5033621
0.16,0.4,0.7,0.24,0.72,0.7,0.5033622
0.16,0.4,0.7,0.26,0.76,0.71,0.5033622
0.17,0.42,0.75,0.26,0.76,0.72,0.5033622
0.17,0.45,0.73,0.29,0.73,0.7,0.5033623
0.18,0.43,0.73,0.26,0.72,0.7,0.5033623
0.16,0.44,0.71,0.28,0.72,0.7,0.5033624
0.16,0.44,0.75,0.27,0.73,0.71,0.5033624
0.18,0.43,0.72,0.23,0.76,0.7,0.5033624
0.17,0.43,0.74,0.26,0.74,0.72,0.5033625
0.17,0.43,0.7,0.27,0.73,0.71,0.5033626
0.18,0.4,0.71,0.21,0.76,0.7,0.5033626
0.16,0.41,0.73,0.25,0.75,0.72,0.5033627
0.18,0.48,0.71,0.21,0.74,0.7,0.5033627
0.18,0.4,0.71,0.24,0.74,0.71,0.5033628
0.18,0.41,0.7,0.26,0.76,0.72,0.5033628
0.16,0.44,0.71,0.3,0.76,0.71,0.5033629
0.16,0.45,0.74,0.29,0.75,0.72,0.5033629
0.16,0.47,0.7,0.3,0.76,0.7,0.503363
0.16,0.4,0.74,0.23,0.73,0.71,0.5033631
0.18,0.43,0.73,0.24,0.73,0.7,0.5033631
0.18,0.46,0.73,0.25,0.76,0.7,0.5033631
0.17,0.41,0.72,0.22,0.76,0.7,0.5033632
0.18,0.45,0.71,0.3,0.76,0.72,0.5033632
0.18,0.45,0.75,0.27,0.73,0.72,0.5033633
0.18,0.4,0.72,0.22,0.73,0.7,0.5033634
0.16,0.42,0.72,0.25,0.73,0.72,0.5033635
0.17,0.44,0.73,0.26,0.72,0.72,0.5033635
0.17,0.44,0.73,0.24,0.76,0.7,0.5033636
0.17,0.49,0.72,0.25,0.74,0.7,0.5033636
0.17,0.5,0.7,0.25,0.75,0.71,0.5033636
0.18,0.45,0.71,0.28,0.72,0.71,0.5033636
0.18,0.47,0.74,0.3,0.72,0.7,0.5033636
0.17,0.47,0.75,0.3,0.74,0.72,0.5033637
0.18,0.41,0.7,0.24,0.72,0.71,0.5033637
0.16,0.45,0.7,0.3,0.74,0.71,0.5033638
0.18,0.46,0.74,0.26,0.73,0.7,0.5033638
0.17,0.41,0.73,0.23,0.73,0.7,0.503364
0.16,0.46,0.73,0.29,0.73,0.72,0.5033641
0.16,0.5,0.72,0.28,0.76,0.71,0.5033642
0.17,0.44,0.74,0.25,0.73,0.7,0.5033644
0.16,0.42,0.73,0.23,0.76,0.7,0.5033646
0.18,0.46,0.7,0.3,0.74,0.72,0.5033646
0.18,0.41,0.74,0.23,0.73,0.72,0.5033647
0.17,0.47,0.74,0.26,0.76,0.7,0.5033648
0.18,0.5,0.74,0.24,0.76,0.72,0.5033648
0.16,0.49,0.73,0.23,0.76,0.71,0.5033649
0.16,0.5,0.75,0.22,0.72,0.7,0.5033649
0.18,0.43,0.74,0.26,0.75,0.71,0.5033649
0.18,0.49,0.7,0.22,0.73,0.7,0.5033649
0.18,0.44,0.74,0.22,0.74,0.71,0.5033651
0.16,0.45,0.74,0.25,0.76,0.7,0.5033652
0.18,0.4,0.73,0.24,0.75,0.71,0.5033653
0.18,0.44,0.73,0.2,0.72,0.7,0.5033653
0.16,0.42,0.74,0.24,0.73,0.7,0.5033655
0.17,0.47,0.75,0.27,0.73,0.7,0.5033655
0.16,0.49,0.74,0.28,0.75,0.7,0.5033656
0.17,0.48,0.74,0.3,0.72,0.72,0.5033656
0.18,0.47,0.74,0.22,0.72,0.7,0.5033656
0.18,0.44,0.75,0.24,0.76,0.72,0.5033657
0.18,0.46,0.75,0.28,0.75,0.71,0.5033657
0.18,0.47,0.75,0.24,0.74,0.71,0.5033657
0.17,0.4,0.72,0.22,0.72,0.72,0.5033658
0.17,0.45,0.74,0.21,0.72,0.7,0.5033658
0.18,0.49,0.75,0.28,0.73,0.7,0.5033658
0.18,0.41,0.73,0.2,0.74,0.71,0.5033659
0.17,0.45,0.75,0.23,0.74,0.71,0.5033661
0.16,0.48,0.7,0.29,0.75,0.72,0.5033662
0.17,0.42,0.74,0.21,0.74,0.71,0.5033662
0.18,0.47,0.7,0.23,0.76,0.7,0.5033662
0.18,0.41,0.74,0.22,0.76,0.72,0.5033663
0.16,0.45,0.75,0.26,0.73,0.7,0.5033664
0.16,0.48,0.75,0.27,0.76,0.7,0.5033666
0.17,0.41,0.74,0.25,0.75,0.71,0.5033667
0.17,0.48,0.75,0.23,0.72,0.7,0.5033667
0.17,0.44,0.75,0.27,0.75,0.71,0.5033668
0.18,0.5,0.75,0.29,0.75,0.71,0.5033668
0.16,0.43,0.74,0.2,0.72,0.7,0.503367
0.17,0.42,0.75,0.23,0.76,0.72,0.503367
0.17,0.5,0.71,0.26,0.73,0.7,0.503367
0.18,0.5,0.72,0.3,0.72,0.71,0.503367
0.16,0.46,0.75,0.22,0.72,0.7,0.5033671
0.18,0.47,0.73,0.21,0.75,0.7,0.5033671
0.17,0.49,0.71,0.2,0.75,0.71,0.5033672
0.16,0.43,0.75,0.22,0.74,0.71,0.5033673
0.16,0.5,0.72,0.24,0.75,0.71,0.5033675
0.17,0.45,0.73,0.2,0.75,0.7,0.5033675
0.17,0.48,0.73,0.2,0.74,0.7,0.5033679
0.16,0.46,0.74,0.21,0.75,0.7,0.503368
0.16,0.49,0.74,0.24,0.74,0.7,0.5033683
0.16,0.42,0.75,0.26,0.75,0.71,0.5033684
0.16,0.4,0.74,0.2,0.74,0.71,0.5033686
0.17,0.41,0.72,0.27,0.76,0.7,0.5033686
0.17,0.42,0.71,0.27,0.74,0.7,0.5033689
0.16,0.4,0.7,0.26,0.75,0.7,0.5033691
0.16,0.5,0.73,0.29,0.74,0.7,0.5033691
0.18,0.45,0.75,0.2,0.75,0.72,0.5033691
0.18,0.5,0.75,0.25,0.74,0.71,0.5033691
0.16,0.44,0.75,0.29,0.76,0.71,0.5033692
0.17,0.48,0.71,0.27,0.76,0.7,0.5033693
0.18,0.44,0.72,0.28,0.73,0.7,0.5033694
0.16,0.4,0.74,0.25,0.76,0.71,0.5033695
0.16,0.4,0.75,0.22,0.76,0.72,0.5033695
0.16,0.41,0.73,0.25,0.74,0.71,0.5033696
0.17,0.43,0.7,0.27,0.72,0.7,0.5033696
0.17,0.47,0.7,0.3,0.73,0.72,0.5033696
0.17,0.5,0.7,0.21,0.74,0.71,0.5033696
0.16,0.44,0.71,0.3,0.75,0.7,0.5033697
0.17,0.43,0.74,0.26,0.73,0.71,0.5033697
0.17,0.49,0.72,0.21,0.73,0.7,0.5033697
0.18,0.41,0.7,0.26,0.75,0.71,0.5033697
0.16,0.44,0.75,0.27,0.72,0.7,0.5033698
0.17,0.44,0.73,0.28,0.75,0.72,0.5033698
0.18,0.45,0.75,0.29,0.76,0.72,0.5033698
0.16,0.42,0.72,0.27,0.76,0.72,0.5033699
0.17,0.43,0.7,0.29,0.76,0.71,0.5033699
0.16,0.45,0.74,0.29,0.74,0.71,0.50337
0.18,0.4,0.71,0.24,0.73,0.7,0.5033701
0.18,0.41,0.74,0.25,0.76,0.72,0.5033701
0.18,0.45,0.71,0.3,0.75,0.71,0.5033701
0.16,0.42,0.72,0.25,0.72,0.71,0.5033702
0.18,0.48,0.75,0.2,0.73,0.71,0.5033704
0.18,0.42,0.73,0.25,0.74,0.72,0.5033705
0.18,0.45,0.75,0.27,0.72,0.71,0.5033706
0.18,0.46,0.74,0.29,0.74,0.72,0.5033706
0.16,0.45,0.7,0.3,0.73,0.7,0.5033707
0.17,0.4,0.72,0.24,0.75,0.72,0.5033707
0.17,0.47,0.75,0.3,0.73,0.71,0.5033708
0.16,0.43,0.71,0.27,0.74,0.72,0.5033709
0.17,0.47,0.72,0.22,0.76,0.7,0.503371
0.16,0.5,0.73,0.25,0.73,0.7,0.5033711
0.17,0.45,0.72,0.28,0.73,0.72,0.5033711
0.16,0.46,0.73,0.29,0.72,0.71,0.5033712
0.18,0.46,0.7,0.3,0.73,0.71,0.5033715
0.17,0.41,0.71,0.24,0.73,0.72,0.5033716
0.18,0.43,0.72,0.25,0.72,0.72,0.5033716
0.16,0.47,0.7,0.3,0.72,0.71,0.5033719
0.18,0.5,0.74,0.2,0.75,0.72,0.503372
0.17,0.5,0.71,0.22,0.72,0.7,0.5033722
0.18,0.47,0.73,0.29,0.72,0.72,0.5033725
0.16,0.44,0.7,0.27,0.72,0.72,0.5033727
0.17,0.49,0.7,0.28,0.75,0.7,0.5033728
0.16,0.48,0.73,0.26,0.76,0.7,0.503373
0.17,0.48,0.71,0.23,0.75,0.7,0.503373
0.16,0.48,0.7,0.29,0.76,0.72,0.5033731
0.18,0.5,0.72,0.3,0.73,0.71,0.5033736
0.18,0.43,0.73,0.26,0.74,0.7,0.5033738
0.18,0.49,0.74,0.27,0.76,0.71,0.5033738
0.18,0.4,0.72,0.24,0.74,0.7,0.5033742
0.18,0.44,0.73,0.22,0.73,0.7,0.5033743
0.16,0.5,0.72,0.2,0.74,0.71,0.5033744
0.18,0.44,0.74,0.24,0.75,0.71,0.5033747
0.18,0.46,0.74,0.28,0.74,0.7,0.5033747
0.18,0.41,0.72,0.2,0.73,0.7,0.5033749
0.18,0.47,0.74,0.24,0.73,0.7,0.5033749
0.16,0.49,0.74,0.2,0.73,0.7,0.5033751
0.17,0.45,0.74,0.23,0.73,0.7,0.5033752
0.18,0.41,0.73,0.22,0.75,0.71,0.5033752
0.17,0.42,0.73,0.21,0.73,0.7,0.5033754
0.17,0.41,0.73,0.25,0.74,0.7,0.5033755
0.18,0.44,0.72,0.21,0.76,0.7,0.5033755
0.18,0.47,0.75,0.26,0.75,0.71,0.5033755
0.18,0.5,0.75,0.21,0.73,0.71,0.5033755
0.17,0.45,0.73,0.22,0.76,0.7,0.5033756
0.17,0.44,0.74,0.27,0.74,0.7,0.5033757
0.17,0.42,0.74,0.23,0.75,0.71,0.5033759
0.17,0.49,0.7,0.24,0.74,0.7,0.5033759
0.17,0.47,0.7,0.3,0.74,0.72,0.503376
0.17,0.5,0.72,0.3,0.72,0.7,0.503376
0.17,0.42,0.72,0.2,0.76,0.7,0.5033762
0.17,0.45,0.75,0.25,0.75,0.71,0.5033762
0.16,0.43,0.74,0.22,0.73,0.7,0.5033764
0.17,0.43,0.74,0.28,0.76,0.71,0.5033764
0.17,0.48,0.75,0.25,0.73,0.7,0.5033764
0.16,0.49,0.72,0.27,0.75,0.7,0.5033765
0.16,0.5,0.7,0.27,0.76,0.71,0.5033765
0.18,0.4,0.71,0.26,0.76,0.7,0.5033765
0.18,0.44,0.72,0.3,0.76,0.7,0.5033765
0.18,0.44,0.75,0.25,0.72,0.71,0.5033767
0.18,0.49,0.75,0.3,0.74,0.7,0.5033767
0.16,0.41,0.73,0.25,0.73,0.7,0.5033768
0.16,0.43,0.73,0.21,0.76,0.7,0.5033768
0.16,0.46,0.74,0.23,0.76,0.7,0.5033768
0.17,0.43,0.7,0.29,0.75,0.7,0.5033768
0.18,0.41,0.7,0.26,0.74,0.7,0.5033768
0.16,0.42,0.72,0.27,0.75,0.71,0.5033769
0.16,0.46,0.75,0.24,0.73,0.7,0.5033769
0.17,0.44,0.73,0.28,0.74,0.71,0.5033769
0.17,0.47,0.75,0.29,0.74,0.7,0.5033769
0.18,0.5,0.73,0.28,0.75,0.71,0.503377
0.16,0.45,0.74,0.29,0.73,0.7,0.5033772
0.16,0.5,0.73,0.21,0.72,0.7,0.5033772
0.17,0.43,0.74,0.26,0.72,0.7,0.5033772
0.18,0.45,0.71,0.3,0.74,0.7,0.5033772
0.18,0.45,0.75,0.22,0.76,0.72,0.5033772
0.18,0.5,0.72,0.23,0.76,0.72,0.5033772
0.16,0.42,0.74,0.26,0.74,0.7,0.5033773
0.16,0.43,0.75,0.24,0.75,0.71,0.5033773
0.18,0.43,0.72,0.27,0.75,0.72,0.5033773
0.16,0.4,0.73,0.2,0.73,0.7,0.5033774
0.16,0.43,0.75,0.26,0.74,0.72,0.5033774
0.18,0.41,0.74,0.23,0.72,0.71,0.5033774
0.18,0.46,0.75,0.3,0.76,0.71,0.5033775
0.16,0.43,0.71,0.27,0.73,0.71,0.5033777
0.17,0.4,0.72,0.24,0.74,0.71,0.5033777
0.17,0.41,0.71,0.26,0.76,0.72,0.5033777
0.17,0.45,0.72,0.3,0.76,0.72,0.5033777
0.18,0.42,0.73,0.25,0.73,0.71,0.5033777
0.16,0.49,0.71,0.22,0.76,0.71,0.5033778
0.18,0.46,0.74,0.29,0.73,0.71,0.5033778
0.16,0.45,0.75,0.28,0.74,0.7,0.5033779
0.16,0.4,0.74,0.22,0.75,0.71,0.503378
0.16,0.48,0.73,0.22,0.75,0.7,0.503378
0.18,0.5,0.7,0.28,0.72,0.7,0.503378
0.17,0.47,0.75,0.3,0.72,0.7,0.5033781
0.17,0.42,0.75,0.24,0.72,0.71,0.5033782
0.17,0.45,0.72,0.28,0.72,0.71,0.5033782
0.18,0.48,0.75,0.22,0.74,0.71,0.5033782
0.18,0.49,0.74,0.23,0.75,0.71,0.5033782
0.18,0.45,0.74,0.2,0.74,0.71,0.5033783
0.16,0.44,0.74,0.26,0.72,0.72,0.5033784
0.16,0.47,0.7,0.3,0.73,0.71,0.5033784
0.17,0.41,0.71,0.24,0.72,0.71,0.5033784
0.18,0.42,0.74,0.2,0.76,0.72,0.5033784
0.17,0.42,0.7,0.26,0.74,0.72,0.5033785
0.17,0.43,0.75,0.21,0.76,0.72,0.5033785
0.18,0.44,0.71,0.27,0.73,0.72,0.5033785
0.17,0.46,0.75,0.21,0.74,0.71,0.5033786
0.18,0.46,0.7,0.3,0.72,0.7,0.5033788
0.18,0.42,0.75,0.21,0.73,0.72,0.5033789
0.16,0.44,0.7,0.29,0.75,0.72,0.503379
0.17,0.46,0.71,0.3,0.74,0.72,0.503379
0.17,0.41,0.75,0.23,0.73,0.72,0.5033794
0.16,0.44,0.75,0.2,0.74,0.71,0.5033798
0.18,0.48,0.74,0.2,0.72,0.7,0.5033798
0.16,0.48,0.75,0.3,0.72,0.72,0.5033801
0.16,0.5,0.71,0.28,0.74,0.7,0.5033802
0.18,0.5,0.72,0.3,0.74,0.71,0.5033802
0.17,0.49,0.75,0.21,0.72,0.7,0.5033803
0.18,0.5,0.73,0.24,0.74,0.71,0.5033805
0.16,0.49,0.72,0.23,0.74,0.7,0.5033806
0.18,0.4,0.7,0.23,0.73,0.72,0.5033806
0.16,0.47,0.75,0.2,0.72,0.7,0.5033807
0.16,0.5,0.7,0.23,0.75,0.71,0.5033807
0.17,0.5,0.75,0.27,0.75,0.71,0.5033808
0.16,0.4,0.73,0.22,0.72,0.72,0.503381
0.16,0.41,0.75,0.2,0.76,0.72,0.503381
0.17,0.47,0.7,0.3,0.72,0.72,0.5033815
0.17,0.5,0.74,0.22,0.76,0.72,0.5033818
0.17,0.4,0.75,0.2,0.73,0.72,0.5033821
0.17,0.47,0.7,0.3,0.75,0.72,0.5033825
0.18,0.5,0.74,0.29,0.73,0.7,0.5033826
0.17,0.5,0.72,0.3,0.73,0.7,0.5033827
0.17,0.49,0.7,0.2,0.73,0.7,0.5033831
0.16,0.5,0.71,0.24,0.73,0.7,0.5033834
0.16,0.41,0.73,0.27,0.76,0.7,0.5033835
0.16,0.42,0.72,0.27,0.74,0.7,0.5033839
0.18,0.42,0.73,0.27,0.76,0.71,0.5033839
0.18,0.44,0.73,0.24,0.74,0.7,0.503384
0.17,0.47,0.7,0.21,0.76,0.7,0.5033842
0.17,0.44,0.73,0.28,0.73,0.7,0.5033843
0.18,0.41,0.72,0.22,0.74,0.7,0.5033844
0.18,0.43,0.72,0.27,0.74,0.71,0.5033844
0.17,0.41,0.71,0.26,0.75,0.71,0.5033846
0.16,0.44,0.74,0.28,0.75,0.72,0.5033847
0.17,0.45,0.72,0.3,0.75,0.71,0.5033847
0.18,0.47,0.74,0.26,0.74,0.7,0.5033847
0.18,0.49,0.72,0.26,0.76,0.71,0.5033847
0.16,0.43,0.71,0.27,0.72,0.7,0.5033848
0.16,0.43,0.71,0.29,0.76,0.71,0.5033848
0.16,0.43,0.75,0.26,0.73,0.71,0.5033848
0.18,0.44,0.71,0.29,0.76,0.72,0.5033848
0.16,0.47,0.7,0.3,0.74,0.71,0.5033849
0.17,0.4,0.72,0.24,0.73,0.7,0.5033849
0.17,0.41,0.75,0.25,0.76,0.72,0.5033849
0.18,0.5,0.7,0.28,0.73,0.7,0.5033849
0.18,0.44,0.74,0.26,0.76,0.71,0.503385
0.18,0.5,0.74,0.25,0.72,0.7,0.503385
0.17,0.42,0.73,0.23,0.74,0.7,0.5033851
0.17,0.42,0.74,0.25,0.74,0.72,0.5033851
0.17,0.46,0.75,0.29,0.74,0.72,0.5033851
0.17,0.5,0.75,0.23,0.74,0.71,0.5033851
0.18,0.46,0.74,0.29,0.72,0.7,0.5033851
0.16,0.48,0.71,0.25,0.76,0.7,0.5033853
0.17,0.42,0.7,0.26,0.73,0.71,0.5033854
0.17,0.45,0.74,0.25,0.74,0.7,0.5033854
0.18,0.42,0.73,0.25,0.72,0.7,0.5033854
0.18,0.41,0.73,0.24,0.76,0.71,0.5033855
0.18,0.43,0.73,0.28,0.75,0.7,0.5033855
0.18,0.48,0.74,0.3,0.76,0.7,0.5033855
0.18,0.44,0.71,0.27,0.72,0.71,0.5033857
0.18,0.44,0.75,0.26,0.73,0.72,0.5033857
0.16,0.44,0.7,0.29,0.74,0.71,0.5033858
0.18,0.4,0.7,0.25,0.76,0.72,0.5033858
0.16,0.4,0.73,0.24,0.75,0.72,0.5033859
0.16,0.45,0.73,0.28,0.73,0.72,0.5033859
0.18,0.47,0.75,0.28,0.76,0.71,0.5033859
0.17,0.43,0.73,0.25,0.72,0.72,0.5033861
0.17,0.46,0.71,0.3,0.73,0.71,0.5033861
0.18,0.45,0.7,0.29,0.74,0.72,0.5033861
0.16,0.43,0.74,0.24,0.74,0.7,0.5033864
0.17,0.48,0.75,0.27,0.74,0.7,0.5033864
0.18,0.46,0.74,0.3,0.75,0.7,0.5033864
0.18,0.45,0.74,0.22,0.75,0.71,0.5033865
0.17,0.42,0.74,0.25,0.76,0.71,0.5033867
0.16,0.41,0.72,0.24,0.73,0.72,0.5033868
0.17,0.45,0.75,0.27,0.76,0.71,0.5033868
0.18,0.48,0.75,0.24,0.75,0.71,0.5033868
0.17,0.47,0.74,0.29,0.72,0.72,0.5033869
0.18,0.5,0.72,0.3,0.75,0.71,0.5033869
0.16,0.4,0.73,0.22,0.74,0.7,0.503387
0.16,0.46,0.75,0.26,0.74,0.7,0.5033871
0.17,0.46,0.75,0.23,0.75,0.71,0.5033872
0.18,0.45,0.75,0.23,0.72,0.71,0.5033872
0.18,0.42,0.73,0.2,0.75,0.71,0.5033874
0.17,0.43,0.74,0.21,0.75,0.71,0.5033876
0.18,0.4,0.7,0.23,0.72,0.71,0.5033876
0.17,0.44,0.74,0.29,0.75,0.7,0.5033877
0.18,0.45,0.73,0.2,0.73,0.7,0.5033877
0.18,0.48,0.74,0.22,0.73,0.7,0.5033877
0.18,0.5,0.73,0.2,0.73,0.71,0.5033878
0.17,0.46,0.74,0.21,0.73,0.7,0.5033879
0.18,0.42,0.74,0.21,0.72,0.71,0.503388
0.18,0.42,0.75,0.23,0.74,0.72,0.503388
0.18,0.5,0.71,0.27,0.75,0.71,0.5033881
0.17,0.43,0.75,0.22,0.72,0.71,0.5033882
0.16,0.43,0.75,0.26,0.76,0.71,0.5033883
0.17,0.49,0.75,0.23,0.73,0.7,0.5033884
0.16,0.44,0.75,0.22,0.75,0.71,0.5033886
0.16,0.49,0.7,0.26,0.75,0.7,0.5033887
0.17,0.49,0.74,0.25,0.76,0.71,0.5033888
0.18,0.48,0.73,0.21,0.76,0.71,0.5033888
0.16,0.47,0.75,0.22,0.73,0.7,0.5033889
0.16,0.44,0.74,0.2,0.73,0.7,0.503389
0.18,0.4,0.74,0.22,0.73,0.72,0.503389
0.16,0.4,0.74,0.24,0.76,0.71,0.5033891
0.17,0.47,0.7,0.3,0.76,0.72,0.5033891
0.16,0.47,0.72,0.2,0.76,0.7,0.5033892
0.16,0.41,0.74,0.2,0.75,0.71,0.5033897
0.18,0.49,0.73,0.27,0.74,0.7,0.5033897
0.16,0.45,0.75,0.3,0.75,0.7,0.5033898
0.18,0.5,0.71,0.29,0.72,0.71,0.50339
0.17,0.5,0.73,0.3,0.76,0.71,0.5033901
0.17,0.46,0.73,0.2,0.76,0.7,0.5033902
0.18,0.5,0.7,0.22,0.76,0.72,0.5033904
0.18,0.49,0.72,0.22,0.75,0.71,0.5033905
0.16,0.41,0.75,0.21,0.72,0.71,0.5033906
0.16,0.5,0.71,0.2,0.72,0.7,0.5033906
0.16,0.47,0.74,0.21,0.76,0.7,0.5033907
0.17,0.4,0.74,0.2,0.72,0.71,0.5033907
0.17,0.4,0.75,0.22,0.74,0.72,0.5033907
0.16,0.43,0.75,0.28,0.76,0.71,0.503391
0.17,0.44,0.73,0.3,0.76,0.7,0.5033911
0.18,0.46,0.75,0.2,0.76,0.72,0.5033911
0.16,0.48,0.71,0.21,0.75,0.7,0.5033912
0.18,0.44,0.75,0.28,0.76,0.72,0.5033914
0.17,0.4,0.72,0.26,0.76,0.7,0.5033915
0.16,0.47,0.7,0.3,0.75,0.71,0.5033916
0.16,0.43,0.71,0.29,0.75,0.7,0.5033918
0.17,0.5,0.73,0.26,0.75,0.71,0.5033918
0.18,0.43,0.72,0.27,0.73,0.7,0.5033918
0.16,0.44,0.74,0.28,0.74,0.71,0.5033919
0.17,0.41,0.71,0.26,0.74,0.7,0.5033919
0.17,0.45,0.72,0.3,0.74,0.7,0.5033919
0.18,0.44,0.71,0.29,0.75,0.71,0.5033919
0.17,0.43,0.73,0.27,0.75,0.72,0.503392
0.17,0.42,0.7,0.28,0.76,0.71,0.5033922
0.17,0.49,0.75,0.3,0.75,0.7,0.5033922
0.18,0.45,0.74,0.28,0.74,0.72,0.5033922
0.16,0.45,0.73,0.3,0.76,0.72,0.5033923
0.17,0.42,0.7,0.26,0.72,0.7,0.5033924
0.17,0.46,0.75,0.29,0.73,0.71,0.5033924
0.17,0.42,0.74,0.25,0.73,0.71,0.5033925
0.16,0.41,0.72,0.26,0.76,0.72,0.5033927
0.18,0.49,0.75,0.2,0.74,0.71,0.5033927
0.16,0.44,0.7,0.29,0.73,0.7,0.5033928
0.18,0.4,0.7,0.25,0.75,0.71,0.5033929
0.16,0.4,0.73,0.24,0.74,0.71,0.503393
0.17,0.44,0.72,0.27,0.73,0.72,0.503393
0.18,0.5,0.71,0.23,0.74,0.71,0.503393
0.16,0.45,0.73,0.28,0.72,0.71,0.5033931
0.18,0.4,0.74,0.24,0.76,0.72,0.5033932
0.18,0.45,0.7,0.29,0.73,0.71,0.5033932
0.18,0.5,0.72,0.28,0.73,0.7,0.5033932
0.18,0.44,0.75,0.26,0.72,0.71,0.5033933
0.17,0.46,0.71,0.3,0.72,0.7,0.5033934
0.16,0.46,0.72,0.3,0.74,0.72,0.5033935
0.16,0.41,0.72,0.24,0.72,0.71,0.5033936
0.16,0.42,0.71,0.26,0.74,0.72,0.5033936
0.16,0.5,0.75,0.29,0.76,0.71,0.5033936
0.18,0.41,0.73,0.24,0.74,0.72,0.5033937
0.16,0.49,0.7,0.22,0.74,0.7,0.5033938
0.17,0.49,0.75,0.26,0.74,0.7,0.503394
0.18,0.46,0.73,0.28,0.72,0.72,0.503394
0.18,0.44,0.73,0.26,0.75,0.7,0.5033942
0.18,0.49,0.73,0.23,0.73,0.7,0.5033942
0.18,0.41,0.72,0.24,0.75,0.7,0.5033946
0.18,0.42,0.72,0.24,0.72,0.72,0.5033948
0.17,0.5,0.72,0.21,0.76,0.72,0.503395
0.18,0.47,0.74,0.28,0.75,0.7,0.5033952
0.16,0.43,0.7,0.26,0.72,0.72,0.5033954
0.17,0.4,0.71,0.23,0.73,0.72,0.5033954
0.17,0.49,0.74,0.21,0.75,0.71,0.5033955
0.18,0.48,0.72,0.29,0.76,0.7,0.5033955
0.18,0.45,0.74,0.24,0.76,0.71,0.5033956
0.17,0.42,0.73,0.25,0.75,0.7,0.5033958
0.18,0.47,0.73,0.24,0.76,0.7,0.5033958
0.17,0.45,0.74,0.27,0.75,0.7,0.5033959
0.18,0.45,0.73,0.22,0.74,0.7,0.5033959
0.16,0.47,0.71,0.3,0.72,0.72,0.5033961
0.18,0.42,0.73,0.22,0.76,0.71,0.5033961
0.16,0.5,0.75,0.25,0.75,0.71,0.5033962
0.18,0.48,0.75,0.26,0.76,0.71,0.5033962
0.18,0.48,0.74,0.24,0.74,0.7,0.5033963
0.18,0.5,0.71,0.29,0.73,0.71,0.5033965
0.17,0.46,0.74,0.23,0.74,0.7,0.5033966
0.18,0.5,0.72,0.24,0.72,0.7,0.5033966
0.18,0.42,0.72,0.2,0.74,0.7,0.5033967
0.18,0.45,0.75,0.25,0.73,0.71,0.5033968
0.17,0.43,0.74,0.23,0.76,0.71,0.5033969
0.17,0.46,0.75,0.25,0.76,0.71,0.5033969
0.17,0.5,0.74,0.27,0.73,0.7,0.5033969
0.17,0.43,0.73,0.21,0.74,0.7,0.503397
0.17,0.48,0.75,0.29,0.75,0.7,0.503397
0.18,0.49,0.7,0.25,0.76,0.71,0.5033971
0.18,0.42,0.74,0.23,0.73,0.71,0.5033972
0.18,0.47,0.75,0.29,0.72,0.7,0.5033974
0.16,0.43,0.74,0.26,0.75,0.7,0.5033975
0.17,0.5,0.73,0.22,0.74,0.71,0.5033976
0.16,0.44,0.74,0.22,0.74,0.7,0.5033978
0.18,0.48,0.72,0.25,0.75,0.7,0.5033978
0.16,0.46,0.75,0.28,0.75,0.7,0.5033979
0.16,0.44,0.75,0.24,0.76,0.71,0.5033981
0.16,0.47,0.75,0.24,0.74,0.7,0.5033981
0.17,0.4,0.73,0.21,0.76,0.71,0.5033981
0.17,0.43,0.75,0.24,0.73,0.71,0.5033981
0.16,0.4,0.73,0.24,0.75,0.7,0.5033982
0.16,0.47,0.7,0.3,0.76,0.71,0.5033984
0.18,0.42,0.75,0.25,0.75,0.72,0.5033984
0.18,0.43,0.72,0.29,0.76,0.7,0.5033985
0.16,0.41,0.74,0.22,0.76,0.71,0.5033987
0.17,0.42,0.74,0.27,0.76,0.71,0.5033987
0.16,0.41,0.73,0.2,0.74,0.7,0.5033988
0.18,0.44,0.71,0.29,0.74,0.7,0.5033991
0.17,0.42,0.7,0.28,0.75,0.7,0.5033992
0.17,0.43,0.73,0.27,0.74,0.71,0.5033992
0.17,0.5,0.71,0.29,0.72,0.7,0.5033992
0.18,0.43,0.75,0.21,0.74,0.72,0.5033992
0.18,0.46,0.75,0.21,0.72,0.71,0.5033992
0.16,0.44,0.74,0.28,0.73,0.7,0.5033993
0.17,0.48,0.74,0.28,0.76,0.7,0.5033993
0.16,0.45,0.73,0.3,0.75,0.71,0.5033994
0.17,0.44,0.72,0.29,0.76,0.72,0.5033995
0.18,0.45,0.74,0.28,0.73,0.71,0.5033995
0.17,0.4,0.74,0.22,0.73,0.71,0.5033996
0.18,0.46,0.73,0.3,0.75,0.72,0.5033996
0.16,0.41,0.72,0.26,0.75,0.71,0.5033997
0.16,0.5,0.74,0.2,0.76,0.72,0.5033998
0.17,0.46,0.75,0.29,0.72,0.7,0.5033998
0.18,0.42,0.72,0.26,0.75,0.72,0.5033999
0.16,0.42,0.75,0.25,0.74,0.72,0.5034001
0.16,0.41,0.75,0.23,0.73,0.71,0.5034002
0.18,0.4,0.7,0.25,0.74,0.7,0.5034002
0.16,0.4,0.73,0.24,0.73,0.7,0.5034003
0.17,0.44,0.72,0.27,0.72,0.71,0.5034004
0.17,0.44,0.75,0.2,0.72,0.71,0.5034004
0.16,0.42,0.71,0.26,0.73,0.71,0.5034005
0.17,0.47,0.75,0.21,0.75,0.71,0.5034005
0.18,0.46,0.74,0.2,0.75,0.71,0.5034005
0.18,0.45,0.7,0.29,0.72,0.7,0.5034006
0.16,0.46,0.72,0.3,0.73,0.71,0.5034007
0.17,0.45,0.71,0.29,0.74,0.72,0.5034007
0.17,0.4,0.71,0.25,0.76,0.72,0.5034008
0.18,0.49,0.71,0.26,0.74,0.7,0.5034009
0.17,0.49,0.72,0.24,0.76,0.71,0.503401
0.18,0.41,0.73,0.24,0.73,0.71,0.5034011
0.18,0.43,0.71,0.26,0.73,0.72,0.5034011
0.16,0.43,0.7,0.28,0.75,0.72,0.5034012
0.16,0.43,0.74,0.25,0.72,0.72,0.5034012
0.17,0.5,0.74,0.23,0.72,0.7,0.5034013
0.16,0.47,0.75,0.29,0.72,0.72,0.5034015
0.18,0.47,0.72,0.3,0.73,0.72,0.5034015
0.16,0.45,0.75,0.2,0.75,0.71,0.5034017
0.17,0.41,0.7,0.25,0.74,0.72,0.5034017
0.18,0.48,0.71,0.2,0.76,0.71,0.5034019
0.17,0.41,0.75,0.2,0.74,0.72,0.503402
0.17,0.4,0.71,0.23,0.72,0.71,0.5034023
0.18,0.5,0.72,0.3,0.72,0.72,0.5034023
0.17,0.48,0.74,0.24,0.75,0.7,0.5034025
0.17,0.49,0.73,0.29,0.75,0.7,0.5034025
0.16,0.5,0.75,0.21,0.74,0.71,0.5034028
0.17,0.46,0.7,0.29,0.72,0.72,0.503403
0.16,0.48,0.75,0.2,0.73,0.7,0.5034031
0.18,0.5,0.71,0.29,0.74,0.71,0.5034032
0.17,0.4,0.75,0.22,0.73,0.72,0.5034037
0.18,0.49,0.7,0.21,0.75,0.71,0.503404
0.17,0.5,0.71,0.25,0.75,0.71,0.5034042
0.18,0.5,0.7,0.27,0.73,0.7,0.5034045
0.16,0.5,0.73,0.28,0.76,0.71,0.5034046
0.17,0.49,0.73,0.25,0.74,0.7,0.5034048
0.18,0.48,0.72,0.21,0.74,0.7,0.5034048
0.18,0.45,0.73,0.24,0.75,0.7,0.5034051
0.18,0.5,0.75,0.24,0.76,0.72,0.5034053
0.18,0.44,0.73,0.28,0.76,0.7,0.5034055
0.18,0.42,0.72,0.22,0.75,0.7,0.5034056
0.18,0.48,0.74,0.26,0.75,0.7,0.5034056
0.16,0.44,0.74,0.3,0.76,0.7,0.5034057
0.16,0.49,0.74,0.23,0.76,0.71,0.5034058
0.18,0.41,0.72,0.26,0.76,0.7,0.5034058
0.17,0.5,0.71,0.29,0.73,0.7,0.5034059
0.18,0.45,0.74,0.3,0.76,0.71,0.5034059
0.18,0.45,0.74,0.25,0.72,0.7,0.5034062
0.18,0.47,0.74,0.3,0.76,0.7,0.5034062
0.17,0.43,0.73,0.23,0.75,0.7,0.5034063
0.16,0.49,0.75,0.28,0.75,0.7,0.5034064
0.17,0.46,0.74,0.25,0.75,0.7,0.5034064
0.17,0.5,0.72,0.3,0.74,0.7,0.5034064
0.17,0.44,0.72,0.29,0.75,0.71,0.5034066
0.17,0.43,0.73,0.27,0.73,0.7,0.5034067
0.18,0.41,0.73,0.26,0.76,0.71,0.5034067
0.18,0.48,0.7,0.28,0.76,0.7,0.5034067
0.16,0.43,0.74,0.27,0.75,0.72,0.5034068
0.16,0.45,0.73,0.3,0.74,0.7,0.5034068
0.17,0.45,0.75,0.28,0.74,0.72,0.5034068
0.18,0.42,0.73,0.23,0.72,0.7,0.5034068
0.18,0.48,0.75,0.27,0.72,0.7,0.5034068
0.18,0.49,0.71,0.22,0.73,0.7,0.5034068
0.18,0.43,0.71,0.28,0.76,0.72,0.5034069
0.18,0.46,0.73,0.3,0.74,0.71,0.5034069
0.16,0.41,0.72,0.26,0.74,0.7,0.503407
0.18,0.45,0.74,0.28,0.72,0.7,0.503407
0.16,0.42,0.71,0.28,0.76,0.71,0.5034071
0.18,0.45,0.75,0.27,0.74,0.71,0.5034071
0.18,0.42,0.72,0.26,0.74,0.71,0.5034072
0.17,0.42,0.73,0.27,0.76,0.7,0.5034073
0.17,0.45,0.74,0.29,0.76,0.7,0.5034073
0.17,0.4,0.72,0.21,0.75,0.7,0.5034074
0.16,0.44,0.74,0.24,0.75,0.7,0.5034075
0.17,0.43,0.74,0.24,0.72,0.7,0.5034075
0.17,0.46,0.75,0.26,0.72,0.7,0.5034075
0.18,0.42,0.74,0.25,0.74,0.71,0.5034076
0.16,0.42,0.71,0.26,0.72,0.7,0.5034077
0.16,0.42,0.75,0.25,0.73,0.71,0.5034077
0.16,0.44,0.73,0.27,0.73,0.72,0.5034079
0.16,0.47,0.75,0.26,0.75,0.7,0.5034079
0.17,0.4,0.71,0.25,0.75,0.71,0.5034079
0.17,0.45,0.71,0.29,0.73,0.71,0.5034079
0.18,0.46,0.75,0.23,0.73,0.71,0.5034079
0.18,0.47,0.71,0.23,0.76,0.7,0.5034079
0.18,0.46,0.74,0.22,0.76,0.71,0.503408
0.16,0.41,0.73,0.22,0.75,0.7,0.5034081
0.16,0.43,0.7,0.28,0.74,0.71,0.5034081
0.16,0.46,0.72,0.3,0.72,0.7,0.5034081
0.17,0.5,0.72,0.26,0.73,0.7,0.5034081
0.18,0.44,0.7,0.28,0.74,0.72,0.5034082
0.17,0.41,0.74,0.24,0.74,0.72,0.5034083
0.18,0.43,0.75,0.23,0.75,0.72,0.5034083
0.16,0.5,0.73,0.24,0.75,0.71,0.5034084
0.18,0.43,0.71,0.26,0.72,0.71,0.5034084
0.17,0.46,0.74,0.28,0.72,0.72,0.5034085
0.17,0.47,0.75,0.23,0.76,0.71,0.5034085
0.18,0.43,0.75,0.25,0.73,0.72,0.5034085
0.18,0.5,0.72,0.3,0.73,0.72,0.5034085
0.16,0.47,0.7,0.3,0.72,0.72,0.5034086
0.18,0.43,0.74,0.21,0.73,0.71,0.5034086
0.17,0.4,0.73,0.22,0.72,0.7,0.5034087
0.17,0.41,0.7,0.25,0.73,0.71,0.5034087
0.17,0.49,0.72,0.2,0.75,0.71,0.5034087
0.17,0.5,0.7,0.2,0.76,0.72,0.5034088
0.16,0.44,0.75,0.25,0.72,0.7,0.5034089
0.18,0.47,0.72,0.3,0.72,0.71,0.5034089
0.17,0.43,0.75,0.26,0.74,0.71,0.503409
0.16,0.43,0.74,0.28,0.76,0.7,0.5034091
0.17,0.44,0.74,0.21,0.76,0.71,0.5034092
0.17,0.44,0.75,0.22,0.73,0.71,0.5034092
0.17,0.42,0.73,0.24,0.72,0.72,0.5034093
0.18,0.5,0.7,0.23,0.72,0.7,0.5034093
0.16,0.46,0.75,0.3,0.76,0.7,0.5034094
0.18,0.43,0.73,0.2,0.76,0.71,0.5034094
0.16,0.41,0.74,0.23,0.72,0.7,0.5034096
0.16,0.4,0.73,0.26,0.76,0.7,0.5034097
0.16,0.5,0.74,0.29,0.74,0.7,0.5034097
0.16,0.45,0.75,0.22,0.76,0.71,0.5034098
0.16,0.49,0.75,0.24,0.74,0.7,0.5034098
0.18,0.5,0.71,0.29,0.75,0.71,0.5034099
0.17,0.47,0.74,0.21,0.74,0.7,0.5034101
0.18,0.46,0.73,0.2,0.74,0.7,0.5034101
0.17,0.48,0.72,0.27,0.76,0.7,0.5034102
0.18,0.48,0.7,0.24,0.75,0.7,0.5034102
0.17,0.41,0.75,0.22,0.75,0.72,0.5034103
0.17,0.48,0.74,0.2,0.74,0.7,0.5034103
0.18,0.4,0.74,0.21,0.75,0.72,0.5034104
0.16,0.4,0.72,0.23,0.73,0.72,0.5034105
0.16,0.42,0.75,0.21,0.73,0.71,0.5034109
0.16,0.48,0.75,0.22,0.74,0.7,0.5034109
0.17,0.41,0.74,0.2,0.73,0.71,0.503411
0.17,0.5,0.71,0.21,0.74,0.71,0.503411
0.16,0.45,0.74,0.2,0.74,0.7,0.5034112
0.17,0.5,0.72,0.3,0.72,0.71,0.5034112
0.16,0.42,0.74,0.2,0.76,0.71,0.5034113
0.17,0.49,0.73,0.21,0.73,0.7,0.5034117
0.16,0.5,0.74,0.25,0.73,0.7,0.5034123
0.17,0.47,0.73,0.22,0.76,0.7,0.5034128
0.17,0.43,0.73,0.29,0.76,0.7,0.5034131
0.18,0.5,0.75,0.2,0.75,0.72,0.5034133
0.17,0.49,0.71,0.28,0.75,0.7,0.5034136
0.18,0.43,0.75,0.27,0.76,0.72,0.5034136
0.18,0.5,0.7,0.28,0.72,0.71,0.5034136
0.17,0.44,0.72,0.29,0.74,0.7,0.503414
0.17,0.46,0.74,0.3,0.75,0.72,0.503414
0.17,0.5,0.72,0.22,0.72,0.7,0.503414
0.16,0.43,0.74,0.27,0.74,0.71,0.5034141
0.18,0.43,0.71,0.28,0.75,0.71,0.5034141
0.16,0.44,0.73,0.29,0.76,0.72,0.5034142
0.16,0.48,0.74,0.26,0.76,0.7,0.5034142
0.16,0.42,0.71,0.28,0.75,0.7,0.5034143
0.17,0.45,0.75,0.28,0.73,0.71,0.5034143
0.17,0.49,0.7,0.23,0.76,0.71,0.5034143
0.18,0.44,0.74,0.27,0.74,0.72,0.5034143
0.18,0.49,0.75,0.27,0.76,0.71,0.5034143
0.18,0.46,0.73,0.3,0.73,0.7,0.5034144
0.17,0.48,0.72,0.23,0.75,0.7,0.5034146
0.17,0.42,0.73,0.26,0.75,0.72,0.5034147
0.18,0.42,0.72,0.26,0.73,0.7,0.5034147
0.17,0.41,0.7,0.27,0.76,0.71,0.5034148
0.18,0.5,0.72,0.3,0.74,0.72,0.5034148
0.16,0.47,0.7,0.3,0.73,0.72,0.5034149
0.18,0.45,0.73,0.26,0.76,0.7,0.503415
0.17,0.4,0.71,0.25,0.74,0.7,0.5034152
0.17,0.45,0.71,0.29,0.72,0.7,0.5034153
0.18,0.42,0.72,0.24,0.76,0.7,0.5034153
0.16,0.43,0.7,0.28,0.73,0.7,0.5034154
0.16,0.44,0.73,0.27,0.72,0.71,0.5034154
0.16,0.45,0.72,0.29,0.74,0.72,0.5034154
0.18,0.44,0.7,0.28,0.73,0.71,0.5034154
0.17,0.43,0.72,0.26,0.73,0.72,0.5034157
0.17,0.41,0.74,0.24,0.73,0.71,0.5034158
0.18,0.49,0.71,0.3,0.72,0.7,0.5034158
0.16,0.4,0.72,0.25,0.76,0.72,0.5034159
0.17,0.41,0.7,0.25,0.72,0.7,0.5034159
0.17,0.47,0.73,0.3,0.73,0.72,0.5034159
0.16,0.5,0.73,0.2,0.74,0.71,0.503416
0.18,0.45,0.73,0.27,0.72,0.72,0.503416
0.17,0.43,0.73,0.25,0.76,0.7,0.5034164
0.17,0.46,0.74,0.27,0.76,0.7,0.5034164
0.18,0.45,0.74,0.27,0.73,0.7,0.5034165
0.16,0.5,0.71,0.27,0.76,0.71,0.5034168
0.16,0.41,0.71,0.25,0.74,0.72,0.5034169
0.18,0.42,0.73,0.25,0.73,0.7,0.503417
0.18,0.46,0.75,0.25,0.74,0.71,0.5034171
0.17,0.49,0.71,0.24,0.74,0.7,0.5034172
0.18,0.48,0.75,0.29,0.73,0.7,0.5034173
0.18,0.5,0.74,0.28,0.75,0.71,0.5034173
0.16,0.49,0.73,0.27,0.75,0.7,0.5034174
0.16,0.49,0.75,0.2,0.73,0.7,0.5034174
0.18,0.4,0.73,0.23,0.74,0.72,0.5034175
0.16,0.4,0.72,0.23,0.72,0.71,0.5034176
0.17,0.4,0.72,0.23,0.76,0.7,0.5034176
0.17,0.5,0.72,0.3,0.73,0.71,0.5034176
0.18,0.46,0.74,0.23,0.72,0.7,0.5034176
0.16,0.46,0.71,0.29,0.72,0.72,0.5034177
0.18,0.46,0.73,0.22,0.75,0.7,0.5034177
0.18,0.5,0.73,0.23,0.76,0.72,0.5034177
0.16,0.44,0.74,0.26,0.76,0.7,0.5034178
0.18,0.43,0.74,0.23,0.74,0.71,0.5034178
0.18,0.43,0.75,0.25,0.76,0.72,0.5034179
0.18,0.49,0.75,0.25,0.72,0.7,0.5034179
0.16,0.47,0.75,0.28,0.76,0.7,0.503418
0.17,0.47,0.74,0.23,0.75,0.7,0.5034181
0.18,0.48,0.7,0.2,0.74,0.7,0.5034181
0.17,0.43,0.74,0.26,0.73,0.7,0.5034183
0.17,0.46,0.75,0.28,0.73,0.7,0.5034183
0.18,0.43,0.73,0.21,0.72,0.7,0.5034183
0.18,0.45,0.75,0.29,0.75,0.71,0.5034184
0.17,0.44,0.75,0.24,0.74,0.71,0.5034185
0.17,0.47,0.75,0.24,0.72,0.7,0.5034185
0.16,0.41,0.73,0.24,0.76,0.7,0.5034186
0.16,0.42,0.7,0.25,0.72,0.72,0.5034187
0.18,0.41,0.72,0.23,0.72,0.72,0.5034187
0.17,0.44,0.73,0.21,0.75,0.7,0.5034188
0.17,0.44,0.74,0.22,0.72,0.7,0.5034188
0.16,0.49,0.72,0.22,0.76,0.71,0.5034191
0.16,0.5,0.74,0.21,0.72,0.7,0.5034191
0.18,0.43,0.72,0.2,0.75,0.7,0.5034191
0.16,0.48,0.75,0.24,0.75,0.7,0.5034193
0.18,0.49,0.75,0.23,0.75,0.71,0.5034193
0.16,0.45,0.74,0.22,0.75,0.7,0.5034194
0.17,0.41,0.74,0.22,0.74,0.71,0.5034195
0.16,0.45,0.75,0.23,0.72,0.7,0.5034197
0.18,0.4,0.73,0.21,0.74,0.71,0.5034197
0.16,0.48,0.74,0.22,0.75,0.7,0.5034198
0.18,0.4,0.74,0.23,0.76,0.72,0.5034199
0.18,0.44,0.75,0.21,0.75,0.72,0.50342
0.16,0.44,0.75,0.27,0.73,0.7,0.5034201
0.18,0.5,0.7,0.28,0.73,0.71,0.5034202
0.17,0.41,0.73,0.2,0.72,0.7,0.5034203
0.17,0.45,0.75,0.3,0.76,0.71,0.5034203
0.16,0.42,0.75,0.23,0.74,0.71,0.5034204
0.16,0.42,0.74,0.21,0.72,0.7,0.5034205
0.16,0.5,0.72,0.3,0.72,0.7,0.5034206
0.17,0.41,0.75,0.24,0.76,0.72,0.5034206
0.17,0.5,0.7,0.25,0.73,0.7,0.5034206
0.16,0.42,0.73,0.2,0.75,0.7,0.5034207
0.18,0.47,0.75,0.21,0.73,0.71,0.5034207
0.18,0.42,0.72,0.28,0.76,0.7,0.5034208
0.16,0.5,0.72,0.28,0.74,0.7,0.5034209
0.16,0.47,0.7,0.3,0.74,0.72,0.5034212
0.18,0.45,0.73,0.29,0.75,0.72,0.5034212
0.18,0.5,0.72,0.3,0.75,0.72,0.5034213
0.17,0.46,0.74,0.3,0.74,0.71,0.5034214
0.18,0.5,0.74,0.24,0.74,0.71,0.5034214
0.16,0.44,0.73,0.29,0.75,0.71,0.5034215
0.17,0.43,0.72,0.28,0.76,0.72,0.5034216
0.18,0.43,0.71,0.28,0.74,0.7,0.5034216
0.18,0.44,0.7,0.3,0.76,0.71,0.5034216
0.16,0.43,0.74,0.27,0.73,0.7,0.5034218
0.16,0.5,0.71,0.23,0.75,0.71,0.5034218
0.17,0.45,0.75,0.2,0.73,0.71,0.5034219
0.17,0.45,0.75,0.28,0.72,0.7,0.5034219
0.18,0.44,0.74,0.27,0.73,0.71,0.5034219
0.16,0.43,0.7,0.3,0.76,0.7,0.5034221
0.16,0.49,0.73,0.23,0.74,0.7,0.5034221
0.17,0.41,0.7,0.27,0.75,0.7,0.5034221
0.17,0.42,0.73,0.26,0.74,0.71,0.5034221
0.17,0.48,0.7,0.26,0.76,0.7,0.5034223
0.17,0.5,0.75,0.22,0.76,0.72,0.5034223
0.18,0.49,0.71,0.3,0.73,0.7,0.5034224
0.17,0.42,0.75,0.2,0.75,0.72,0.5034225
0.17,0.48,0.75,0.21,0.76,0.71,0.5034225
0.18,0.47,0.74,0.2,0.76,0.71,0.5034225
0.16,0.45,0.72,0.29,0.73,0.71,0.5034227
0.17,0.44,0.71,0.28,0.74,0.72,0.5034229
0.17,0.5,0.7,0.28,0.72,0.7,0.5034229
0.18,0.44,0.7,0.28,0.72,0.7,0.5034229
0.16,0.4,0.72,0.25,0.75,0.71,0.5034231
0.16,0.46,0.75,0.28,0.72,0.72,0.5034231
0.17,0.43,0.72,0.26,0.72,0.71,0.5034231
0.18,0.41,0.72,0.25,0.75,0.72,0.5034231
0.18,0.46,0.72,0.29,0.73,0.72,0.5034231
0.17,0.47,0.73,0.3,0.72,0.71,0.5034233
0.18,0.5,0.75,0.29,0.73,0.7,0.5034233
0.16,0.41,0.75,0.24,0.74,0.72,0.5034235
0.16,0.42,0.7,0.27,0.75,0.72,0.5034238
0.16,0.46,0.75,0.2,0.76,0.71,0.5034238
0.16,0.41,0.71,0.25,0.73,0.71,0.5034239
0.17,0.5,0.72,0.3,0.74,0.71,0.5034241
0.18,0.42,0.71,0.25,0.73,0.72,0.5034244
0.16,0.42,0.74,0.24,0.72,0.72,0.5034245
0.16,0.5,0.72,0.24,0.73,0.7,0.5034248
0.18,0.41,0.75,0.2,0.72,0.72,0.5034248
0.17,0.45,0.7,0.28,0.72,0.72,0.5034251
0.18,0.4,0.73,0.23,0.73,0.71,0.5034251
0.17,0.49,0.71,0.2,0.73,0.7,0.5034252
0.18,0.49,0.73,0.26,0.76,0.71,0.5034252
0.17,0.4,0.7,0.24,0.74,0.72,0.5034253
0.18,0.5,0.71,0.29,0.72,0.72,0.5034254
0.17,0.47,0.71,0.21,0.76,0.7,0.503426
0.16,0.48,0.72,0.25,0.76,0.7,0.5034262
0.18,0.46,0.73,0.24,0.76,0.7,0.5034263
0.18,0.5,0.75,0.25,0.72,0.7,0.5034265
0.18,0.46,0.74,0.25,0.73,0.7,0.5034268
0.18,0.5,0.7,0.28,0.74,0.71,0.5034268
0.18,0.46,0.75,0.27,0.75,0.71,0.503427
0.16,0.5,0.72,0.3,0.73,0.7,0.5034271
0.18,0.43,0.72,0.22,0.76,0.7,0.5034272
0.17,0.47,0.74,0.25,0.76,0.7,0.5034273
0.18,0.49,0.75,0.27,0.73,0.7,0.5034273
0.18,0.43,0.74,0.25,0.75,0.71,0.5034274
0.17,0.44,0.73,0.23,0.76,0.7,0.5034275
0.18,0.43,0.73,0.23,0.73,0.7,0.5034275
0.16,0.47,0.7,0.3,0.75,0.72,0.5034276
0.17,0.5,0.7,0.21,0.72,0.7,0.5034277
0.18,0.44,0.74,0.29,0.76,0.71,0.5034277
0.16,0.43,0.74,0.29,0.76,0.7,0.5034278
0.18,0.45,0.74,0.29,0.74,0.7,0.5034278
0.18,0.5,0.72,0.3,0.76,0.72,0.5034278
0.17,0.47,0.75,0.26,0.73,0.7,0.503428
0.17,0.44,0.74,0.24,0.73,0.7,0.5034281
0.17,0.48,0.7,0.22,0.75,0.7,0.5034282
0.18,0.5,0.72,0.27,0.75,0.71,0.5034285
0.16,0.45,0.74,0.24,0.76,0.7,0.5034286
0.16,0.46,0.75,0.3,0.75,0.72,0.5034286
0.17,0.44,0.75,0.26,0.75,0.71,0.5034286
0.17,0.41,0.72,0.21,0.76,0.7,0.5034287
0.18,0.44,0.75,0.23,0.76,0.72,0.5034287
0.18,0.45,0.73,0.29,0.74,0.71,0.5034287
0.18,0.47,0.75,0.23,0.74,0.71,0.5034287
0.16,0.44,0.73,0.29,0.74,0.7,0.5034289
0.17,0.43,0.72,0.28,0.75,0.71,0.5034289
0.17,0.44,0.75,0.27,0.74,0.72,0.503429
0.17,0.46,0.74,0.3,0.73,0.7,0.503429
0.18,0.44,0.7,0.3,0.75,0.7,0.503429
0.18,0.49,0.71,0.3,0.74,0.7,0.503429
0.18,0.4,0.71,0.2,0.76,0.7,0.5034291
0.18,0.4,0.73,0.23,0.75,0.71,0.5034291
0.17,0.41,0.73,0.22,0.73,0.7,0.5034292
0.18,0.4,0.72,0.21,0.73,0.7,0.5034293
0.16,0.42,0.73,0.22,0.76,0.7,0.5034294
0.16,0.45,0.75,0.25,0.73,0.7,0.5034295
0.17,0.49,0.75,0.25,0.76,0.71,0.5034295
0.18,0.42,0.71,0.27,0.76,0.72,0.5034295
0.18,0.44,0.74,0.27,0.72,0.7,0.5034295
0.18,0.5,0.74,0.2,0.73,0.71,0.5034295
0.16,0.42,0.74,0.26,0.75,0.72,0.5034296
0.16,0.49,0.71,0.26,0.75,0.7,0.5034296
0.18,0.44,0.74,0.21,0.74,0.71,0.5034296
0.17,0.42,0.73,0.26,0.73,0.7,0.5034297
0.17,0.46,0.75,0.3,0.74,0.7,0.5034297
0.16,0.41,0.71,0.27,0.76,0.71,0.5034298
0.17,0.41,0.74,0.24,0.75,0.71,0.5034298
0.17,0.5,0.7,0.28,0.73,0.7,0.5034298
0.17,0.45,0.75,0.22,0.74,0.71,0.50343
0.17,0.5,0.74,0.3,0.76,0.71,0.50343
0.16,0.42,0.74,0.23,0.73,0.7,0.5034301
0.17,0.44,0.71,0.28,0.73,0.71,0.5034302
0.18,0.48,0.74,0.21,0.76,0.71,0.5034302
0.16,0.45,0.72,0.29,0.72,0.7,0.5034303
0.16,0.47,0.74,0.3,0.73,0.72,0.5034304
0.17,0.45,0.74,0.27,0.72,0.72,0.5034304
0.16,0.4,0.72,0.25,0.74,0.7,0.5034305
0.17,0.45,0.7,0.3,0.75,0.72,0.5034305
0.18,0.41,0.72,0.25,0.74,0.71,0.5034305
0.16,0.43,0.73,0.26,0.73,0.72,0.5034306
0.17,0.42,0.75,0.22,0.76,0.72,0.5034306
0.18,0.41,0.74,0.21,0.76,0.72,0.5034306
0.18,0.46,0.72,0.29,0.72,0.71,0.5034306
0.17,0.5,0.72,0.3,0.75,0.71,0.5034307
0.18,0.47,0.74,0.21,0.72,0.7,0.5034307
0.18,0.49,0.74,0.27,0.74,0.7,0.5034307
0.16,0.42,0.7,0.27,0.74,0.71,0.5034309
0.18,0.43,0.7,0.27,0.74,0.72,0.5034309
0.16,0.42,0.75,0.25,0.75,0.71,0.503431
0.17,0.48,0.75,0.22,0.72,0.7,0.503431
0.16,0.41,0.75,0.24,0.73,0.71,0.5034311
0.18,0.5,0.71,0.22,0.76,0.72,0.5034311
0.16,0.41,0.71,0.25,0.72,0.7,0.5034312
0.16,0.47,0.73,0.2,0.76,0.7,0.5034313
0.18,0.5,0.71,0.29,0.73,0.72,0.5034317
0.17,0.42,0.74,0.2,0.74,0.71,0.5034318
0.17,0.45,0.74,0.2,0.72,0.7,0.5034318
0.18,0.42,0.71,0.25,0.72,0.71,0.5034318
0.18,0.42,0.75,0.24,0.73,0.72,0.5034318
0.18,0.49,0.73,0.22,0.75,0.71,0.5034318
0.16,0.46,0.75,0.21,0.72,0.7,0.503432
0.16,0.43,0.75,0.21,0.74,0.71,0.5034321
0.17,0.4,0.74,0.23,0.74,0.72,0.5034322
0.17,0.5,0.74,0.26,0.75,0.71,0.5034322
0.18,0.47,0.73,0.2,0.75,0.7,0.5034324
0.17,0.4,0.7,0.24,0.73,0.71,0.5034325
0.16,0.5,0.72,0.2,0.72,0.7,0.5034327
0.18,0.41,0.75,0.22,0.73,0.72,0.5034327
0.16,0.49,0.7,0.21,0.76,0.71,0.5034328
0.16,0.48,0.72,0.21,0.75,0.7,0.503433
0.16,0.5,0.7,0.27,0.74,0.7,0.5034332
0.17,0.41,0.73,0.23,0.72,0.72,0.5034333
0.16,0.46,0.74,0.2,0.75,0.7,0.5034336
0.16,0.5,0.72,0.3,0.74,0.7,0.5034337
0.18,0.5,0.7,0.28,0.75,0.71,0.5034337
0.16,0.4,0.75,0.21,0.76,0.72,0.5034339
0.16,0.47,0.7,0.3,0.76,0.72,0.5034339
0.18,0.5,0.73,0.28,0.73,0.7,0.5034339
0.18,0.5,0.72,0.23,0.74,0.71,0.503434
0.17,0.5,0.71,0.29,0.72,0.71,0.5034346
0.16,0.49,0.71,0.22,0.74,0.7,0.5034355
0.17,0.42,0.73,0.28,0.76,0.7,0.5034355
0.18,0.49,0.71,0.3,0.75,0.7,0.5034356
0.17,0.5,0.73,0.21,0.76,0.72,0.5034357
0.17,0.45,0.74,0.29,0.75,0.72,0.5034358
0.18,0.49,0.74,0.23,0.73,0.7,0.5034358
0.18,0.47,0.75,0.3,0.74,0.72,0.5034359
0.16,0.46,0.75,0.3,0.74,0.71,0.5034361
0.18,0.48,0.73,0.29,0.76,0.7,0.5034361
0.16,0.43,0.73,0.28,0.76,0.72,0.5034364
0.17,0.43,0.72,0.28,0.74,0.7,0.5034364
0.17,0.44,0.71,0.3,0.76,0.71,0.5034364
0.18,0.45,0.73,0.29,0.73,0.7,0.5034364
0.17,0.44,0.75,0.27,0.73,0.71,0.5034366
0.18,0.46,0.74,0.27,0.74,0.7,0.5034366
0.18,0.42,0.71,0.27,0.75,0.71,0.5034369
0.17,0.49,0.75,0.21,0.75,0.71,0.503437
0.18,0.43,0.74,0.26,0.74,0.72,0.503437
0.16,0.42,0.74,0.26,0.74,0.71,0.5034371
0.18,0.43,0.73,0.25,0.74,0.7,0.5034371
0.16,0.41,0.71,0.27,0.75,0.7,0.5034372
0.17,0.5,0.72,0.3,0.76,0.71,0.5034373
0.18,0.49,0.75,0.29,0.74,0.7,0.5034374
0.17,0.46,0.73,0.29,0.73,0.72,0.5034376
0.18,0.47,0.75,0.25,0.75,0.71,0.5034376
0.18,0.49,0.71,0.25,0.76,0.71,0.5034376
0.16,0.44,0.72,0.28,0.74,0.72,0.5034377
0.17,0.5,0.75,0.27,0.73,0.7,0.5034377
0.18,0.46,0.75,0.29,0.76,0.71,0.5034377
0.17,0.41,0.73,0.25,0.75,0.72,0.5034378
0.17,0.44,0.71,0.28,0.72,0.7,0.5034378
0.17,0.45,0.7,0.3,0.74,0.71,0.5034378
0.16,0.47,0.74,0.3,0.72,0.71,0.5034379
0.17,0.4,0.7,0.26,0.76,0.71,0.503438
0.18,0.5,0.73,0.24,0.72,0.7,0.503438
0.16,0.43,0.73,0.26,0.72,0.71,0.5034381
0.18,0.43,0.7,0.27,0.73,0.71,0.5034381
0.18,0.5,0.71,0.29,0.74,0.72,0.5034381
0.17,0.44,0.74,0.26,0.74,0.7,0.5034382
0.17,0.47,0.75,0.28,0.74,0.7,0.5034382
0.18,0.41,0.72,0.25,0.73,0.7,0.5034382
0.18,0.43,0.74,0.27,0.76,0.71,0.5034382
0.18,0.48,0.74,0.3,0.72,0.72,0.5034382
0.16,0.42,0.7,0.27,0.73,0.7,0.5034383
0.16,0.5,0.7,0.23,0.73,0.7,0.5034383
0.18,0.44,0.74,0.23,0.75,0.71,0.5034383
0.18,0.44,0.73,0.26,0.72,0.72,0.5034386
0.18,0.47,0.74,0.23,0.73,0.7,0.5034386
0.17,0.5,0.74,0.22,0.74,0.71,0.5034387
0.18,0.4,0.72,0.23,0.74,0.7,0.5034387
0.17,0.42,0.72,0.25,0.73,0.72,0.5034389
0.17,0.45,0.75,0.24,0.75,0.71,0.503439
0.18,0.48,0.73,0.25,0.75,0.7,0.5034391
0.18,0.49,0.7,0.29,0.72,0.7,0.5034392
0.17,0.41,0.73,0.24,0.74,0.7,0.5034393
0.16,0.48,0.7,0.24,0.76,0.7,0.5034394
0.17,0.48,0.75,0.24,0.73,0.7,0.5034394
0.17,0.44,0.75,0.28,0.76,0.71,0.5034396
0.18,0.44,0.73,0.21,0.73,0.7,0.5034396
0.18,0.4,0.73,0.25,0.76,0.71,0.5034397
0.16,0.45,0.71,0.28,0.72,0.72,0.5034398
0.16,0.45,0.75,0.27,0.74,0.7,0.5034398
0.17,0.4,0.74,0.23,0.73,0.71,0.5034398
0.17,0.45,0.74,0.22,0.73,0.7,0.5034398
0.18,0.49,0.72,0.3,0.75,0.7,0.5034398
0.17,0.4,0.7,0.24,0.72,0.7,0.50344
0.18,0.44,0.75,0.24,0.72,0.71,0.50344
0.18,0.41,0.73,0.21,0.75,0.71,0.5034401
0.17,0.42,0.74,0.22,0.75,0.71,0.5034403
0.16,0.42,0.74,0.25,0.74,0.7,0.5034405
0.16,0.4,0.71,0.24,0.74,0.72,0.5034407
0.16,0.46,0.75,0.23,0.73,0.7,0.5034408
0.16,0.5,0.75,0.2,0.76,0.72,0.5034408
0.17,0.41,0.74,0.26,0.76,0.71,0.5034408
0.17,0.45,0.73,0.21,0.76,0.7,0.5034408
0.18,0.5,0.7,0.26,0.75,0.71,0.5034409
0.16,0.43,0.75,0.23,0.75,0.71,0.503441
0.17,0.5,0.72,0.29,0.76,0.71,0.503441
0.17,0.5,0.71,0.29,0.73,0.71,0.5034411
0.16,0.46,0.74,0.22,0.76,0.7,0.5034412
0.18,0.45,0.75,0.21,0.76,0.72,0.5034412
0.17,0.42,0.73,0.2,0.73,0.7,0.5034414
0.18,0.44,0.72,0.2,0.76,0.7,0.5034414
0.17,0.49,0.73,0.24,0.76,0.71,0.5034418
0.16,0.43,0.74,0.21,0.73,0.7,0.5034419
0.18,0.49,0.72,0.26,0.74,0.7,0.5034419
0.16,0.42,0.75,0.27,0.76,0.71,0.5034421
0.17,0.42,0.75,0.23,0.72,0.71,0.5034421
0.18,0.41,0.74,0.22,0.72,0.71,0.5034421
0.17,0.44,0.75,0.29,0.76,0.71,0.5034423
0.18,0.48,0.75,0.21,0.74,0.71,0.5034424
0.16,0.41,0.7,0.24,0.72,0.72,0.5034425
0.16,0.43,0.73,0.2,0.76,0.7,0.5034428
0.17,0.5,0.75,0.23,0.72,0.7,0.5034429
0.17,0.49,0.74,0.29,0.75,0.7,0.503443
0.16,0.4,0.74,0.21,0.75,0.71,0.5034433
0.18,0.44,0.73,0.28,0.75,0.72,0.5034433
0.18,0.48,0.72,0.2,0.76,0.71,0.5034433
0.17,0.43,0.75,0.2,0.76,0.72,0.5034434
0.17,0.45,0.74,0.29,0.74,0.71,0.5034434
0.18,0.4,0.72,0.22,0.72,0.72,0.5034434
0.18,0.47,0.75,0.3,0.73,0.71,0.5034435
0.17,0.44,0.71,0.3,0.75,0.7,0.5034437
0.17,0.46,0.75,0.2,0.74,0.71,0.5034437
0.18,0.41,0.72,0.27,0.76,0.7,0.5034437
0.16,0.43,0.73,0.28,0.75,0.71,0.5034438
0.16,0.46,0.75,0.3,0.73,0.7,0.5034438
0.18,0.43,0.7,0.29,0.76,0.71,0.5034439
0.16,0.5,0.71,0.29,0.72,0.7,0.5034442
0.17,0.42,0.72,0.27,0.76,0.72,0.5034442
0.18,0.42,0.75,0.2,0.73,0.72,0.5034442
0.18,0.42,0.71,0.27,0.74,0.7,0.5034445
0.18,0.5,0.71,0.29,0.75,0.72,0.5034445
0.16,0.42,0.7,0.29,0.76,0.7,0.5034447
0.16,0.5,0.74,0.28,0.76,0.71,0.5034447
0.17,0.5,0.72,0.25,0.75,0.71,0.5034447
0.18,0.43,0.74,0.26,0.73,0.71,0.5034448
0.16,0.42,0.74,0.26,0.73,0.7,0.5034449
0.18,0.45,0.72,0.28,0.73,0.72,0.503445
0.16,0.44,0.72,0.28,0.73,0.71,0.5034451
0.17,0.45,0.7,0.3,0.73,0.7,0.5034451
0.17,0.46,0.73,0.29,0.72,0.71,0.5034451
0.16,0.45,0.71,0.3,0.75,0.72,0.5034452
0.16,0.45,0.75,0.27,0.72,0.72,0.5034453
0.17,0.41,0.73,0.25,0.74,0.71,0.5034453
0.18,0.49,0.71,0.21,0.75,0.71,0.5034453
0.17,0.4,0.7,0.26,0.75,0.7,0.5034454
0.18,0.5,0.71,0.27,0.73,0.7,0.5034454
0.17,0.43,0.71,0.27,0.74,0.72,0.5034455
0.17,0.49,0.75,0.2,0.72,0.7,0.5034455
0.16,0.4,0.75,0.22,0.72,0.71,0.5034457
0.18,0.43,0.7,0.27,0.72,0.7,0.5034458
0.18,0.49,0.7,0.29,0.73,0.7,0.5034458
0.17,0.49,0.74,0.25,0.74,0.7,0.5034461
0.17,0.42,0.72,0.25,0.72,0.71,0.5034464
0.17,0.5,0.72,0.3,0.72,0.72,0.5034465
0.18,0.4,0.72,0.24,0.75,0.72,0.5034466
0.16,0.49,0.75,0.23,0.76,0.71,0.5034467
0.18,0.48,0.73,0.21,0.74,0.7,0.5034467
0.17,0.5,0.73,0.3,0.74,0.7,0.5034468
0.16,0.41,0.7,0.26,0.75,0.72,0.503447
0.16,0.48,0.7,0.2,0.75,0.7,0.503447
0.18,0.47,0.75,0.27,0.76,0.71,0.5034471
0.18,0.46,0.74,0.29,0.75,0.7,0.5034473
0.18,0.48,0.71,0.28,0.76,0.7,0.5034473
0.16,0.4,0.75,0.23,0.74,0.72,0.5034474
0.16,0.46,0.7,0.3,0.73,0.72,0.5034475
0.18,0.44,0.74,0.25,0.76,0.71,0.5034475
0.18,0.47,0.74,0.25,0.74,0.7,0.5034475
0.17,0.44,0.7,0.27,0.72,0.72,0.5034476
0.17,0.5,0.71,0.29,0.74,0.71,0.5034476
0.18,0.5,0.7,0.22,0.74,0.71,0.5034476
0.18,0.43,0.73,0.27,0.75,0.7,0.5034477
0.16,0.4,0.71,0.24,0.73,0.71,0.5034478
0.18,0.41,0.71,0.24,0.73,0.72,0.503448
0.18,0.44,0.73,0.23,0.74,0.7,0.5034483
0.18,0.49,0.72,0.22,0.73,0.7,0.5034484
0.16,0.41,0.74,0.23,0.72,0.72,0.5034485
0.17,0.48,0.75,0.26,0.74,0.7,0.5034486
0.17,0.45,0.75,0.26,0.76,0.71,0.5034487
0.17,0.45,0.74,0.24,0.74,0.7,0.5034489
0.17,0.47,0.75,0.3,0.75,0.7,0.503449
0.17,0.5,0.73,0.26,0.73,0.7,0.503449
0.16,0.5,0.74,0.24,0.75,0.71,0.5034492
0.18,0.41,0.73,0.23,0.76,0.71,0.5034492
0.17,0.44,0.74,0.28,0.75,0.7,0.5034493
0.18,0.4,0.72,0.25,0.75,0.7,0.5034493
0.18,0.47,0.72,0.23,0.76,0.7,0.5034494
0.18,0.5,0.7,0.28,0.72,0.72,0.5034495
0.17,0.5,0.71,0.2,0.76,0.72,0.5034497
0.18,0.44,0.75,0.26,0.73,0.71,0.5034497
0.17,0.42,0.74,0.24,0.76,0.71,0.5034498
0.18,0.48,0.75,0.23,0.75,0.71,0.5034498
0.18,0.41,0.72,0.21,0.74,0.7,0.5034499
0.17,0.49,0.73,0.2,0.75,0.71,0.50345
0.18,0.43,0.74,0.28,0.76,0.71,0.50345
0.16,0.46,0.75,0.25,0.74,0.7,0.5034501
0.16,0.5,0.75,0.29,0.74,0.7,0.5034502
0.17,0.42,0.73,0.22,0.74,0.7,0.5034502
0.18,0.45,0.72,0.3,0.76,0.72,0.5034503
0.17,0.41,0.73,0.26,0.75,0.7,0.5034504
0.16,0.45,0.75,0.29,0.75,0.72,0.5034505
0.16,0.43,0.74,0.23,0.74,0.7,0.5034508
0.16,0.43,0.75,0.25,0.76,0.71,0.5034508
0.16,0.5,0.71,0.29,0.73,0.7,0.5034508
0.17,0.48,0.73,0.27,0.76,0.7,0.5034509
0.18,0.5,0.71,0.23,0.72,0.7,0.5034509
0.16,0.45,0.75,0.29,0.75,0.7,0.503451
0.17,0.46,0.75,0.22,0.75,0.71,0.503451
0.18,0.44,0.73,0.28,0.74,0.71,0.503451
0.16,0.44,0.72,0.3,0.76,0.71,0.5034511
0.18,0.45,0.74,0.21,0.75,0.71,0.5034511
0.18,0.49,0.71,0.3,0.72,0.71,0.5034511
0.18,0.5,0.71,0.29,0.76,0.72,0.5034511
0.17,0.45,0.74,0.29,0.73,0.7,0.5034512
0.18,0.45,0.75,0.22,0.72,0.71,0.5034513
0.18,0.47,0.75,0.3,0.72,0.7,0.5034513
0.16,0.43,0.73,0.28,0.74,0.7,0.5034514
0.18,0.43,0.7,0.29,0.75,0.7,0.5034514
0.18,0.48,0.71,0.24,0.75,0.7,0.5034515
0.16,0.42,0.74,0.27,0.75,0.7,0.5034516
0.17,0.42,0.72,0.27,0.75,0.71,0.5034517
0.17,0.43,0.75,0.26,0.74,0.72,0.5034517
0.18,0.42,0.75,0.22,0.74,0.72,0.5034519
0.16,0.46,0.74,0.29,0.73,0.72,0.5034521
0.18,0.46,0.71,0.3,0.74,0.72,0.5034521
0.17,0.5,0.72,0.21,0.74,0.71,0.5034523
0.18,0.49,0.7,0.29,0.74,0.7,0.5034524
0.16,0.45,0.71,0.3,0.74,0.71,0.5034525
0.17,0.48,0.75,0.3,0.72,0.72,0.5034525
0.18,0.41,0.71,0.26,0.76,0.72,0.5034525
0.17,0.49,0.75,0.22,0.73,0.7,0.5034526
0.18,0.48,0.74,0.21,0.73,0.7,0.5034526
0.17,0.5,0.72,0.3,0.73,0.72,0.5034527
0.18,0.45,0.72,0.28,0.72,0.71,0.5034527
0.16,0.4,0.73,0.21,0.74,0.7,0.5034528
0.16,0.41,0.74,0.25,0.75,0.72,0.5034528
0.17,0.43,0.71,0.27,0.73,0.71,0.5034528
0.17,0.44,0.7,0.29,0.75,0.72,0.5034528
0.16,0.4,0.74,0.23,0.76,0.71,0.5034529
0.16,0.44,0.72,0.28,0.72,0.7,0.5034529
0.17,0.43,0.74,0.2,0.75,0.71,0.503453
0.16,0.4,0.71,0.26,0.76,0.71,0.5034531
0.17,0.41,0.73,0.25,0.73,0.7,0.5034531
0.16,0.44,0.75,0.21,0.75,0.71,0.5034532
0.17,0.44,0.74,0.26,0.72,0.72,0.5034532
0.17,0.43,0.75,0.21,0.72,0.71,0.5034533
0.16,0.5,0.75,0.25,0.73,0.7,0.5034535
0.17,0.49,0.74,0.21,0.73,0.7,0.5034536
0.17,0.46,0.74,0.2,0.73,0.7,0.5034537
0.18,0.42,0.74,0.2,0.72,0.71,0.5034538
0.16,0.42,0.73,0.25,0.73,0.72,0.5034539
0.16,0.47,0.75,0.21,0.73,0.7,0.5034539
0.18,0.42,0.7,0.26,0.74,0.72,0.503454
0.17,0.5,0.71,0.29,0.75,0.71,0.5034542
0.16,0.41,0.7,0.26,0.74,0.71,0.5034543
0.17,0.49,0.72,0.28,0.75,0.7,0.5034543
0.18,0.4,0.72,0.24,0.74,0.71,0.5034544
0.18,0.49,0.7,0.25,0.74,0.7,0.5034544
0.16,0.46,0.7,0.3,0.72,0.71,0.5034548
0.18,0.47,0.7,0.3,0.72,0.72,0.5034549
0.16,0.48,0.75,0.26,0.76,0.7,0.5034551
0.17,0.49,0.71,0.23,0.76,0.71,0.5034552
0.16,0.4,0.71,0.24,0.72,0.7,0.5034553
0.17,0.5,0.73,0.22,0.72,0.7,0.5034555
0.17,0.4,0.75,0.21,0.74,0.72,0.5034556
0.18,0.41,0.71,0.24,0.72,0.71,0.5034556
0.18,0.41,0.75,0.23,0.73,0.72,0.5034557
0.18,0.5,0.7,0.28,0.73,0.72,0.5034558
0.16,0.5,0.72,0.3,0.72,0.71,0.5034559
0.17,0.48,0.73,0.23,0.75,0.7,0.5034561
0.16,0.41,0.75,0.2,0.72,0.71,0.5034568
0.16,0.5,0.72,0.27,0.76,0.71,0.5034568
0.18,0.47,0.74,0.27,0.75,0.7,0.503457
0.18,0.49,0.71,0.3,0.73,0.71,0.5034573
0.16,0.5,0.74,0.2,0.74,0.71,0.5034574
0.18,0.44,0.73,0.25,0.75,0.7,0.5034574
0.18,0.5,0.75,0.28,0.75,0.71,0.5034574
0.16,0.5,0.71,0.29,0.74,0.7,0.5034575
0.18,0.46,0.75,0.29,0.74,0.72,0.5034576
0.18,0.45,0.72,0.3,0.75,0.71,0.5034578
0.17,0.44,0.74,0.28,0.75,0.72,0.5034579
0.17,0.5,0.71,0.29,0.74,0.7,0.5034579
0.18,0.5,0.74,0.23,0.76,0.72,0.503458
0.16,0.49,0.74,0.27,0.75,0.7,0.5034581
0.17,0.4,0.73,0.22,0.72,0.72,0.5034581
0.17,0.5,0.7,0.24,0.75,0.71,0.5034581
0.18,0.48,0.75,0.25,0.76,0.71,0.5034581
0.16,0.45,0.75,0.29,0.74,0.71,0.5034582
0.17,0.48,0.75,0.28,0.75,0.7,0.5034583
0.16,0.44,0.72,0.3,0.75,0.7,0.5034585
0.17,0.45,0.74,0.26,0.75,0.7,0.5034585
0.17,0.49,0.72,0.24,0.74,0.7,0.5034585
0.17,0.43,0.71,0.29,0.76,0.71,0.5034587
0.17,0.5,0.7,0.28,0.72,0.71,0.5034587
0.18,0.44,0.73,0.28,0.73,0.7,0.5034588
0.17,0.5,0.72,0.3,0.74,0.72,0.5034589
0.18,0.45,0.74,0.23,0.76,0.71,0.5034589
0.18,0.47,0.75,0.28,0.72,0.7,0.503459
0.16,0.42,0.73,0.27,0.76,0.72,0.5034591
0.18,0.41,0.72,0.23,0.75,0.7,0.5034592
0.18,0.49,0.7,0.29,0.75,0.7,0.5034592
0.17,0.42,0.72,0.27,0.74,0.7,0.5034594
0.18,0.44,0.74,0.26,0.72,0.7,0.5034595
0.17,0.42,0.73,0.24,0.75,0.7,0.5034596
0.17,0.43,0.75,0.26,0.73,0.71,0.5034596
0.17,0.45,0.73,0.28,0.73,0.72,0.5034596
0.17,0.46,0.75,0.24,0.76,0.71,0.5034596
0.16,0.46,0.75,0.27,0.75,0.7,0.5034597
0.16,0.46,0.74,0.29,0.72,0.71,0.5034598
0.18,0.46,0.71,0.3,0.73,0.71,0.5034598
0.18,0.47,0.74,0.29,0.72,0.72,0.5034598
0.16,0.45,0.71,0.3,0.73,0.7,0.50346
0.16,0.49,0.73,0.22,0.76,0.71,0.50346
0.18,0.48,0.74,0.23,0.74,0.7,0.50346
0.17,0.44,0.7,0.29,0.74,0.71,0.5034601
0.18,0.41,0.71,0.26,0.75,0.71,0.5034601
0.18,0.42,0.74,0.25,0.74,0.72,0.5034601
0.18,0.45,0.75,0.24,0.73,0.71,0.5034601
0.18,0.48,0.71,0.2,0.74,0.7,0.5034601
0.16,0.43,0.72,0.27,0.74,0.72,0.5034604
0.16,0.41,0.74,0.25,0.74,0.71,0.5034605
0.17,0.49,0.71,0.3,0.72,0.7,0.5034605
0.16,0.43,0.74,0.25,0.75,0.7,0.5034606
0.17,0.43,0.71,0.27,0.72,0.7,0.5034606
0.17,0.45,0.75,0.27,0.72,0.7,0.5034606
0.16,0.4,0.71,0.26,0.75,0.7,0.5034607
0.17,0.5,0.71,0.29,0.76,0.71,0.5034609
0.16,0.5,0.75,0.21,0.72,0.7,0.503461
0.17,0.43,0.74,0.22,0.76,0.71,0.503461
0.17,0.46,0.74,0.22,0.74,0.7,0.503461
0.18,0.42,0.73,0.21,0.76,0.71,0.503461
0.18,0.42,0.75,0.24,0.75,0.72,0.503461
0.18,0.45,0.73,0.21,0.74,0.7,0.5034613
0.17,0.4,0.73,0.24,0.75,0.72,0.5034614
0.18,0.42,0.7,0.26,0.73,0.71,0.5034614
0.16,0.42,0.73,0.25,0.72,0.71,0.5034615
0.16,0.5,0.73,0.28,0.74,0.7,0.5034615
0.17,0.5,0.71,0.25,0.73,0.7,0.5034615
0.16,0.44,0.75,0.23,0.76,0.71,0.5034616
0.18,0.41,0.73,0.24,0.72,0.7,0.5034616
0.16,0.41,0.7,0.26,0.73,0.7,0.5034617
0.16,0.47,0.75,0.23,0.74,0.7,0.5034618
0.18,0.42,0.74,0.22,0.73,0.71,0.5034618
0.18,0.43,0.73,0.25,0.72,0.72,0.5034618
0.17,0.43,0.75,0.23,0.73,0.71,0.503462
0.17,0.42,0.74,0.25,0.72,0.7,0.5034621
0.18,0.5,0.7,0.28,0.74,0.72,0.5034621
0.16,0.5,0.72,0.3,0.73,0.71,0.5034622
0.18,0.4,0.72,0.24,0.73,0.7,0.5034622
0.18,0.49,0.7,0.21,0.73,0.7,0.5034622
0.18,0.5,0.75,0.24,0.74,0.71,0.5034622
0.16,0.44,0.71,0.27,0.72,0.72,0.5034625
0.16,0.5,0.72,0.23,0.75,0.71,0.5034626
0.16,0.4,0.73,0.23,0.75,0.7,0.5034627
0.17,0.41,0.72,0.24,0.73,0.72,0.5034627
0.18,0.47,0.7,0.22,0.76,0.7,0.5034627
0.16,0.44,0.74,0.21,0.74,0.7,0.5034631
0.17,0.43,0.73,0.2,0.74,0.7,0.5034631
0.17,0.48,0.71,0.26,0.76,0.7,0.5034631
0.16,0.43,0.75,0.26,0.72,0.7,0.5034634
0.16,0.49,0.74,0.23,0.74,0.7,0.5034634
0.18,0.49,0.71,0.3,0.74,0.71,0.5034637
0.16,0.41,0.74,0.21,0.76,0.71,0.5034638
0.17,0.4,0.73,0.2,0.76,0.71,0.5034641
0.18,0.43,0.75,0.2,0.74,0.72,0.5034642
0.18,0.44,0.73,0.3,0.76,0.7,0.5034644
0.18,0.46,0.75,0.2,0.72,0.71,0.5034644
0.17,0.4,0.75,0.23,0.75,0.72,0.5034645
0.16,0.41,0.75,0.22,0.73,0.71,0.5034647
0.17,0.45,0.73,0.3,0.76,0.72,0.5034648
0.17,0.4,0.74,0.21,0.73,0.71,0.503465
0.17,0.5,0.7,0.28,0.73,0.71,0.5034652
0.17,0.5,0.72,0.3,0.75,0.72,0.5034652
0.17,0.47,0.75,0.2,0.75,0.71,0.5034654
0.18,0.46,0.75,0.29,0.73,0.71,0.5034654
0.18,0.45,0.72,0.3,0.74,0.7,0.5034656
0.18,0.49,0.74,0.26,0.76,0.71,0.5034656
0.17,0.44,0.74,0.28,0.74,0.71,0.5034657
0.18,0.43,0.73,0.27,0.75,0.72,0.5034659
0.16,0.45,0.75,0.29,0.73,0.7,0.503466
0.16,0.5,0.73,0.24,0.73,0.7,0.503466
0.17,0.43,0.71,0.29,0.75,0.7,0.5034662
0.17,0.49,0.7,0.27,0.75,0.7,0.5034664
0.17,0.46,0.72,0.3,0.74,0.72,0.5034665
0.16,0.42,0.73,0.27,0.75,0.71,0.5034666
0.17,0.5,0.7,0.2,0.74,0.71,0.5034666
0.18,0.42,0.7,0.28,0.76,0.71,0.5034666
0.16,0.4,0.7,0.23,0.72,0.72,0.5034667
0.16,0.48,0.73,0.25,0.76,0.7,0.5034669
0.17,0.49,0.71,0.3,0.73,0.7,0.5034669
0.17,0.49,0.72,0.2,0.73,0.7,0.503467
0.18,0.47,0.74,0.29,0.76,0.7,0.503467
0.16,0.49,0.72,0.3,0.76,0.7,0.5034673
0.17,0.41,0.72,0.26,0.76,0.72,0.5034674
0.17,0.45,0.73,0.28,0.72,0.71,0.5034674
0.16,0.44,0.71,0.29,0.75,0.72,0.5034675
0.18,0.44,0.73,0.27,0.76,0.7,0.5034675
0.16,0.41,0.7,0.28,0.76,0.7,0.5034676
0.17,0.47,0.72,0.21,0.76,0.7,0.5034676
0.18,0.44,0.72,0.27,0.73,0.72,0.5034676
0.18,0.46,0.71,0.3,0.72,0.7,0.5034676
0.17,0.44,0.7,0.29,0.73,0.7,0.5034677
0.18,0.41,0.71,0.26,0.74,0.7,0.5034678
0.16,0.43,0.72,0.27,0.73,0.71,0.5034679
0.16,0.44,0.75,0.26,0.72,0.72,0.5034682
0.18,0.42,0.74,0.25,0.73,0.71,0.5034683
0.16,0.41,0.74,0.25,0.73,0.7,0.5034684
0.16,0.5,0.72,0.3,0.74,0.71,0.5034685
0.17,0.48,0.75,0.3,0.76,0.7,0.5034685
0.16,0.5,0.7,0.28,0.72,0.7,0.5034686
0.18,0.5,0.7,0.28,0.75,0.72,0.5034686
0.17,0.42,0.71,0.26,0.74,0.72,0.5034687
0.17,0.45,0.74,0.28,0.76,0.7,0.5034688
0.18,0.5,0.73,0.27,0.75,0.71,0.5034688
0.18,0.45,0.73,0.23,0.75,0.7,0.503469
0.17,0.4,0.73,0.24,0.74,0.71,0.5034691
0.18,0.45,0.75,0.26,0.74,0.71,0.5034691
0.18,0.41,0.72,0.25,0.76,0.7,0.5034692
0.18,0.42,0.7,0.26,0.72,0.7,0.5034692
0.18,0.48,0.75,0.26,0.72,0.7,0.5034693
0.17,0.47,0.71,0.3,0.72,0.72,0.5034694
0.18,0.47,0.75,0.3,0.73,0.7,0.5034694
0.17,0.5,0.71,0.21,0.72,0.7,0.5034695
0.17,0.48,0.71,0.22,0.75,0.7,0.5034696
0.16,0.45,0.7,0.29,0.73,0.72,0.5034697
0.17,0.46,0.74,0.24,0.75,0.7,0.5034697
0.17,0.5,0.75,0.3,0.76,0.71,0.5034697
0.17,0.42,0.73,0.26,0.76,0.7,0.5034701
0.18,0.45,0.74,0.24,0.72,0.7,0.5034701
0.18,0.49,0.71,0.3,0.75,0.71,0.5034701
0.16,0.49,0.72,0.26,0.75,0.7,0.5034702
0.16,0.5,0.7,0.26,0.76,0.71,0.5034702
0.17,0.5,0.71,0.29,0.72,0.72,0.5034702
0.16,0.46,0.75,0.29,0.76,0.7,0.5034703
0.17,0.41,0.72,0.24,0.72,0.71,0.5034703
0.16,0.47,0.75,0.25,0.75,0.7,0.5034707
0.17,0.46,0.75,0.25,0.72,0.7,0.5034707
0.16,0.4,0.7,0.25,0.75,0.72,0.5034708
0.17,0.43,0.7,0.26,0.72,0.72,0.5034709
0.18,0.42,0.74,0.24,0.74,0.71,0.5034709
0.17,0.43,0.73,0.22,0.75,0.7,0.503471
0.18,0.5,0.75,0.2,0.73,0.71,0.503471
0.18,0.42,0.72,0.21,0.75,0.7,0.5034712
0.18,0.42,0.75,0.26,0.76,0.72,0.5034712
0.16,0.43,0.74,0.27,0.76,0.7,0.5034713
0.16,0.44,0.74,0.23,0.75,0.7,0.5034716
0.17,0.43,0.75,0.25,0.74,0.71,0.5034716
0.17,0.5,0.72,0.3,0.76,0.72,0.5034716
0.18,0.5,0.72,0.22,0.76,0.72,0.5034716
0.18,0.46,0.75,0.22,0.73,0.71,0.5034718
0.17,0.5,0.7,0.28,0.74,0.71,0.5034719
0.18,0.42,0.73,0.22,0.72,0.7,0.503472
0.18,0.43,0.75,0.22,0.75,0.72,0.503472
0.17,0.49,0.7,0.23,0.74,0.7,0.5034721
0.17,0.43,0.74,0.23,0.72,0.7,0.5034722
0.17,0.47,0.75,0.22,0.76,0.71,0.5034722
0.18,0.4,0.71,0.23,0.73,0.72,0.5034724
0.17,0.45,0.73,0.3,0.75,0.71,0.5034725
0.18,0.44,0.72,0.29,0.76,0.72,0.5034725
0.17,0.5,0.75,0.26,0.75,0.71,0.5034726
0.18,0.46,0.74,0.21,0.76,0.71,0.5034726
0.16,0.44,0.75,0.28,0.75,0.72,0.5034727
0.16,0.44,0.75,0.24,0.72,0.7,0.5034729
0.18,0.49,0.74,0.22,0.75,0.71,0.5034729
0.16,0.4,0.73,0.25,0.76,0.7,0.5034733
0.16,0.4,0.74,0.22,0.72,0.72,0.5034733
0.16,0.47,0.74,0.2,0.76,0.7,0.5034733
0.17,0.49,0.71,0.3,0.74,0.7,0.5034734
0.16,0.43,0.72,0.29,0.76,0.71,0.5034735
0.17,0.44,0.74,0.28,0.73,0.7,0.5034737
0.18,0.43,0.73,0.27,0.74,0.71,0.5034737
0.16,0.41,0.73,0.21,0.75,0.7,0.5034738
0.16,0.5,0.71,0.27,0.74,0.7,0.5034738
0.17,0.4,0.72,0.2,0.75,0.7,0.5034739
0.16,0.49,0.71,0.21,0.76,0.71,0.503474
0.17,0.44,0.75,0.21,0.73,0.71,0.503474
0.18,0.43,0.74,0.2,0.73,0.71,0.503474
0.17,0.4,0.74,0.23,0.74,0.71,0.5034741
0.17,0.46,0.72,0.3,0.73,0.71,0.5034742
0.18,0.45,0.71,0.29,0.74,0.72,0.5034742
0.17,0.47,0.75,0.29,0.72,0.72,0.5034743
0.18,0.42,0.7,0.28,0.75,0.7,0.5034743
0.16,0.42,0.73,0.27,0.74,0.7,0.5034744
0.16,0.45,0.74,0.28,0.73,0.72,0.5034744
0.16,0.45,0.75,0.21,0.76,0.71,0.5034744
0.18,0.5,0.74,0.28,0.73,0.7,0.5034745
0.16,0.48,0.73,0.21,0.75,0.7,0.5034746
0.16,0.5,0.73,0.2,0.72,0.7,0.5034746
0.17,0.44,0.74,0.2,0.76,0.71,0.5034747
0.16,0.41,0.74,0.22,0.72,0.7,0.5034748
0.16,0.41,0.75,0.24,0.74,0.71,0.5034748
0.17,0.4,0.73,0.21,0.72,0.7,0.5034748
0.18,0.49,0.7,0.29,0.72,0.71,0.5034748
0.17,0.41,0.75,0.21,0.75,0.72,0.5034749
0.17,0.42,0.75,0.25,0.74,0.72,0.5034749
0.18,0.5,0.73,0.23,0.74,0.71,0.5034749
0.16,0.44,0.71,0.29,0.74,0.71,0.503475
0.16,0.5,0.72,0.3,0.75,0.71,0.503475
0.17,0.41,0.72,0.26,0.75,0.71,0.503475
0.16,0.5,0.7,0.28,0.73,0.7,0.5034753
0.18,0.5,0.7,0.28,0.76,0.72,0.5034753
0.17,0.43,0.7,0.28,0.75,0.72,0.5034754
0.18,0.44,0.72,0.27,0.72,0.71,0.5034755
0.16,0.48,0.75,0.21,0.74,0.7,0.5034757
0.17,0.47,0.74,0.2,0.74,0.7,0.5034757
0.16,0.43,0.72,0.27,0.72,0.7,0.5034758
0.18,0.4,0.74,0.2,0.75,0.72,0.503476
0.17,0.42,0.71,0.26,0.73,0.71,0.5034761
0.18,0.4,0.71,0.25,0.76,0.72,0.5034761
0.17,0.5,0.74,0.21,0.76,0.72,0.5034762
0.17,0.43,0.74,0.25,0.72,0.72,0.5034763
0.17,0.5,0.71,0.29,0.73,0.72,0.5034763
0.18,0.48,0.74,0.29,0.76,0.7,0.5034765
0.18,0.49,0.71,0.3,0.76,0.71,0.5034765
0.16,0.4,0.74,0.24,0.75,0.72,0.5034766
0.16,0.5,0.7,0.22,0.75,0.71,0.5034767
0.16,0.42,0.75,0.2,0.73,0.71,0.5034769
0.16,0.49,0.72,0.22,0.74,0.7,0.503477
0.18,0.46,0.7,0.29,0.72,0.72,0.503477
0.17,0.4,0.73,0.24,0.73,0.7,0.5034771
0.16,0.45,0.7,0.29,0.72,0.71,0.5034772
0.18,0.41,0.7,0.25,0.74,0.72,0.5034776
0.16,0.41,0.73,0.24,0.73,0.72,0.5034778
0.18,0.45,0.73,0.25,0.76,0.7,0.5034779
0.18,0.49,0.72,0.25,0.76,0.71,0.5034779
0.16,0.4,0.7,0.25,0.74,0.71,0.5034782
0.17,0.5,0.7,0.28,0.75,0.71,0.5034786
0.18,0.48,0.75,0.28,0.73,0.7,0.5034788
0.17,0.46,0.74,0.26,0.76,0.7,0.5034789
0.17,0.44,0.74,0.3,0.76,0.7,0.503479
0.18,0.4,0.75,0.21,0.72,0.72,0.5034792
0.18,0.45,0.74,0.26,0.73,0.7,0.5034792
0.18,0.5,0.74,0.24,0.72,0.7,0.5034793
0.16,0.45,0.74,0.3,0.76,0.72,0.5034794
0.18,0.45,0.75,0.28,0.75,0.71,0.5034794
0.16,0.5,0.71,0.23,0.73,0.7,0.5034797
0.16,0.5,0.71,0.29,0.72,0.71,0.5034797
0.18,0.42,0.72,0.23,0.76,0.7,0.5034797
0.17,0.5,0.75,0.22,0.74,0.71,0.5034798
0.18,0.45,0.75,0.28,0.74,0.72,0.5034798
0.16,0.47,0.75,0.27,0.76,0.7,0.5034799
0.17,0.49,0.71,0.3,0.75,0.7,0.5034799
0.18,0.4,0.71,0.23,0.72,0.71,0.50348
0.18,0.49,0.73,0.3,0.75,0.7,0.50348
0.17,0.43,0.73,0.24,0.76,0.7,0.5034801
0.18,0.44,0.72,0.29,0.75,0.71,0.5034802
0.18,0.46,0.75,0.24,0.74,0.71,0.5034802
0.17,0.45,0.73,0.3,0.74,0.7,0.5034803
0.17,0.46,0.75,0.27,0.73,0.7,0.5034803
0.18,0.48,0.74,0.25,0.75,0.7,0.5034803
0.16,0.48,0.71,0.24,0.76,0.7,0.5034804
0.16,0.44,0.75,0.28,0.74,0.71,0.5034806
0.17,0.43,0.74,0.27,0.75,0.72,0.5034806
0.18,0.43,0.75,0.24,0.76,0.72,0.5034807
0.16,0.44,0.74,0.25,0.76,0.7,0.5034809
0.17,0.5,0.73,0.29,0.76,0.71,0.503481
0.18,0.42,0.74,0.26,0.75,0.71,0.503481
0.18,0.49,0.7,0.29,0.73,0.71,0.503481
0.16,0.43,0.72,0.29,0.75,0.7,0.5034811
0.16,0.46,0.73,0.3,0.74,0.72,0.5034811
0.18,0.42,0.73,0.24,0.73,0.7,0.5034811
0.18,0.49,0.75,0.24,0.72,0.7,0.5034811
0.18,0.5,0.71,0.26,0.75,0.71,0.5034811
0.17,0.42,0.71,0.28,0.76,0.71,0.5034814
0.16,0.5,0.72,0.3,0.76,0.71,0.5034816
0.17,0.43,0.74,0.25,0.73,0.7,0.5034817
0.18,0.43,0.73,0.27,0.73,0.7,0.5034817
0.17,0.47,0.7,0.2,0.76,0.7,0.5034819
0.18,0.46,0.74,0.28,0.72,0.72,0.5034819
0.18,0.45,0.71,0.29,0.73,0.71,0.503482
0.16,0.5,0.7,0.28,0.74,0.7,0.5034821
0.17,0.43,0.75,0.27,0.75,0.71,0.5034821
0.17,0.44,0.73,0.27,0.73,0.72,0.5034821
0.18,0.43,0.74,0.22,0.74,0.71,0.5034821
0.16,0.45,0.74,0.28,0.72,0.71,0.5034822
0.17,0.46,0.72,0.3,0.72,0.7,0.5034822
0.18,0.46,0.74,0.22,0.72,0.7,0.5034822
0.16,0.41,0.73,0.26,0.76,0.72,0.5034823
0.17,0.44,0.75,0.23,0.74,0.71,0.5034823
0.17,0.4,0.72,0.22,0.76,0.7,0.5034824
0.17,0.47,0.74,0.22,0.75,0.7,0.5034824
0.17,0.47,0.75,0.23,0.72,0.7,0.5034824
0.17,0.49,0.74,0.24,0.76,0.71,0.5034824
0.17,0.5,0.71,0.29,0.74,0.72,0.5034826
0.16,0.44,0.71,0.29,0.73,0.7,0.5034827
0.18,0.49,0.73,0.26,0.74,0.7,0.5034827
0.16,0.44,0.75,0.26,0.73,0.7,0.5034828
0.18,0.46,0.73,0.21,0.75,0.7,0.5034828
0.17,0.41,0.72,0.26,0.74,0.7,0.5034829
0.17,0.43,0.7,0.28,0.74,0.71,0.5034829
0.16,0.41,0.73,0.23,0.76,0.7,0.503483
0.17,0.42,0.75,0.25,0.73,0.71,0.503483
0.16,0.48,0.75,0.23,0.75,0.7,0.5034831
0.17,0.49,0.75,0.29,0.75,0.7,0.5034833
0.16,0.42,0.72,0.26,0.74,0.72,0.5034837
0.16,0.49,0.7,0.25,0.75,0.7,0.5034837
0.17,0.41,0.75,0.23,0.76,0.72,0.5034837
0.18,0.4,0.71,0.25,0.75,0.71,0.5034838
0.18,0.4,0.74,0.22,0.76,0.72,0.5034838
0.18,0.41,0.74,0.24,0.74,0.72,0.5034839
0.16,0.47,0.72,0.3,0.72,0.72,0.503484
0.17,0.4,0.73,0.23,0.73,0.7,0.503484
0.17,0.42,0.71,0.26,0.72,0.7,0.503484
0.17,0.44,0.74,0.21,0.72,0.7,0.5034842
0.18,0.43,0.73,0.2,0.72,0.7,0.5034842
0.16,0.4,0.74,0.24,0.74,0.71,0.5034844
0.17,0.49,0.7,0.29,0.72,0.7,0.5034844
0.16,0.45,0.74,0.21,0.75,0.7,0.5034846
0.16,0.45,0.75,0.22,0.72,0.7,0.5034846
0.16,0.5,0.75,0.28,0.76,0.71,0.5034847
0.18,0.48,0.73,0.2,0.76,0.71,0.5034847
0.16,0.41,0.74,0.24,0.73,0.7,0.5034848
0.16,0.42,0.75,0.22,0.74,0.71,0.5034849
0.17,0.41,0.74,0.21,0.74,0.71,0.5034849
0.18,0.44,0.75,0.2,0.75,0.72,0.5034849
0.17,0.44,0.73,0.2,0.75,0.7,0.503485
0.17,0.5,0.73,0.25,0.75,0.71,0.503485
0.18,0.41,0.7,0.25,0.73,0.71,0.5034853
0.16,0.41,0.73,0.24,0.72,0.71,0.5034854
0.17,0.5,0.7,0.28,0.76,0.71,0.5034854
0.18,0.42,0.73,0.24,0.72,0.72,0.5034856
0.16,0.43,0.71,0.26,0.72,0.72,0.5034858
0.18,0.4,0.73,0.2,0.74,0.71,0.5034858
0.18,0.47,0.75,0.2,0.73,0.71,0.5034858
0.18,0.5,0.7,0.21,0.76,0.72,0.5034858
0.16,0.4,0.7,0.25,0.73,0.7,0.5034859
0.16,0.5,0.71,0.29,0.73,0.71,0.503486
0.18,0.5,0.72,0.27,0.73,0.7,0.5034861
0.18,0.46,0.74,0.3,0.75,0.72,0.5034862
0.18,0.49,0.72,0.21,0.75,0.71,0.5034864
0.18,0.49,0.71,0.3,0.72,0.72,0.5034865
0.17,0.5,0.74,0.3,0.74,0.7,0.5034869
0.18,0.43,0.73,0.29,0.76,0.7,0.5034869
0.16,0.42,0.74,0.2,0.72,0.7,0.503487
0.17,0.4,0.72,0.23,0.73,0.72,0.503487
0.16,0.45,0.74,0.3,0.75,0.71,0.5034871
0.17,0.44,0.73,0.29,0.76,0.72,0.5034871
0.17,0.48,0.75,0.2,0.76,0.71,0.5034871
0.17,0.49,0.75,0.25,0.74,0.7,0.5034873
0.18,0.49,0.7,0.29,0.74,0.71,0.5034874
0.18,0.45,0.75,0.28,0.73,0.71,0.5034877
0.18,0.48,0.72,0.28,0.76,0.7,0.5034877
0.18,0.44,0.72,0.29,0.74,0.7,0.5034881
0.18,0.47,0.73,0.3,0.73,0.72,0.5034885
0.16,0.44,0.75,0.28,0.73,0.7,0.5034886
0.17,0.43,0.74,0.27,0.74,0.71,0.5034886
0.18,0.48,0.75,0.3,0.74,0.7,0.5034887
0.18,0.5,0.71,0.22,0.74,0.71,0.5034887
0.16,0.48,0.71,0.2,0.75,0.7,0.5034888
0.17,0.45,0.72,0.29,0.74,0.72,0.5034888
0.16,0.46,0.73,0.3,0.73,0.71,0.5034889
0.17,0.5,0.71,0.29,0.75,0.72,0.5034889
0.18,0.46,0.75,0.26,0.75,0.71,0.503489
0.18,0.42,0.73,0.26,0.75,0.72,0.5034891
0.17,0.42,0.71,0.28,0.75,0.7,0.5034892
0.18,0.45,0.74,0.28,0.74,0.7,0.5034894
0.18,0.49,0.75,0.26,0.73,0.7,0.5034895
0.16,0.5,0.75,0.24,0.75,0.71,0.5034897
0.17,0.5,0.74,0.26,0.73,0.7,0.5034898
0.18,0.41,0.7,0.27,0.76,0.71,0.5034898
0.18,0.45,0.71,0.29,0.72,0.7,0.5034899
0.18,0.49,0.73,0.22,0.73,0.7,0.50349
0.16,0.41,0.73,0.26,0.75,0.71,0.5034901
0.17,0.44,0.73,0.27,0.72,0.71,0.5034901
0.18,0.46,0.73,0.23,0.76,0.7,0.5034902
0.16,0.43,0.71,0.28,0.75,0.72,0.5034903
0.17,0.5,0.72,0.2,0.76,0.72,0.5034904
0.18,0.46,0.74,0.24,0.73,0.7,0.5034904
0.17,0.47,0.74,0.24,0.76,0.7,0.5034905
0.17,0.43,0.7,0.28,0.73,0.7,0.5034907
0.18,0.43,0.72,0.26,0.73,0.72,0.5034907
0.18,0.47,0.73,0.23,0.76,0.7,0.5034907
0.17,0.46,0.75,0.29,0.74,0.7,0.5034908
0.17,0.49,0.7,0.29,0.73,0.7,0.5034908
0.18,0.43,0.74,0.24,0.75,0.71,0.5034908
0.16,0.4,0.7,0.27,0.76,0.7,0.5034909
0.17,0.4,0.72,0.25,0.76,0.72,0.503491
0.17,0.47,0.75,0.25,0.73,0.7,0.5034911
0.18,0.42,0.73,0.26,0.74,0.7,0.5034911
0.16,0.42,0.72,0.26,0.73,0.71,0.5034913
0.16,0.49,0.7,0.21,0.74,0.7,0.5034913
0.17,0.44,0.75,0.25,0.75,0.71,0.5034913
0.18,0.49,0.71,0.29,0.75,0.7,0.5034913
0.16,0.5,0.72,0.3,0.72,0.72,0.5034914
0.17,0.49,0.74,0.2,0.75,0.71,0.5034914
0.16,0.43,0.75,0.25,0.72,0.72,0.5034915
0.17,0.46,0.71,0.29,0.72,0.72,0.5034915
0.17,0.48,0.74,0.27,0.76,0.7,0.5034915
0.18,0.49,0.7,0.24,0.76,0.71,0.5034915
0.18,0.4,0.71,0.25,0.74,0.7,0.5034918
0.17,0.43,0.74,0.27,0.74,0.7,0.5034921
0.18,0.41,0.74,0.24,0.73,0.71,0.5034921
0.17,0.44,0.73,0.22,0.76,0.7,0.5034922
0.18,0.44,0.75,0.22,0.76,0.72,0.5034922
0.18,0.5,0.72,0.23,0.72,0.7,0.5034922
0.17,0.41,0.71,0.25,0.74,0.72,0.5034923
0.16,0.44,0.7,0.28,0.73,0.72,0.5034924
0.18,0.49,0.71,0.3,0.73,0.72,0.5034924
0.16,0.5,0.71,0.29,0.74,0.71,0.5034925
0.18,0.43,0.73,0.22,0.73,0.7,0.5034925
0.16,0.45,0.74,0.23,0.76,0.7,0.5034926
0.17,0.44,0.74,0.23,0.73,0.7,0.5034926
0.18,0.47,0.75,0.22,0.74,0.71,0.5034926
0.18,0.45,0.75,0.3,0.76,0.71,0.5034927
0.18,0.48,0.72,0.24,0.75,0.7,0.5034927
0.18,0.43,0.72,0.21,0.76,0.7,0.5034928
0.17,0.5,0.71,0.28,0.76,0.71,0.5034931
0.16,0.45,0.75,0.24,0.73,0.7,0.5034933
0.18,0.41,0.7,0.25,0.72,0.7,0.5034933
0.16,0.44,0.75,0.28,0.74,0.7,0.5034934
0.17,0.5,0.73,0.21,0.74,0.71,0.5034934
0.17,0.41,0.74,0.23,0.75,0.71,0.5034937
0.18,0.43,0.75,0.25,0.72,0.71,0.5034937
0.18,0.4,0.73,0.22,0.75,0.71,0.5034939
0.18,0.49,0.7,0.29,0.75,0.71,0.5034939
0.18,0.46,0.74,0.3,0.74,0.71,0.5034941
0.16,0.42,0.75,0.24,0.75,0.71,0.5034943
0.17,0.42,0.7,0.25,0.72,0.72,0.5034946
0.17,0.5,0.7,0.28,0.72,0.72,0.5034946
0.17,0.45,0.75,0.21,0.74,0.71,0.5034947
0.17,0.4,0.72,0.23,0.72,0.71,0.5034948
0.17,0.44,0.73,0.29,0.75,0.71,0.5034948
0.17,0.49,0.73,0.28,0.75,0.7,0.5034948
0.16,0.42,0.73,0.21,0.76,0.7,0.503495
0.17,0.42,0.75,0.21,0.76,0.72,0.503495
0.16,0.45,0.74,0.3,0.74,0.7,0.5034951
0.17,0.41,0.72,0.2,0.76,0.7,0.5034951
0.17,0.41,0.73,0.21,0.73,0.7,0.5034951
0.18,0.43,0.72,0.28,0.76,0.72,0.5034951
0.18,0.44,0.74,0.2,0.74,0.71,0.5034952
0.16,0.42,0.74,0.22,0.73,0.7,0.5034953
0.16,0.43,0.75,0.27,0.75,0.72,0.5034953
0.18,0.49,0.71,0.25,0.74,0.7,0.5034953
0.17,0.5,0.71,0.29,0.76,0.72,0.5034955
0.17,0.49,0.71,0.3,0.72,0.71,0.5034958
0.17,0.49,0.72,0.23,0.76,0.71,0.5034958
0.18,0.41,0.74,0.2,0.76,0.72,0.5034958
0.18,0.4,0.72,0.2,0.73,0.7,0.5034959
0.17,0.48,0.75,0.21,0.72,0.7,0.503496
0.17,0.43,0.7,0.3,0.76,0.7,0.5034961
0.16,0.42,0.72,0.28,0.76,0.71,0.5034963
0.17,0.46,0.75,0.28,0.72,0.72,0.5034964
0.18,0.47,0.73,0.3,0.72,0.71,0.5034964
0.18,0.47,0.74,0.2,0.72,0.7,0.5034964
0.17,0.43,0.74,0.27,0.73,0.7,0.5034967
0.17,0.45,0.72,0.29,0.73,0.71,0.5034967
0.18,0.44,0.71,0.28,0.74,0.72,0.5034967
0.16,0.5,0.73,0.27,0.76,0.71,0.5034968
0.16,0.46,0.73,0.3,0.72,0.7,0.5034969
0.16,0.44,0.74,0.27,0.73,0.72,0.503497
0.18,0.42,0.73,0.26,0.74,0.71,0.503497
0.17,0.5,0.74,0.22,0.72,0.7,0.5034971
0.16,0.5,0.72,0.3,0.73,0.72,0.5034973
0.16,0.44,0.7,0.3,0.76,0.72,0.5034974
0.17,0.48,0.74,0.23,0.75,0.7,0.5034974
0.17,0.49,0.7,0.29,0.74,0.7,0.5034974
0.18,0.41,0.75,0.21,0.73,0.72,0.5034974
0.16,0.43,0.75,0.2,0.74,0.71,0.5034976
0.18,0.41,0.7,0.27,0.75,0.7,0.5034977
0.16,0.43,0.71,0.28,0.74,0.71,0.5034979
0.16,0.41,0.73,0.26,0.74,0.7,0.503498
0.16,0.46,0.75,0.2,0.72,0.7,0.503498
0.17,0.5,0.72,0.29,0.74,0.7,0.5034983
0.18,0.5,0.75,0.23,0.76,0.72,0.5034983
0.18,0.49,0.71,0.3,0.74,0.72,0.5034984
0.17,0.41,0.75,0.24,0.74,0.72,0.5034985
0.17,0.42,0.7,0.27,0.75,0.72,0.5034985
0.17,0.5,0.71,0.24,0.75,0.71,0.5034985
0.18,0.46,0.75,0.28,0.76,0.71,0.5034985
0.16,0.5,0.75,0.2,0.74,0.71,0.5034986
0.16,0.49,0.75,0.27,0.75,0.7,0.5034987
0.18,0.49,0.75,0.28,0.74,0.7,0.5034987
0.18,0.5,0.7,0.26,0.73,0.7,0.5034987
0.17,0.4,0.72,0.25,0.75,0.71,0.5034988
0.18,0.43,0.72,0.26,0.72,0.71,0.5034988
0.16,0.5,0.71,0.29,0.75,0.71,0.503499
0.16,0.42,0.72,0.26,0.72,0.7,0.5034992
0.18,0.46,0.74,0.26,0.74,0.7,0.5034993
0.16,0.4,0.75,0.2,0.76,0.72,0.5034995
0.18,0.45,0.7,0.28,0.72,0.72,0.5034995
0.17,0.49,0.73,0.24,0.74,0.7,0.5034996
0.16,0.44,0.7,0.28,0.72,0.71,0.5035
0.17,0.41,0.71,0.25,0.73,0.71,0.5035
0.18,0.48,0.7,0.27,0.76,0.7,0.5035
0.17,0.47,0.75,0.27,0.74,0.7,0.5035001
0.17,0.42,0.74,0.24,0.72,0.72,0.5035002
0.18,0.45,0.74,0.3,0.75,0.7,0.5035002
0.18,0.43,0.74,0.26,0.76,0.71,0.5035003
0.18,0.47,0.75,0.24,0.75,0.71,0.5035003
0.18,0.49,0.7,0.29,0.76,0.71,0.5035005
0.17,0.46,0.75,0.3,0.75,0.72,0.5035006
0.16,0.49,0.74,0.22,0.76,0.71,0.5035007
0.18,0.49,0.7,0.2,0.75,0.71,0.5035007
0.17,0.5,0.7,0.28,0.73,0.72,0.5035008
0.18,0.48,0.7,0.3,0.72,0.7,0.503501
0.18,0.43,0.73,0.24,0.74,0.7,0.5035011
0.17,0.44,0.75,0.27,0.76,0.71,0.5035012
0.17,0.44,0.74,0.25,0.74,0.7,0.5035015
0.18,0.4,0.7,0.24,0.74,0.72,0.5035017
0.16,0.44,0.74,0.29,0.76,0.72,0.5035018
0.17,0.49,0.71,0.3,0.73,0.71,0.5035019
0.16,0.5,0.74,0.28,0.74,0.7,0.503502
0.18,0.48,0.72,0.2,0.74,0.7,0.503502
0.16,0.4,0.73,0.23,0.73,0.72,0.5035022
0.18,0.46,0.74,0.3,0.73,0.7,0.5035022
0.17,0.5,0.72,0.25,0.73,0.7,0.5035024
0.16,0.45,0.75,0.26,0.74,0.7,0.5035025
0.17,0.45,0.75,0.23,0.75,0.71,0.5035025
0.18,0.44,0.74,0.22,0.75,0.71,0.5035025
0.18,0.44,0.75,0.27,0.74,0.72,0.5035025
0.17,0.47,0.74,0.3,0.73,0.72,0.5035028
0.17,0.44,0.73,0.29,0.74,0.7,0.5035029
0.18,0.43,0.72,0.28,0.75,0.71,0.503503
0.17,0.48,0.75,0.23,0.73,0.7,0.5035031
0.18,0.4,0.73,0.24,0.76,0.71,0.5035032
0.18,0.47,0.74,0.22,0.73,0.7,0.5035032
0.16,0.5,0.72,0.3,0.74,0.72,0.5035033
0.16,0.5,0.73,0.23,0.75,0.71,0.5035033
0.16,0.43,0.75,0.27,0.74,0.71,0.5035034
0.16,0.45,0.73,0.29,0.74,0.72,0.5035035
0.18,0.45,0.7,0.3,0.75,0.72,0.5035035
0.17,0.41,0.74,0.25,0.76,0.71,0.5035036
0.17,0.48,0.72,0.26,0.76,0.7,0.5035036
0.18,0.49,0.71,0.21,0.73,0.7,0.5035038
0.17,0.42,0.74,0.26,0.75,0.72,0.5035039
0.17,0.41,0.73,0.23,0.74,0.7,0.503504
0.17,0.49,0.7,0.29,0.75,0.7,0.503504
0.18,0.44,0.75,0.23,0.72,0.71,0.503504
0.16,0.42,0.72,0.28,0.75,0.7,0.5035041
0.18,0.4,0.72,0.22,0.74,0.7,0.5035041
0.18,0.47,0.71,0.22,0.76,0.7,0.5035041
0.16,0.5,0.7,0.28,0.72,0.71,0.5035043
0.16,0.42,0.75,0.26,0.76,0.71,0.5035044
0.16,0.42,0.74,0.24,0.74,0.7,0.5035045
0.18,0.45,0.74,0.27,0.72,0.72,0.5035045
0.18,0.49,0.71,0.3,0.75,0.72,0.5035045
0.17,0.41,0.71,0.27,0.76,0.71,0.5035046
0.18,0.44,0.71,0.28,0.73,0.71,0.5035046
0.16,0.49,0.75,0.23,0.74,0.7,0.5035047
0.17,0.45,0.72,0.29,0.72,0.7,0.5035047
0.16,0.44,0.7,0.3,0.75,0.71,0.5035049
0.16,0.44,0.74,0.27,0.72,0.71,0.5035051
0.16,0.46,0.75,0.22,0.73,0.7,0.5035052
0.17,0.45,0.74,0.21,0.73,0.7,0.5035052
0.17,0.42,0.74,0.21,0.75,0.71,0.5035053
0.17,0.43,0.73,0.26,0.73,0.72,0.5035053
0.18,0.42,0.73,0.26,0.73,0.7,0.5035053
0.16,0.43,0.75,0.22,0.75,0.71,0.5035055
0.18,0.41,0.75,0.23,0.74,0.72,0.5035055
0.16,0.49,0.71,0.3,0.72,0.7,0.5035057
0.16,0.5,0.71,0.29,0.76,0.71,0.5035057
0.16,0.43,0.71,0.28,0.73,0.7,0.5035058
0.18,0.44,0.73,0.2,0.73,0.7,0.5035058
0.16,0.4,0.73,0.25,0.76,0.72,0.503506
0.18,0.41,0.73,0.2,0.75,0.71,0.503506
0.18,0.49,0.75,0.26,0.76,0.71,0.503506
0.17,0.42,0.7,0.27,0.74,0.71,0.5035061
0.18,0.45,0.75,0.2,0.76,0.72,0.5035061
0.16,0.46,0.72,0.29,0.72,0.72,0.5035062
0.18,0.48,0.7,0.23,0.75,0.7,0.5035063
0.18,0.5,0.7,0.22,0.72,0.7,0.5035063
0.16,0.46,0.74,0.21,0.76,0.7,0.5035064
0.17,0.4,0.72,0.25,0.74,0.7,0.5035068
0.17,0.42,0.75,0.22,0.72,0.71,0.5035068
0.17,0.45,0.73,0.2,0.76,0.7,0.5035068
0.17,0.49,0.71,0.27,0.75,0.7,0.503507
0.16,0.5,0.74,0.24,0.73,0.7,0.5035071
0.17,0.5,0.7,0.28,0.74,0.72,0.5035071
0.18,0.48,0.7,0.3,0.73,0.7,0.5035072
0.16,0.49,0.73,0.3,0.76,0.7,0.5035073
0.18,0.48,0.75,0.2,0.74,0.71,0.5035073
0.16,0.41,0.72,0.25,0.74,0.72,0.5035075
0.18,0.41,0.74,0.21,0.72,0.71,0.5035076
0.16,0.48,0.74,0.25,0.76,0.7,0.5035078
0.17,0.5,0.71,0.2,0.74,0.71,0.5035078
0.16,0.43,0.74,0.2,0.73,0.7,0.503508
0.17,0.41,0.71,0.25,0.72,0.7,0.503508
0.17,0.49,0.71,0.3,0.74,0.71,0.5035081
0.18,0.4,0.74,0.23,0.74,0.72,0.5035083
0.18,0.45,0.74,0.29,0.75,0.72,0.5035084
0.17,0.46,0.75,0.3,0.74,0.71,0.5035087
0.17,0.49,0.73,0.2,0.73,0.7,0.5035088
0.18,0.5,0.74,0.27,0.75,0.71,0.5035088
0.18,0.46,0.74,0.28,0.75,0.7,0.5035089
0.18,0.47,0.75,0.26,0.76,0.71,0.5035089
0.17,0.47,0.73,0.21,0.76,0.7,0.5035091
0.16,0.4,0.74,0.2,0.75,0.71,0.5035094
0.18,0.44,0.71,0.3,0.76,0.71,0.5035094
0.16,0.5,0.72,0.3,0.75,0.72,0.5035095
0.16,0.44,0.74,0.29,0.75,0.71,0.5035096
0.18,0.4,0.7,0.24,0.73,0.71,0.5035096
0.16,0.42,0.71,0.25,0.72,0.72,0.5035097
0.17,0.43,0.73,0.28,0.76,0.72,0.5035097
0.17,0.47,0.75,0.29,0.75,0.7,0.5035099
0.16,0.4,0.73,0.23,0.72,0.71,0.50351
0.18,0.41,0.73,0.23,0.72,0.72,0.50351
0.16,0.5,0.71,0.26,0.76,0.71,0.5035103
0.17,0.49,0.7,0.22,0.76,0.71,0.5035103
0.18,0.49,0.7,0.29,0.72,0.72,0.5035104
0.18,0.43,0.73,0.26,0.75,0.7,0.5035105
0.17,0.5,0.7,0.28,0.74,0.7,0.5035106
0.18,0.44,0.75,0.27,0.73,0.71,0.5035106
0.18,0.46,0.73,0.29,0.73,0.72,0.5035106
0.18,0.44,0.74,0.24,0.76,0.71,0.5035107
0.16,0.49,0.73,0.26,0.75,0.7,0.5035108
0.16,0.5,0.7,0.28,0.73,0.71,0.5035108
0.17,0.47,0.74,0.3,0.72,0.71,0.5035108
0.17,0.48,0.72,0.22,0.75,0.7,0.5035108
0.16,0.43,0.71,0.3,0.76,0.7,0.5035109
0.18,0.47,0.74,0.24,0.74,0.7,0.5035109
0.18,0.49,0.71,0.3,0.76,0.72,0.5035109
0.17,0.5,0.72,0.21,0.72,0.7,0.503511
0.18,0.43,0.72,0.28,0.74,0.7,0.503511
0.17,0.45,0.75,0.25,0.76,0.71,0.5035112
0.18,0.45,0.7,0.3,0.74,0.71,0.5035113
0.16,0.4,0.75,0.21,0.72,0.71,0.5035114
0.17,0.44,0.72,0.28,0.74,0.72,0.5035114
0.17,0.44,0.74,0.27,0.75,0.7,0.5035114
0.17,0.48,0.75,0.25,0.74,0.7,0.5035114
0.16,0.45,0.73,0.29,0.73,0.71,0.5035115
0.18,0.46,0.75,0.29,0.72,0.7,0.5035116
0.16,0.49,0.71,0.3,0.73,0.7,0.5035119
0.17,0.42,0.74,0.26,0.74,0.71,0.5035119
0.18,0.5,0.73,0.22,0.76,0.72,0.5035119
0.16,0.45,0.75,0.28,0.75,0.7,0.5035126
0.17,0.41,0.71,0.27,0.75,0.7,0.5035126
0.18,0.44,0.75,0.25,0.73,0.71,0.5035126
0.16,0.44,0.7,0.3,0.74,0.7,0.5035127
0.18,0.41,0.73,0.25,0.75,0.72,0.5035127
0.18,0.44,0.71,0.28,0.72,0.7,0.5035128
0.17,0.45,0.74,0.23,0.74,0.7,0.503513
0.18,0.44,0.73,0.22,0.74,0.7,0.503513
0.17,0.49,0.71,0.23,0.74,0.7,0.5035133
0.16,0.42,0.71,0.27,0.75,0.72,0.5035134
0.18,0.4,0.7,0.26,0.76,0.71,0.5035134
0.17,0.43,0.73,0.26,0.72,0.71,0.5035135
0.18,0.4,0.72,0.24,0.75,0.7,0.5035135
0.18,0.48,0.7,0.3,0.74,0.7,0.5035135
0.17,0.5,0.7,0.28,0.75,0.72,0.5035136
0.18,0.48,0.75,0.22,0.75,0.71,0.5035136
0.16,0.46,0.75,0.24,0.74,0.7,0.5035137
0.17,0.42,0.74,0.23,0.76,0.71,0.5035137
0.18,0.41,0.73,0.22,0.76,0.71,0.5035137
0.18,0.49,0.75,0.22,0.75,0.71,0.5035138
0.16,0.4,0.73,0.25,0.75,0.71,0.5035139
0.17,0.41,0.73,0.25,0.75,0.7,0.5035139
0.16,0.43,0.75,0.24,0.76,0.71,0.5035141
0.17,0.42,0.7,0.27,0.73,0.7,0.5035141
0.17,0.45,0.71,0.28,0.72,0.72,0.5035141
0.16,0.5,0.72,0.27,0.74,0.7,0.5035143
0.18,0.42,0.72,0.25,0.73,0.72,0.5035144
0.17,0.49,0.71,0.3,0.75,0.71,0.5035145
0.16,0.42,0.74,0.26,0.75,0.7,0.5035146
0.18,0.5,0.75,0.28,0.73,0.7,0.503515
0.16,0.49,0.72,0.21,0.76,0.71,0.5035151
0.16,0.41,0.72,0.25,0.73,0.71,0.5035152
0.16,0.42,0.75,0.24,0.72,0.72,0.5035153
0.16,0.5,0.71,0.29,0.72,0.72,0.5035155
0.18,0.5,0.74,0.23,0.74,0.71,0.5035156
0.16,0.43,0.7,0.27,0.73,0.72,0.5035157
0.17,0.46,0.75,0.21,0.75,0.71,0.5035157
0.18,0.41,0.74,0.23,0.73,0.71,0.5035157
0.17,0.42,0.73,0.21,0.74,0.7,0.5035158
0.17,0.42,0.75,0.24,0.73,0.71,0.5035158
0.16,0.43,0.74,0.22,0.74,0.7,0.5035159
0.16,0.5,0.72,0.3,0.76,0.72,0.5035159
0.18,0.45,0.75,0.21,0.72,0.71,0.5035159
0.16,0.48,0.74,0.21,0.75,0.7,0.5035162
0.16,0.5,0.74,0.2,0.72,0.7,0.5035162
0.17,0.5,0.7,0.24,0.73,0.7,0.5035163
0.18,0.49,0.7,0.29,0.73,0.72,0.5035163
0.18,0.41,0.72,0.2,0.74,0.7,0.5035164
0.17,0.4,0.71,0.24,0.74,0.72,0.5035165
0.18,0.42,0.75,0.21,0.74,0.72,0.5035165
0.18,0.45,0.74,0.2,0.75,0.71,0.5035165
0.18,0.45,0.74,0.29,0.74,0.71,0.5035165
0.17,0.5,0.75,0.21,0.76,0.72,0.5035167
0.17,0.46,0.75,0.3,0.73,0.7,0.5035168
0.17,0.48,0.7,0.25,0.76,0.7,0.5035171
0.16,0.47,0.75,0.3,0.73,0.72,0.5035173
0.16,0.5,0.7,0.28,0.74,0.71,0.5035173
0.16,0.4,0.74,0.22,0.76,0.71,0.5035174
0.18,0.44,0.71,0.3,0.75,0.7,0.5035174
0.18,0.5,0.72,0.3,0.76,0.71,0.5035174
0.17,0.49,0.75,0.21,0.73,0.7,0.5035175
0.16,0.5,0.71,0.22,0.75,0.71,0.5035176
0.16,0.44,0.74,0.29,0.74,0.7,0.5035177
0.17,0.43,0.73,0.28,0.75,0.71,0.5035177
0.18,0.4,0.7,0.24,0.72,0.7,0.5035178
0.18,0.48,0.74,0.2,0.73,0.7,0.503518
0.17,0.45,0.71,0.3,0.75,0.72,0.5035181
0.16,0.49,0.73,0.22,0.74,0.7,0.5035182
0.18,0.42,0.72,0.27,0.76,0.72,0.5035182
0.16,0.49,0.71,0.3,0.74,0.7,0.5035183
0.18,0.49,0.73,0.25,0.76,0.71,0.5035183
0.16,0.42,0.75,0.26,0.75,0.72,0.5035187
0.16,0.44,0.75,0.2,0.75,0.71,0.5035187
0.18,0.46,0.73,0.29,0.72,0.71,0.5035187
0.17,0.41,0.7,0.24,0.72,0.72,0.503519
0.17,0.45,0.75,0.27,0.72,0.72,0.503519
0.17,0.42,0.7,0.29,0.76,0.7,0.5035191
0.18,0.46,0.74,0.3,0.76,0.7,0.5035191
0.17,0.43,0.75,0.2,0.72,0.71,0.5035192
0.18,0.45,0.7,0.3,0.73,0.7,0.5035193
0.18,0.47,0.74,0.26,0.75,0.7,0.5035193
0.17,0.44,0.72,0.28,0.73,0.71,0.5035194
0.16,0.49,0.71,0.29,0.76,0.7,0.5035195
0.16,0.4,0.73,0.2,0.74,0.7,0.5035196
0.16,0.41,0.72,0.27,0.76,0.71,0.5035196
0.16,0.45,0.73,0.29,0.72,0.7,0.5035196
0.16,0.47,0.75,0.2,0.73,0.7,0.5035196
0.18,0.43,0.71,0.27,0.74,0.72,0.5035198
0.16,0.4,0.75,0.23,0.73,0.71,0.5035199
0.17,0.49,0.7,0.29,0.72,0.71,0.5035199
0.18,0.48,0.7,0.3,0.75,0.7,0.5035199
0.18,0.49,0.74,0.3,0.75,0.7,0.50352
0.17,0.48,0.75,0.27,0.75,0.7,0.5035201
0.16,0.43,0.7,0.29,0.76,0.72,0.5035202
0.16,0.43,0.74,0.26,0.73,0.72,0.5035202
0.17,0.5,0.7,0.28,0.76,0.72,0.5035202
0.18,0.5,0.75,0.24,0.72,0.7,0.5035205
0.17,0.5,0.74,0.29,0.76,0.71,0.5035207
0.18,0.48,0.75,0.24,0.76,0.71,0.5035207
0.17,0.46,0.7,0.3,0.73,0.72,0.5035208
0.18,0.41,0.73,0.25,0.74,0.71,0.5035208
0.18,0.43,0.73,0.28,0.76,0.7,0.5035208
0.16,0.5,0.72,0.23,0.73,0.7,0.5035209
0.17,0.49,0.71,0.3,0.76,0.71,0.503521
0.18,0.47,0.75,0.27,0.72,0.7,0.503521
0.16,0.48,0.72,0.24,0.76,0.7,0.5035211
0.16,0.42,0.71,0.27,0.74,0.71,0.5035212
0.17,0.4,0.75,0.2,0.74,0.72,0.5035213
0.18,0.44,0.73,0.24,0.75,0.7,0.5035213
0.18,0.5,0.72,0.26,0.75,0.71,0.5035213
0.16,0.5,0.71,0.29,0.73,0.72,0.5035215
0.18,0.4,0.7,0.26,0.75,0.7,0.5035215
0.17,0.45,0.74,0.25,0.75,0.7,0.5035217
0.17,0.44,0.74,0.29,0.76,0.7,0.5035219
0.16,0.4,0.73,0.25,0.74,0.7,0.503522
0.18,0.44,0.75,0.27,0.74,0.71,0.503522
0.17,0.41,0.7,0.26,0.75,0.72,0.5035222
0.18,0.49,0.7,0.29,0.74,0.72,0.5035224
0.16,0.46,0.75,0.26,0.75,0.7,0.5035225
0.18,0.42,0.72,0.25,0.72,0.71,0.5035226
0.18,0.44,0.7,0.27,0.72,0.72,0.5035226
0.17,0.46,0.75,0.23,0.76,0.71,0.5035228
0.17,0.49,0.75,0.24,0.76,0.71,0.5035228
0.17,0.45,0.75,0.29,0.75,0.72,0.5035229
0.17,0.4,0.75,0.23,0.74,0.72,0.503523
0.16,0.45,0.75,0.3,0.76,0.7,0.5035231
0.18,0.44,0.74,0.25,0.72,0.7,0.5035231
0.18,0.45,0.74,0.22,0.76,0.71,0.5035231
0.16,0.41,0.72,0.25,0.72,0.7,0.5035233
0.16,0.43,0.7,0.27,0.72,0.71,0.5035234
0.17,0.47,0.71,0.2,0.76,0.7,0.5035235
0.18,0.49,0.74,0.26,0.74,0.7,0.5035235
0.17,0.45,0.75,0.26,0.72,0.7,0.5035236
0.18,0.4,0.72,0.26,0.76,0.7,0.5035237
0.18,0.45,0.75,0.23,0.73,0.71,0.5035239
0.16,0.5,0.7,0.28,0.75,0.71,0.503524
0.17,0.44,0.72,0.3,0.76,0.71,0.503524
0.17,0.41,0.73,0.27,0.76,0.7,0.5035242
0.17,0.42,0.73,0.23,0.75,0.7,0.5035242
0.16,0.49,0.71,0.25,0.75,0.7,0.5035243
0.17,0.4,0.71,0.24,0.73,0.71,0.5035243
0.16,0.43,0.74,0.28,0.76,0.72,0.5035244
0.18,0.41,0.72,0.22,0.75,0.7,0.5035244
0.18,0.48,0.74,0.22,0.74,0.7,0.5035244
0.16,0.43,0.74,0.24,0.75,0.7,0.5035245
0.18,0.42,0.75,0.23,0.75,0.72,0.5035245
0.17,0.41,0.74,0.23,0.72,0.72,0.5035246
0.18,0.48,0.75,0.3,0.72,0.72,0.5035246
0.18,0.45,0.74,0.29,0.73,0.7,0.5035247
0.16,0.49,0.71,0.3,0.75,0.7,0.5035248
0.17,0.46,0.74,0.29,0.73,0.72,0.503525
0.16,0.42,0.74,0.28,0.76,0.7,0.5035251
0.17,0.5,0.74,0.25,0.75,0.71,0.5035253
0.16,0.47,0.75,0.3,0.72,0.71,0.5035254
0.17,0.48,0.7,0.21,0.75,0.7,0.5035255
0.18,0.43,0.75,0.26,0.74,0.72,0.5035257
0.16,0.44,0.75,0.22,0.76,0.71,0.5035258
0.17,0.5,0.7,0.2,0.72,0.7,0.5035258
0.17,0.43,0.73,0.28,0.74,0.7,0.5035259
0.17,0.43,0.74,0.21,0.76,0.71,0.5035259
0.17,0.45,0.71,0.3,0.74,0.71,0.5035259
0.18,0.48,0.74,0.2,0.76,0.71,0.503526
0.17,0.49,0.7,0.29,0.73,0.71,0.5035261
0.18,0.44,0.7,0.29,0.75,0.72,0.5035261
0.16,0.44,0.73,0.28,0.74,0.72,0.5035262
0.18,0.42,0.72,0.27,0.75,0.71,0.5035262
0.16,0.47,0.75,0.22,0.74,0.7,0.5035263
0.17,0.42,0.74,0.24,0.72,0.7,0.5035263
0.18,0.41,0.73,0.23,0.72,0.7,0.5035263
0.18,0.5,0.71,0.21,0.76,0.72,0.5035263
0.17,0.46,0.74,0.21,0.74,0.7,0.5035264
0.18,0.48,0.7,0.3,0.76,0.7,0.5035265
0.18,0.5,0.73,0.27,0.73,0.7,0.5035266
0.17,0.43,0.75,0.22,0.73,0.71,0.5035267
0.17,0.5,0.75,0.3,0.74,0.7,0.5035268
0.18,0.42,0.73,0.2,0.76,0.71,0.5035268
0.16,0.42,0.75,0.26,0.74,0.71,0.5035269
0.16,0.43,0.75,0.25,0.72,0.7,0.5035269
0.18,0.42,0.74,0.21,0.73,0.71,0.503527
0.18,0.45,0.73,0.2,0.74,0.7,0.5035273
0.17,0.41,0.74,0.25,0.75,0.72,0.5035274
0.18,0.49,0.73,0.21,0.75,0.71,0.5035274
0.16,0.5,0.71,0.29,0.74,0.72,0.5035275
0.16,0.41,0.72,0.27,0.75,0.7,0.5035276
0.17,0.44,0.72,0.28,0.72,0.7,0.5035277
0.18,0.44,0.74,0.26,0.72,0.72,0.5035278
0.16,0.4,0.73,0.22,0.75,0.7,0.5035279
0.16,0.43,0.7,0.29,0.75,0.71,0.5035279
0.18,0.43,0.71,0.27,0.73,0.71,0.5035279
0.16,0.5,0.7,0.26,0.74,0.7,0.503528
0.18,0.48,0.73,0.28,0.76,0.7,0.503528
0.17,0.4,0.71,0.26,0.76,0.71,0.5035284
0.16,0.43,0.74,0.26,0.72,0.71,0.5035285
0.18,0.47,0.74,0.28,0.76,0.7,0.5035285
0.17,0.4,0.75,0.22,0.75,0.72,0.5035286
0.18,0.49,0.7,0.29,0.75,0.72,0.5035286
0.17,0.46,0.7,0.3,0.72,0.71,0.5035287
0.16,0.45,0.72,0.28,0.72,0.72,0.5035288
0.17,0.42,0.73,0.25,0.73,0.72,0.503529
0.16,0.44,0.74,0.2,0.74,0.7,0.5035292
0.16,0.42,0.71,0.27,0.73,0.7,0.5035293
0.17,0.48,0.75,0.29,0.76,0.7,0.5035293
0.18,0.5,0.72,0.22,0.74,0.71,0.5035295
0.16,0.41,0.74,0.2,0.76,0.71,0.5035298
0.16,0.49,0.7,0.2,0.76,0.71,0.5035299
0.16,0.49,0.7,0.29,0.72,0.7,0.50353
0.17,0.41,0.7,0.26,0.74,0.71,0.50353
0.18,0.44,0.73,0.26,0.76,0.7,0.5035301
0.16,0.4,0.74,0.23,0.72,0.7,0.5035303
0.16,0.41,0.75,0.21,0.73,0.71,0.5035303
0.16,0.48,0.72,0.2,0.75,0.7,0.5035304
0.17,0.5,0.75,0.26,0.73,0.7,0.5035306
0.18,0.47,0.75,0.29,0.73,0.7,0.5035307
0.16,0.5,0.7,0.28,0.76,0.71,0.5035308
0.17,0.45,0.74,0.27,0.76,0.7,0.5035308
0.17,0.5,0.73,0.2,0.76,0.72,0.503531
0.18,0.44,0.74,0.28,0.75,0.72,0.503531
0.17,0.45,0.75,0.29,0.74,0.71,0.5035311
0.16,0.49,0.71,0.3,0.76,0.7,0.5035314
0.17,0.4,0.74,0.2,0.73,0.71,0.5035314
0.17,0.49,0.71,0.3,0.72,0.72,0.5035314
0.18,0.49,0.74,0.22,0.73,0.7,0.5035314
0.18,0.49,0.72,0.29,0.75,0.7,0.5035315
0.16,0.4,0.72,0.24,0.74,0.72,0.5035317
0.16,0.46,0.75,0.28,0.76,0.7,0.5035318
0.18,0.49,0.71,0.24,0.76,0.71,0.5035319
0.17,0.44,0.72,0.3,0.75,0.7,0.503532
0.18,0.45,0.75,0.25,0.74,0.71,0.503532
0.18,0.43,0.71,0.29,0.76,0.71,0.5035322
0.17,0.49,0.7,0.29,0.74,0.71,0.5035323
0.16,0.43,0.74,0.28,0.75,0.71,0.5035324
0.18,0.44,0.74,0.27,0.73,0.7,0.5035324
0.18,0.48,0.75,0.25,0.72,0.7,0.5035324
0.17,0.4,0.71,0.24,0.72,0.7,0.5035325
0.16,0.45,0.72,0.3,0.75,0.72,0.5035327
0.16,0.49,0.71,0.21,0.74,0.7,0.5035327
0.17,0.49,0.75,0.2,0.75,0.71,0.5035327
0.17,0.42,0.73,0.27,0.76,0.72,0.5035329
0.17,0.5,0.72,0.28,0.76,0.71,0.503533
0.18,0.45,0.73,0.28,0.73,0.72,0.5035331
0.17,0.46,0.74,0.29,0.72,0.71,0.5035332
0.18,0.41,0.72,0.24,0.76,0.7,0.5035332
0.18,0.42,0.75,0.25,0.76,0.72,0.5035334
0.17,0.42,0.73,0.25,0.76,0.7,0.5035335
0.17,0.45,0.75,0.28,0.73,0.7,0.5035335
0.17,0.46,0.74,0.23,0.75,0.7,0.5035335
0.18,0.5,0.73,0.23,0.72,0.7,0.5035335
0.18,0.48,0.73,0.24,0.75,0.7,0.5035338
0.16,0.5,0.71,0.29,0.75,0.72,0.5035339
0.18,0.45,0.73,0.22,0.75,0.7,0.5035339
0.16,0.42,0.71,0.29,0.76,0.7,0.503534
0.16,0.47,0.75,0.24,0.75,0.7,0.503534
0.17,0.45,0.71,0.3,0.73,0.7,0.503534
0.16,0.41,0.71,0.24,0.72,0.72,0.5035341
0.16,0.43,0.74,0.26,0.76,0.7,0.5035341
0.18,0.44,0.7,0.29,0.74,0.71,0.5035341
0.17,0.5,0.74,0.21,0.74,0.71,0.5035343
0.16,0.44,0.73,0.28,0.73,0.71,0.5035344
0.18,0.42,0.72,0.27,0.74,0.7,0.5035344
0.17,0.43,0.72,0.27,0.74,0.72,0.5035345
0.17,0.46,0.75,0.24,0.72,0.7,0.5035345
0.18,0.45,0.74,0.23,0.72,0.7,0.5035346
0.17,0.49,0.74,0.28,0.75,0.7,0.503535
0.18,0.49,0.7,0.29,0.76,0.72,0.503535
0.18,0.5,0.7,0.25,0.75,0.71,0.503535
0.17,0.43,0.75,0.24,0.74,0.71,0.5035351
0.18,0.42,0.74,0.23,0.74,0.71,0.5035351
0.16,0.46,0.71,0.3,0.73,0.72,0.5035353
0.18,0.4,0.73,0.22,0.72,0.72,0.5035353
0.16,0.5,0.7,0.22,0.73,0.7,0.5035355
0.16,0.48,0.7,0.23,0.76,0.7,0.5035356
0.17,0.41,0.74,0.25,0.74,0.71,0.5035357
0.18,0.41,0.73,0.25,0.73,0.7,0.5035357
0.16,0.43,0.7,0.29,0.74,0.7,0.5035359
0.17,0.42,0.74,0.26,0.73,0.7,0.5035361
0.18,0.49,0.72,0.25,0.74,0.7,0.5035361
0.18,0.43,0.75,0.21,0.75,0.72,0.5035362
0.16,0.49,0.7,0.29,0.73,0.7,0.5035363
0.17,0.49,0.73,0.23,0.76,0.71,0.5035363
0.18,0.43,0.71,0.27,0.72,0.7,0.5035363
0.16,0.44,0.74,0.22,0.75,0.7,0.5035364
0.18,0.48,0.7,0.3,0.72,0.71,0.5035364
0.18,0.46,0.75,0.21,0.73,0.71,0.5035365
0.17,0.4,0.71,0.26,0.75,0.7,0.5035366
0.16,0.5,0.74,0.27,0.76,0.71,0.5035367
0.17,0.43,0.73,0.21,0.75,0.7,0.5035367
0.17,0.47,0.75,0.21,0.76,0.71,0.5035367
0.18,0.4,0.73,0.24,0.75,0.72,0.5035369
0.16,0.43,0.75,0.27,0.73,0.7,0.503537
0.17,0.44,0.71,0.27,0.72,0.72,0.503537
0.18,0.45,0.73,0.3,0.76,0.72,0.503537
0.17,0.49,0.71,0.3,0.73,0.72,0.5035371
0.16,0.41,0.71,0.26,0.75,0.72,0.5035372
0.17,0.42,0.73,0.25,0.72,0.71,0.5035372
0.16,0.4,0.73,0.24,0.76,0.7,0.5035374
0.17,0.43,0.74,0.22,0.72,0.7,0.5035375
0.16,0.44,0.75,0.23,0.72,0.7,0.5035376
0.18,0.42,0.72,0.2,0.75,0.7,0.5035377
0.17,0.4,0.75,0.24,0.76,0.72,0.5035378
0.18,0.46,0.74,0.2,0.76,0.71,0.5035378
0.18,0.42,0.73,0.21,0.72,0.7,0.5035379
0.17,0.41,0.7,0.26,0.73,0.7,0.503538
0.17,0.5,0.73,0.29,0.74,0.7,0.5035384
0.17,0.5,0.75,0.22,0.72,0.7,0.5035385
0.16,0.44,0.73,0.3,0.76,0.71,0.5035387
0.18,0.41,0.72,0.24,0.73,0.72,0.5035387
0.16,0.41,0.75,0.23,0.74,0.71,0.5035388
0.17,0.49,0.7,0.29,0.75,0.71,0.5035388
0.17,0.4,0.74,0.22,0.74,0.71,0.5035389
0.17,0.5,0.72,0.24,0.75,0.71,0.5035389
0.18,0.46,0.72,0.3,0.74,0.72,0.5035392
0.18,0.44,0.74,0.28,0.74,0.71,0.5035393
0.18,0.5,0.71,0.26,0.73,0.7,0.5035393
0.16,0.42,0.7,0.26,0.73,0.72,0.5035395
0.17,0.44,0.75,0.2,0.73,0.71,0.5035395
0.17,0.45,0.75,0.29,0.73,0.7,0.5035395
0.16,0.46,0.75,0.29,0.73,0.72,0.5035396
0.16,0.4,0.72,0.24,0.73,0.71,0.5035397
0.16,0.41,0.75,0.23,0.72,0.72,0.5035397
0.16,0.45,0.75,0.2,0.76,0.71,0.5035398
0.16,0.5,0.7,0.28,0.72,0.72,0.5035401
0.16,0.41,0.73,0.2,0.75,0.7,0.5035404
0.16,0.5,0.71,0.29,0.76,0.72,0.5035404
0.18,0.43,0.71,0.29,0.75,0.7,0.5035404
0.18,0.48,0.71,0.27,0.76,0.7,0.5035404
0.17,0.49,0.74,0.24,0.74,0.7,0.5035405
0.17,0.41,0.75,0.2,0.75,0.72,0.5035406
0.16,0.45,0.72,0.3,0.74,0.71,0.5035407
0.16,0.41,0.74,0.21,0.72,0.7,0.5035408
0.16,0.43,0.74,0.28,0.74,0.7,0.5035408
0.17,0.44,0.71,0.29,0.75,0.72,0.5035408
0.18,0.48,0.75,0.27,0.73,0.7,0.5035408
0.18,0.45,0.75,0.27,0.75,0.71,0.5035409
0.17,0.42,0.73,0.27,0.75,0.71,0.503541
0.16,0.49,0.71,0.3,0.72,0.71,0.5035411
0.16,0.48,0.75,0.2,0.74,0.7,0.5035412
0.16,0.49,0.75,0.22,0.76,0.71,0.5035414
0.18,0.45,0.73,0.28,0.72,0.71,0.5035414
0.18,0.45,0.73,0.24,0.76,0.7,0.5035415
0.17,0.46,0.74,0.25,0.76,0.7,0.5035418
0.18,0.41,0.72,0.26,0.76,0.72,0.5035418
0.18,0.49,0.71,0.2,0.75,0.71,0.5035418
0.17,0.4,0.73,0.2,0.72,0.7,0.5035419
0.16,0.5,0.75,0.28,0.74,0.7,0.5035422
0.18,0.44,0.7,0.29,0.73,0.7,0.5035422
0.18,0.48,0.7,0.3,0.73,0.71,0.5035423
0.16,0.41,0.75,0.25,0.75,0.72,0.5035424
0.16,0.47,0.75,0.26,0.76,0.7,0.5035424
0.17,0.44,0.75,0.26,0.72,0.72,0.5035424
0.18,0.47,0.71,0.3,0.72,0.72,0.5035424
0.17,0.41,0.7,0.28,0.76,0.7,0.5035425
0.17,0.43,0.72,0.27,0.73,0.71,0.5035426
0.18,0.45,0.74,0.25,0.73,0.7,0.5035427
0.16,0.44,0.73,0.28,0.72,0.7,0.5035428
0.16,0.49,0.7,0.29,0.74,0.7,0.5035428
0.17,0.49,0.71,0.3,0.74,0.72,0.503543
0.17,0.46,0.75,0.26,0.73,0.7,0.5035431
0.17,0.5,0.73,0.25,0.73,0.7,0.5035431
0.16,0.4,0.72,0.26,0.76,0.71,0.5035434
0.16,0.42,0.7,0.28,0.76,0.72,0.5035434
0.16,0.46,0.71,0.3,0.72,0.71,0.5035434
0.17,0.45,0.7,0.29,0.73,0.72,0.5035435
0.18,0.42,0.71,0.26,0.74,0.72,0.5035436
0.17,0.4,0.7,0.23,0.72,0.72,0.5035437
0.18,0.46,0.75,0.23,0.74,0.71,0.5035437
0.18,0.48,0.73,0.2,0.74,0.7,0.5035437
0.16,0.5,0.74,0.23,0.75,0.71,0.5035438
0.18,0.42,0.74,0.25,0.75,0.71,0.5035439
0.18,0.49,0.7,0.28,0.75,0.7,0.5035439
0.16,0.42,0.74,0.25,0.73,0.72,0.503544
0.18,0.43,0.75,0.23,0.76,0.72,0.503544
0.17,0.48,0.73,0.26,0.76,0.7,0.5035441
0.18,0.5,0.7,0.21,0.74,0.71,0.5035441
0.17,0.43,0.75,0.26,0.75,0.71,0.5035444
0.17,0.43,0.73,0.23,0.76,0.7,0.5035445
0.16,0.44,0.74,0.24,0.76,0.7,0.5035447
0.18,0.42,0.72,0.22,0.76,0.7,0.5035448
0.18,0.49,0.75,0.23,0.72,0.7,0.5035448
0.16,0.41,0.71,0.26,0.74,0.71,0.5035451
0.18,0.4,0.75,0.2,0.72,0.72,0.5035451
0.18,0.45,0.73,0.3,0.75,0.71,0.5035451
0.18,0.4,0.73,0.24,0.74,0.71,0.5035452
0.17,0.49,0.7,0.29,0.76,0.71,0.5035453
0.18,0.49,0.72,0.21,0.73,0.7,0.5035453
0.18,0.47,0.72,0.22,0.76,0.7,0.5035454
0.17,0.44,0.75,0.28,0.75,0.72,0.5035456
0.17,0.43,0.74,0.24,0.73,0.7,0.5035458
0.18,0.42,0.73,0.23,0.73,0.7,0.503546
0.16,0.5,0.7,0.28,0.73,0.72,0.5035462
0.17,0.48,0.7,0.3,0.72,0.7,0.5035462
0.18,0.43,0.7,0.26,0.72,0.72,0.5035462
0.16,0.44,0.75,0.25,0.73,0.7,0.5035463
0.17,0.4,0.7,0.25,0.75,0.72,0.5035463
0.17,0.5,0.7,0.27,0.76,0.71,0.5035465
0.17,0.44,0.75,0.22,0.74,0.71,0.5035467
0.18,0.47,0.75,0.29,0.72,0.72,0.5035467
0.16,0.44,0.73,0.3,0.75,0.7,0.5035468
0.17,0.43,0.72,0.29,0.76,0.71,0.5035469
0.16,0.49,0.71,0.3,0.73,0.71,0.503547
0.17,0.47,0.75,0.22,0.72,0.7,0.503547
0.18,0.41,0.72,0.24,0.72,0.71,0.503547
0.18,0.43,0.74,0.21,0.74,0.71,0.503547
0.16,0.49,0.74,0.3,0.76,0.7,0.5035471
0.16,0.42,0.7,0.26,0.72,0.71,0.5035473
0.18,0.48,0.71,0.23,0.75,0.7,0.5035473
0.17,0.49,0.72,0.27,0.75,0.7,0.5035474
0.18,0.46,0.72,0.3,0.73,0.71,0.5035474
0.16,0.48,0.75,0.22,0.75,0.7,0.5035475
0.18,0.46,0.74,0.21,0.72,0.7,0.5035476
0.18,0.5,0.71,0.22,0.72,0.7,0.5035476
0.16,0.42,0.74,0.27,0.76,0.72,0.5035477
0.17,0.41,0.75,0.22,0.76,0.72,0.5035477
0.17,0.45,0.74,0.28,0.73,0.72,0.5035477
0.17,0.47,0.74,0.21,0.75,0.7,0.5035477
0.18,0.44,0.74,0.28,0.73,0.7,0.5035477
0.16,0.4,0.72,0.24,0.72,0.7,0.5035479
0.16,0.46,0.75,0.29,0.72,0.71,0.5035479
0.16,0.5,0.75,0.24,0.73,0.7,0.503548
0.16,0.41,0.73,0.22,0.76,0.7,0.5035481
0.17,0.4,0.72,0.21,0.76,0.7,0.5035481
0.17,0.4,0.74,0.24,0.75,0.71,0.5035482
0.18,0.48,0.7,0.3,0.74,0.71,0.5035482
0.16,0.41,0.75,0.25,0.75,0.71,0.5035485
0.18,0.4,0.74,0.21,0.76,0.72,0.5035486
0.16,0.48,0.75,0.25,0.76,0.7,0.5035487
0.18,0.46,0.73,0.2,0.75,0.7,0.5035487
0.18,0.5,0.75,0.27,0.75,0.71,0.5035488
0.16,0.45,0.72,0.3,0.73,0.7,0.5035489
0.17,0.44,0.71,0.29,0.74,0.71,0.5035489
0.17,0.5,0.72,0.2,0.74,0.71,0.5035489
0.17,0.49,0.71,0.3,0.75,0.72,0.503549
0.18,0.43,0.7,0.28,0.75,0.72,0.5035492
0.17,0.42,0.73,0.27,0.74,0.7,0.5035493
0.16,0.43,0.73,0.27,0.74,0.72,0.5035494
0.16,0.49,0.7,0.29,0.75,0.7,0.5035494
0.17,0.4,0.73,0.22,0.73,0.7,0.5035495
0.18,0.42,0.75,0.25,0.74,0.72,0.5035495
0.16,0.41,0.74,0.23,0.73,0.7,0.5035496
0.16,0.45,0.75,0.21,0.72,0.7,0.5035499
0.17,0.4,0.74,0.22,0.72,0.72,0.5035499
0.18,0.41,0.72,0.26,0.75,0.71,0.5035499
0.18,0.48,0.75,0.29,0.74,0.7,0.5035499
0.18,0.49,0.7,0.24,0.74,0.7,0.5035499
0.16,0.5,0.72,0.26,0.76,0.71,0.5035501
0.16,0.42,0.75,0.21,0.74,0.71,0.5035502
0.17,0.44,0.74,0.2,0.72,0.7,0.5035504
0.17,0.49,0.74,0.2,0.73,0.7,0.5035506
0.16,0.41,0.75,0.25,0.74,0.71,0.5035507
0.16,0.45,0.74,0.2,0.75,0.7,0.5035507
0.18,0.45,0.75,0.29,0.76,0.71,0.5035509
0.17,0.49,0.71,0.22,0.76,0.71,0.503551
0.17,0.5,0.71,0.28,0.74,0.7,0.503551
0.17,0.41,0.74,0.2,0.74,0.71,0.5035511
0.17,0.43,0.72,0.27,0.72,0.7,0.5035511
0.16,0.42,0.7,0.28,0.75,0.71,0.5035513
0.16,0.49,0.74,0.26,0.75,0.7,0.5035513
0.17,0.45,0.74,0.3,0.76,0.72,0.5035514
0.17,0.45,0.7,0.29,0.72,0.71,0.5035515
0.18,0.46,0.75,0.25,0.75,0.71,0.5035515
0.18,0.43,0.74,0.25,0.72,0.72,0.5035516
0.18,0.45,0.74,0.27,0.74,0.7,0.5035516
0.16,0.4,0.72,0.26,0.75,0.7,0.5035517
0.17,0.4,0.74,0.24,0.75,0.72,0.5035517
0.18,0.42,0.71,0.26,0.73,0.71,0.5035517
0.16,0.44,0.72,0.27,0.72,0.72,0.5035518
0.18,0.4,0.75,0.22,0.73,0.72,0.5035518
0.17,0.48,0.73,0.22,0.75,0.7,0.503552
0.18,0.5,0.74,0.22,0.76,0.72,0.503552
0.17,0.48,0.7,0.3,0.73,0.7,0.5035523
0.18,0.49,0.75,0.25,0.73,0.7,0.5035523
0.16,0.42,0.74,0.25,0.72,0.71,0.5035524
0.17,0.46,0.75,0.28,0.74,0.7,0.5035524
0.17,0.5,0.73,0.21,0.72,0.7,0.5035524
0.16,0.5,0.7,0.28,0.74,0.72,0.5035525
0.16,0.49,0.71,0.3,0.74,0.71,0.5035532
0.16,0.41,0.71,0.26,0.73,0.7,0.5035533
0.17,0.41,0.73,0.24,0.73,0.72,0.5035533
0.17,0.46,0.73,0.3,0.74,0.72,0.5035536
0.18,0.45,0.73,0.3,0.74,0.7,0.5035536
0.17,0.5,0.7,0.23,0.75,0.71,0.5035537
0.18,0.42,0.74,0.27,0.76,0.71,0.5035537
0.17,0.44,0.75,0.28,0.74,0.71,0.5035539
0.18,0.43,0.74,0.27,0.75,0.72,0.5035541
0.17,0.4,0.7,0.25,0.74,0.71,0.5035543
0.17,0.43,0.75,0.28,0.76,0.71,0.5035543
0.17,0.49,0.72,0.23,0.74,0.7,0.5035543
0.17,0.47,0.74,0.23,0.76,0.7,0.5035544
0.18,0.48,0.7,0.3,0.75,0.71,0.5035545
0.17,0.44,0.75,0.24,0.75,0.71,0.5035546
0.16,0.5,0.73,0.27,0.74,0.7,0.5035547
0.17,0.47,0.75,0.24,0.73,0.7,0.5035547
0.18,0.42,0.73,0.25,0.74,0.7,0.5035547
0.18,0.46,0.74,0.23,0.73,0.7,0.5035547
0.18,0.43,0.74,0.23,0.75,0.71,0.5035548
0.18,0.46,0.73,0.22,0.76,0.7,0.5035549
0.17,0.43,0.72,0.29,0.75,0.7,0.5035551
0.17,0.43,0.74,0.26,0.74,0.7,0.5035551
0.17,0.49,0.71,0.3,0.76,0.72,0.5035553
0.16,0.44,0.72,0.29,0.75,0.72,0.5035555
0.18,0.42,0.71,0.28,0.76,0.71,0.5035555
0.17,0.49,0.7,0.29,0.72,0.72,0.5035557
0.16,0.42,0.74,0.27,0.75,0.71,0.5035558
0.16,0.44,0.75,0.27,0.74,0.7,0.5035558
0.16,0.49,0.73,0.21,0.76,0.71,0.5035558
0.18,0.46,0.72,0.3,0.72,0.7,0.5035558
0.16,0.49,0.7,0.29,0.76,0.7,0.503556
0.17,0.45,0.74,0.28,0.72,0.71,0.503556
0.18,0.44,0.73,0.27,0.73,0.72,0.5035562
0.18,0.5,0.75,0.23,0.74,0.71,0.5035562
0.18,0.44,0.75,0.21,0.76,0.72,0.5035564
0.17,0.41,0.73,0.26,0.76,0.72,0.5035565
0.17,0.47,0.72,0.3,0.72,0.72,0.5035569
0.18,0.5,0.73,0.3,0.76,0.71,0.5035569
0.17,0.5,0.71,0.24,0.73,0.7,0.5035571
0.16,0.45,0.74,0.22,0.76,0.7,0.5035572
0.17,0.44,0.71,0.29,0.73,0.7,0.5035572
0.18,0.43,0.7,0.28,0.74,0.71,0.5035573
0.18,0.43,0.75,0.24,0.72,0.71,0.5035573
0.18,0.47,0.75,0.21,0.74,0.71,0.5035573
0.16,0.41,0.71,0.28,0.76,0.7,0.5035574
0.17,0.48,0.71,0.25,0.76,0.7,0.5035575
0.16,0.43,0.73,0.27,0.73,0.71,0.5035576
0.17,0.44,0.74,0.22,0.73,0.7,0.5035576
0.16,0.45,0.75,0.23,0.73,0.7,0.5035577
0.16,0.5,0.75,0.2,0.72,0.7,0.5035578
0.17,0.44,0.73,0.21,0.76,0.7,0.5035578
0.16,0.45,0.71,0.29,0.73,0.72,0.503558
0.18,0.43,0.73,0.21,0.73,0.7,0.503558
0.17,0.42,0.72,0.26,0.74,0.72,0.5035582
0.16,0.42,0.75,0.23,0.75,0.71,0.5035583
0.16,0.5,0.72,0.22,0.75,0.71,0.5035583
0.18,0.41,0.72,0.26,0.74,0.7,0.5035583
0.17,0.41,0.74,0.22,0.75,0.71,0.5035584
0.17,0.48,0.7,0.3,0.74,0.7,0.5035585
0.18,0.49,0.74,0.25,0.76,0.71,0.5035586
0.16,0.4,0.71,0.23,0.72,0.72,0.5035588
0.17,0.4,0.73,0.24,0.74,0.7,0.5035589
0.16,0.5,0.7,0.28,0.75,0.72,0.503559
0.18,0.43,0.72,0.2,0.76,0.7,0.503559
0.16,0.41,0.74,0.25,0.74,0.7,0.5035592
0.16,0.49,0.74,0.22,0.74,0.7,0.5035593
0.18,0.4,0.73,0.21,0.75,0.71,0.5035593
0.16,0.42,0.7,0.28,0.74,0.7,0.5035594
0.16,0.49,0.71,0.3,0.75,0.71,0.5035594
0.16,0.49,0.72,0.29,0.76,0.7,0.5035594
0.18,0.44,0.73,0.29,0.76,0.72,0.5035596
0.17,0.45,0.74,0.3,0.75,0.71,0.5035597
0.18,0.49,0.75,0.3,0.75,0.7,0.5035598
0.17,0.4,0.74,0.24,0.74,0.71,0.50356
0.18,0.46,0.75,0.27,0.76,0.71,0.50356
0.18,0.47,0.7,0.21,0.76,0.7,0.50356
0.18,0.49,0.7,0.2,0.73,0.7,0.50356
0.17,0.5,0.75,0.29,0.76,0.71,0.5035602
0.18,0.42,0.71,0.26,0.72,0.7,0.5035602
0.17,0.45,0.75,0.2,0.74,0.71,0.5035603
0.18,0.49,0.75,0.27,0.74,0.7,0.5035604
0.17,0.42,0.75,0.2,0.76,0.72,0.5035605
0.17,0.43,0.71,0.26,0.72,0.72,0.5035607
0.18,0.48,0.7,0.3,0.76,0.71,0.5035608
0.17,0.49,0.7,0.26,0.75,0.7,0.5035609
0.17,0.41,0.75,0.23,0.72,0.71,0.5035612
0.18,0.5,0.73,0.26,0.75,0.71,0.5035612
0.16,0.42,0.74,0.21,0.73,0.7,0.5035613
0.16,0.4,0.71,0.25,0.75,0.72,0.5035615
0.16,0.42,0.73,0.2,0.76,0.7,0.5035615
0.17,0.49,0.7,0.29,0.73,0.72,0.5035615
0.16,0.43,0.73,0.29,0.76,0.71,0.5035616
0.18,0.45,0.74,0.29,0.75,0.7,0.5035616
0.17,0.41,0.73,0.24,0.72,0.71,0.5035617
0.17,0.48,0.75,0.2,0.72,0.7,0.5035617
0.16,0.48,0.73,0.24,0.76,0.7,0.5035618
0.18,0.45,0.72,0.29,0.74,0.72,0.5035618
0.16,0.5,0.73,0.23,0.73,0.7,0.5035619
0.17,0.41,0.73,0.2,0.73,0.7,0.5035619
0.17,0.46,0.73,0.3,0.73,0.71,0.5035619
0.18,0.4,0.74,0.22,0.72,0.71,0.5035623
0.16,0.45,0.75,0.28,0.73,0.72,0.5035624
0.17,0.4,0.7,0.25,0.73,0.7,0.5035625
0.17,0.46,0.75,0.3,0.75,0.7,0.5035625
0.18,0.46,0.74,0.25,0.74,0.7,0.5035625
0.18,0.43,0.74,0.27,0.74,0.71,0.5035626
0.17,0.47,0.75,0.26,0.74,0.7,0.5035628
0.18,0.43,0.74,0.25,0.76,0.71,0.503563
0.17,0.44,0.75,0.26,0.76,0.71,0.5035632
0.18,0.41,0.75,0.2,0.73,0.72,0.5035632
0.18,0.4,0.72,0.23,0.73,0.72,0.5035636
0.16,0.44,0.72,0.29,0.74,0.71,0.5035637
0.18,0.47,0.75,0.23,0.75,0.71,0.5035637
0.18,0.42,0.71,0.28,0.75,0.7,0.5035638
0.16,0.41,0.7,0.25,0.73,0.72,0.5035639
0.17,0.43,0.71,0.28,0.75,0.72,0.503564
0.16,0.42,0.74,0.27,0.74,0.7,0.5035643
0.18,0.42,0.73,0.27,0.75,0.7,0.5035644
0.16,0.5,0.7,0.25,0.76,0.71,0.5035645
0.18,0.44,0.73,0.27,0.72,0.71,0.5035647
0.16,0.49,0.72,0.25,0.75,0.7,0.5035648
0.17,0.41,0.73,0.26,0.75,0.71,0.5035648
0.17,0.47,0.72,0.2,0.76,0.7,0.5035649
0.17,0.48,0.7,0.3,0.75,0.7,0.5035649
0.17,0.43,0.74,0.28,0.75,0.7,0.503565
0.18,0.46,0.71,0.29,0.72,0.72,0.503565
0.16,0.4,0.75,0.22,0.72,0.72,0.5035651
0.17,0.5,0.75,0.25,0.75,0.71,0.5035654
0.16,0.5,0.7,0.28,0.76,0.72,0.5035655
0.17,0.44,0.74,0.24,0.74,0.7,0.5035656
0.18,0.43,0.7,0.28,0.73,0.7,0.5035656
0.16,0.49,0.7,0.29,0.72,0.71,0.5035657
0.16,0.49,0.71,0.3,0.76,0.71,0.5035658
0.18,0.4,0.72,0.25,0.76,0.72,0.5035658
0.18,0.43,0.73,0.23,0.74,0.7,0.5035658
0.16,0.44,0.75,0.29,0.75,0.7,0.503566
0.16,0.45,0.75,0.25,0.74,0.7,0.503566
0.16,0.45,0.75,0.3,0.76,0.72,0.503566
0.18,0.43,0.75,0.26,0.73,0.71,0.503566
0.17,0.43,0.75,0.25,0.72,0.72,0.5035661
0.16,0.43,0.73,0.27,0.72,0.7,0.5035662
0.16,0.45,0.71,0.29,0.72,0.71,0.5035663
0.17,0.4,0.7,0.27,0.76,0.7,0.5035663
0.17,0.42,0.72,0.26,0.73,0.71,0.5035664
0.17,0.44,0.7,0.28,0.73,0.72,0.5035665
0.17,0.45,0.75,0.22,0.75,0.71,0.5035666
0.16,0.4,0.75,0.24,0.75,0.72,0.5035667
0.18,0.5,0.72,0.21,0.76,0.72,0.5035667
0.17,0.48,0.71,0.21,0.75,0.7,0.5035668
0.16,0.41,0.7,0.27,0.76,0.72,0.503567
0.18,0.5,0.74,0.27,0.73,0.7,0.503567
0.17,0.41,0.74,0.24,0.76,0.71,0.5035671
0.17,0.5,0.71,0.2,0.72,0.7,0.5035673
0.16,0.42,0.75,0.25,0.76,0.71,0.5035674
0.18,0.4,0.73,0.23,0.76,0.71,0.5035674
0.18,0.44,0.74,0.21,0.75,0.71,0.5035674
0.17,0.49,0.7,0.29,0.74,0.72,0.5035675
0.17,0.48,0.75,0.22,0.73,0.7,0.5035677
0.18,0.41,0.71,0.25,0.74,0.72,0.5035678
0.18,0.44,0.73,0.29,0.75,0.71,0.503568
0.16,0.46,0.74,0.3,0.74,0.72,0.5035682
0.17,0.45,0.74,0.3,0.74,0.7,0.5035682
0.16,0.41,0.74,0.24,0.73,0.72,0.5035683
0.16,0.5,0.71,0.26,0.74,0.7,0.5035683
0.18,0.48,0.74,0.28,0.76,0.7,0.5035683
0.18,0.49,0.74,0.21,0.75,0.71,0.5035683
0.18,0.47,0.74,0.21,0.73,0.7,0.5035685
0.18,0.44,0.75,0.22,0.72,0.71,0.5035686
0.17,0.43,0.75,0.27,0.75,0.72,0.5035688
0.17,0.49,0.7,0.22,0.74,0.7,0.5035692
0.18,0.5,0.71,0.29,0.76,0.71,0.5035692
0.16,0.42,0.74,0.23,0.74,0.7,0.5035693
0.18,0.46,0.75,0.28,0.72,0.72,0.5035693
0.16,0.4,0.71,0.25,0.74,0.71,0.5035695
0.17,0.41,0.73,0.22,0.74,0.7,0.5035695
0.18,0.41,0.75,0.22,0.74,0.72,0.5035698
0.18,0.43,0.7,0.3,0.76,0.7,0.5035698
0.16,0.43,0.73,0.29,0.75,0.7,0.5035699
0.17,0.42,0.72,0.28,0.76,0.71,0.5035701
0.18,0.5,0.73,0.22,0.74,0.71,0.5035701
0.18,0.45,0.72,0.29,0.73,0.71,0.5035702
0.17,0.44,0.7,0.3,0.76,0.72,0.5035703
0.18,0.4,0.72,0.21,0.74,0.7,0.5035703
0.17,0.46,0.73,0.3,0.72,0.7,0.5035704
0.18,0.42,0.7,0.25,0.72,0.72,0.5035704
0.16,0.43,0.75,0.21,0.75,0.71,0.5035705
0.16,0.46,0.75,0.21,0.73,0.7,0.5035707
0.17,0.44,0.74,0.27,0.73,0.72,0.5035708
0.16,0.45,0.75,0.28,0.72,0.71,0.5035709
0.16,0.49,0.71,0.2,0.76,0.71,0.5035709
0.18,0.46,0.74,0.27,0.75,0.7,0.503571
0.17,0.42,0.74,0.2,0.75,0.71,0.5035712
0.18,0.47,0.75,0.25,0.76,0.71,0.5035712
0.17,0.48,0.7,0.3,0.76,0.7,0.5035713
0.17,0.5,0.74,0.2,0.76,0.72,0.5035713
0.16,0.41,0.74,0.26,0.76,0.72,0.5035714
0.16,0.47,0.73,0.3,0.72,0.72,0.5035714
0.17,0.45,0.74,0.2,0.73,0.7,0.5035714
0.17,0.47,0.75,0.28,0.75,0.7,0.5035715
0.18,0.49,0.73,0.29,0.75,0.7,0.5035715
0.16,0.49,0.7,0.29,0.73,0.71,0.5035717
0.16,0.41,0.7,0.25,0.72,0.71,0.5035718
0.16,0.48,0.73,0.2,0.75,0.7,0.5035718
0.18,0.48,0.7,0.3,0.72,0.72,0.5035718
0.16,0.44,0.72,0.29,0.73,0.7,0.5035721
0.17,0.43,0.71,0.28,0.74,0.71,0.5035721
0.18,0.4,0.72,0.23,0.72,0.71,0.5035721
0.18,0.49,0.72,0.24,0.76,0.71,0.5035721
0.16,0.46,0.74,0.2,0.76,0.7,0.5035723
0.17,0.42,0.75,0.21,0.72,0.71,0.5035723
0.18,0.46,0.75,0.3,0.75,0.72,0.5035723
0.17,0.5,0.73,0.28,0.76,0.71,0.5035726
0.16,0.49,0.7,0.28,0.76,0.7,0.5035727
0.18,0.42,0.7,0.27,0.75,0.72,0.5035729
0.16,0.42,0.73,0.26,0.74,0.72,0.5035732
0.17,0.41,0.73,0.26,0.74,0.7,0.5035733
0.16,0.5,0.7,0.21,0.75,0.71,0.5035735
0.18,0.46,0.75,0.28,0.72,0.7,0.5035736
0.17,0.49,0.7,0.29,0.75,0.72,0.5035737
0.18,0.41,0.75,0.24,0.74,0.72,0.5035737
0.18,0.41,0.74,0.2,0.72,0.71,0.5035739
0.16,0.49,0.72,0.21,0.74,0.7,0.503574
0.18,0.43,0.73,0.25,0.75,0.7,0.503574
0.17,0.44,0.74,0.29,0.76,0.72,0.5035741
0.17,0.44,0.74,0.26,0.75,0.7,0.5035742
0.17,0.45,0.75,0.24,0.76,0.71,0.5035742
0.18,0.4,0.72,0.25,0.75,0.71,0.5035742
0.16,0.45,0.75,0.3,0.75,0.71,0.5035743
0.18,0.44,0.74,0.23,0.76,0.71,0.5035745
0.18,0.5,0.74,0.23,0.72,0.7,0.5035745
0.17,0.44,0.7,0.28,0.72,0.71,0.5035747
0.17,0.48,0.75,0.24,0.74,0.7,0.5035747
0.18,0.48,0.74,0.24,0.75,0.7,0.5035747
0.16,0.45,0.75,0.27,0.75,0.7,0.5035748
0.16,0.41,0.7,0.27,0.75,0.71,0.503575
0.18,0.47,0.74,0.23,0.74,0.7,0.503575
0.18,0.47,0.74,0.3,0.73,0.72,0.503575
0.18,0.5,0.71,0.25,0.75,0.71,0.503575
0.17,0.42,0.72,0.26,0.72,0.7,0.5035751
0.17,0.49,0.75,0.28,0.75,0.7,0.5035751
0.17,0.5,0.75,0.21,0.74,0.71,0.5035751
0.18,0.5,0.72,0.3,0.74,0.7,0.5035753
0.16,0.43,0.72,0.26,0.72,0.72,0.5035757
0.18,0.42,0.74,0.24,0.72,0.72,0.5035759
0.18,0.41,0.71,0.25,0.73,0.71,0.5035761
0.18,0.44,0.75,0.24,0.73,0.71,0.5035763
0.16,0.5,0.75,0.27,0.76,0.71,0.5035764
0.17,0.45,0.73,0.29,0.74,0.72,0.5035764
0.16,0.48,0.71,0.23,0.76,0.7,0.5035765
0.16,0.46,0.74,0.3,0.73,0.71,0.5035766
0.17,0.49,0.74,0.23,0.76,0.71,0.5035766
0.18,0.44,0.73,0.29,0.74,0.7,0.5035766
0.16,0.5,0.71,0.22,0.73,0.7,0.5035767
0.16,0.49,0.71,0.3,0.72,0.72,0.5035768
0.18,0.49,0.73,0.25,0.74,0.7,0.5035768
0.16,0.41,0.74,0.24,0.72,0.71,0.5035769
0.18,0.43,0.74,0.26,0.72,0.7,0.5035769
0.17,0.44,0.75,0.27,0.72,0.7,0.5035772
0.17,0.43,0.75,0.27,0.74,0.71,0.5035773
0.18,0.48,0.7,0.3,0.73,0.72,0.5035775
0.18,0.42,0.74,0.26,0.75,0.72,0.5035777
0.16,0.46,0.75,0.23,0.74,0.7,0.5035778
0.17,0.45,0.74,0.22,0.74,0.7,0.5035778
0.18,0.41,0.75,0.24,0.75,0.72,0.5035778
0.16,0.4,0.71,0.25,0.73,0.7,0.5035779
0.16,0.49,0.7,0.29,0.74,0.71,0.5035779
0.16,0.4,0.75,0.2,0.72,0.71,0.503578
0.16,0.43,0.75,0.23,0.76,0.71,0.503578
0.18,0.48,0.75,0.21,0.75,0.71,0.503578
0.17,0.41,0.73,0.24,0.75,0.7,0.5035781
0.16,0.42,0.74,0.25,0.75,0.7,0.5035782
0.17,0.4,0.73,0.23,0.73,0.72,0.5035782
0.17,0.42,0.74,0.22,0.76,0.71,0.5035782
0.17,0.44,0.7,0.3,0.75,0.71,0.5035784
0.17,0.5,0.74,0.29,0.74,0.7,0.5035784
0.18,0.4,0.72,0.23,0.75,0.7,0.5035784
0.17,0.42,0.72,0.28,0.75,0.7,0.5035786
0.18,0.44,0.73,0.21,0.74,0.7,0.5035787
0.18,0.45,0.72,0.29,0.72,0.7,0.5035787
0.16,0.43,0.72,0.28,0.75,0.72,0.5035788
0.18,0.41,0.73,0.21,0.76,0.71,0.5035788
0.17,0.5,0.73,0.24,0.75,0.71,0.5035792
0.18,0.41,0.71,0.27,0.76,0.71,0.5035792
0.16,0.49,0.7,0.24,0.75,0.7,0.5035793
0.17,0.44,0.74,0.27,0.72,0.71,0.5035794
0.17,0.46,0.72,0.29,0.72,0.72,0.5035795
0.18,0.5,0.72,0.26,0.73,0.7,0.5035797
0.16,0.41,0.74,0.26,0.75,0.71,0.5035798
0.18,0.43,0.73,0.26,0.73,0.72,0.5035798
0.17,0.42,0.75,0.23,0.73,0.71,0.5035799
0.17,0.49,0.7,0.29,0.76,0.72,0.50358
0.18,0.46,0.74,0.29,0.76,0.7,0.5035803
0.17,0.4,0.73,0.25,0.76,0.72,0.5035806
0.17,0.43,0.71,0.28,0.73,0.7,0.5035806
0.18,0.48,0.72,0.27,0.76,0.7,0.5035806
0.18,0.41,0.74,0.22,0.73,0.71,0.5035807
0.18,0.46,0.75,0.3,0.74,0.71,0.5035808
0.17,0.47,0.75,0.3,0.76,0.7,0.5035809
0.18,0.42,0.7,0.27,0.74,0.71,0.503581
0.17,0.46,0.75,0.2,0.75,0.71,0.5035811
0.16,0.4,0.71,0.27,0.76,0.7,0.5035813
0.16,0.44,0.71,0.28,0.73,0.72,0.5035813
0.17,0.49,0.75,0.24,0.74,0.7,0.5035814
0.16,0.42,0.73,0.26,0.73,0.71,0.5035815
0.18,0.45,0.75,0.2,0.72,0.71,0.5035815
0.16,0.43,0.74,0.21,0.74,0.7,0.5035816
0.17,0.48,0.7,0.3,0.72,0.71,0.5035818
0.18,0.5,0.7,0.2,0.76,0.72,0.5035818
0.18,0.42,0.75,0.2,0.74,0.72,0.5035821
0.17,0.42,0.73,0.2,0.74,0.7,0.5035823
0.18,0.47,0.74,0.25,0.75,0.7,0.5035823
0.16,0.49,0.71,0.3,0.73,0.72,0.5035824
0.17,0.41,0.72,0.25,0.74,0.72,0.5035824
0.17,0.48,0.75,0.26,0.75,0.7,0.5035825
0.17,0.44,0.74,0.29,0.75,0.71,0.5035826
0.18,0.49,0.72,0.2,0.75,0.71,0.5035827
0.16,0.4,0.74,0.21,0.76,0.71,0.5035828
0.18,0.4,0.72,0.25,0.74,0.7,0.5035828
0.18,0.43,0.73,0.28,0.76,0.72,0.5035828
0.16,0.45,0.75,0.3,0.74,0.7,0.5035829
0.18,0.48,0.7,0.3,0.74,0.72,0.5035832
0.16,0.41,0.7,0.27,0.74,0.7,0.5035833
0.18,0.43,0.73,0.27,0.76,0.7,0.5035833
0.18,0.47,0.74,0.3,0.72,0.71,0.5035835
0.17,0.5,0.74,0.25,0.73,0.7,0.5035837
0.17,0.44,0.74,0.28,0.76,0.7,0.5035838
0.18,0.47,0.75,0.26,0.72,0.7,0.5035839
0.18,0.48,0.75,0.23,0.76,0.71,0.503584
0.16,0.5,0.75,0.23,0.75,0.71,0.5035841
0.18,0.49,0.71,0.28,0.75,0.7,0.5035841
0.16,0.49,0.7,0.29,0.75,0.71,0.5035843
0.17,0.43,0.71,0.3,0.76,0.7,0.5035844
0.16,0.45,0.75,0.29,0.76,0.7,0.5035845
0.17,0.48,0.74,0.26,0.76,0.7,0.5035845
0.18,0.44,0.75,0.26,0.74,0.71,0.5035845
0.18,0.41,0.71,0.25,0.72,0.7,0.5035847
0.17,0.45,0.73,0.29,0.73,0.71,0.5035848
0.18,0.44,0.72,0.28,0.74,0.72,0.5035848
0.16,0.4,0.75,0.22,0.73,0.71,0.5035849
0.18,0.5,0.71,0.21,0.74,0.71,0.5035849
0.16,0.42,0.73,0.28,0.76,0.71,0.503585
0.16,0.44,0.71,0.3,0.76,0.72,0.503585
0.17,0.42,0.71,0.25,0.72,0.72,0.503585
0.16,0.46,0.74,0.3,0.72,0.7,0.5035852
0.17,0.45,0.74,0.24,0.75,0.7,0.5035855
0.16,0.44,0.75,0.27,0.73,0.72,0.5035856
0.16,0.46,0.75,0.25,0.75,0.7,0.5035857
0.18,0.44,0.73,0.23,0.75,0.7,0.5035857
0.17,0.5,0.71,0.27,0.76,0.71,0.503586
0.18,0.42,0.74,0.26,0.74,0.71,0.5035863
0.18,0.47,0.73,0.22,0.76,0.7,0.5035865
0.17,0.44,0.7,0.3,0.74,0.7,0.5035866
0.17,0.4,0.73,0.23,0.72,0.71,0.5035867
0.18,0.49,0.73,0.21,0.73,0.7,0.5035867
0.16,0.49,0.75,0.3,0.76,0.7,0.5035868
0.17,0.46,0.75,0.22,0.76,0.71,0.5035869
0.18,0.49,0.7,0.23,0.76,0.71,0.503587
0.16,0.43,0.72,0.28,0.74,0.71,0.5035871
0.17,0.45,0.75,0.25,0.72,0.7,0.5035871
0.16,0.45,0.7,0.3,0.74,0.72,0.5035875
0.17,0.48,0.7,0.3,0.73,0.71,0.5035875
0.18,0.4,0.72,0.25,0.76,0.7,0.5035875
0.18,0.44,0.74,0.24,0.72,0.7,0.5035875
0.17,0.41,0.73,0.26,0.76,0.7,0.5035876
0.17,0.42,0.71,0.27,0.75,0.72,0.5035876
0.17,0.49,0.73,0.27,0.75,0.7,0.5035876
0.18,0.41,0.71,0.27,0.75,0.7,0.5035877
0.16,0.42,0.74,0.27,0.76,0.7,0.5035878
0.18,0.45,0.71,0.28,0.72,0.72,0.503588
0.16,0.49,0.71,0.3,0.74,0.72,0.5035881
0.18,0.45,0.74,0.21,0.76,0.71,0.5035881
0.18,0.45,0.75,0.22,0.73,0.71,0.5035881
0.16,0.41,0.74,0.26,0.74,0.7,0.5035883
0.18,0.48,0.72,0.23,0.75,0.7,0.5035883
0.16,0.4,0.7,0.24,0.73,0.72,0.5035886
0.18,0.42,0.75,0.22,0.75,0.72,0.5035886
0.18,0.43,0.73,0.26,0.72,0.71,0.5035886
0.16,0.44,0.75,0.29,0.76,0.72,0.5035887
0.18,0.5,0.72,0.22,0.72,0.7,0.5035887
0.17,0.42,0.75,0.25,0.74,0.71,0.5035888
0.18,0.41,0.74,0.24,0.74,0.71,0.5035888
0.17,0.4,0.73,0.25,0.75,0.71,0.503589
0.18,0.48,0.7,0.3,0.75,0.72,0.5035891
0.16,0.43,0.74,0.23,0.75,0.7,0.5035892
0.17,0.47,0.75,0.3,0.73,0.72,0.5035892
0.17,0.42,0.73,0.22,0.75,0.7,0.5035894
0.16,0.49,0.7,0.2,0.74,0.7,0.5035895
0.18,0.46,0.75,0.3,0.73,0.7,0.5035895
0.18,0.48,0.74,0.21,0.74,0.7,0.5035895
0.16,0.44,0.71,0.28,0.72,0.71,0.5035896
0.18,0.42,0.7,0.27,0.73,0.7,0.5035896
0.17,0.5,0.73,0.2,0.74,0.71,0.5035897
0.16,0.5,0.73,0.26,0.76,0.71,0.5035899
0.18,0.41,0.72,0.21,0.75,0.7,0.5035901
0.16,0.42,0.73,0.26,0.72,0.7,0.5035903
0.17,0.43,0.7,0.27,0.73,0.72,0.5035903
0.17,0.42,0.75,0.24,0.72,0.72,0.5035904
0.18,0.47,0.74,0.27,0.76,0.7,0.5035905
0.18,0.45,0.71,0.3,0.75,0.72,0.5035906
0.16,0.49,0.7,0.29,0.76,0.71,0.5035907
0.18,0.49,0.71,0.24,0.74,0.7,0.5035907
0.16,0.44,0.75,0.21,0.76,0.71,0.5035908
0.17,0.41,0.72,0.25,0.73,0.71,0.5035908
0.17,0.48,0.75,0.28,0.76,0.7,0.5035908
0.16,0.4,0.7,0.26,0.76,0.72,0.5035911
0.16,0.43,0.75,0.24,0.72,0.7,0.5035911
0.16,0.45,0.74,0.29,0.74,0.72,0.5035911
0.17,0.5,0.72,0.28,0.74,0.7,0.5035911
0.17,0.42,0.74,0.23,0.72,0.7,0.5035912
0.17,0.44,0.74,0.29,0.74,0.7,0.5035912
0.18,0.43,0.73,0.28,0.75,0.71,0.5035912
0.17,0.49,0.72,0.22,0.76,0.71,0.5035914
0.16,0.47,0.75,0.21,0.74,0.7,0.5035916
0.16,0.49,0.75,0.26,0.75,0.7,0.5035917
0.17,0.43,0.74,0.2,0.76,0.71,0.5035918
0.17,0.43,0.75,0.21,0.73,0.71,0.5035919
0.16,0.48,0.7,0.3,0.72,0.7,0.503592
0.18,0.41,0.73,0.22,0.72,0.7,0.503592
0.18,0.5,0.75,0.22,0.76,0.72,0.5035921
0.17,0.49,0.75,0.2,0.73,0.7,0.5035922
0.17,0.42,0.75,0.26,0.75,0.72,0.5035924
0.18,0.4,0.71,0.24,0.74,0.72,0.5035924
0.18,0.47,0.75,0.28,0.73,0.7,0.5035924
0.17,0.46,0.74,0.2,0.74,0.7,0.5035925
0.18,0.45,0.75,0.27,0.72,0.72,0.5035925
0.16,0.44,0.71,0.3,0.75,0.71,0.5035931
0.17,0.48,0.74,0.22,0.75,0.7,0.5035931
0.18,0.42,0.7,0.29,0.76,0.7,0.5035931
0.18,0.42,0.74,0.2,0.73,0.71,0.5035931
0.16,0.4,0.74,0.23,0.73,0.72,0.5035933
0.16,0.42,0.73,0.28,0.75,0.7,0.5035934
0.17,0.48,0.7,0.3,0.74,0.71,0.5035934
0.18,0.44,0.72,0.28,0.73,0.71,0.5035934
0.17,0.43,0.7,0.29,0.76,0.72,0.5035935
0.17,0.45,0.73,0.29,0.72,0.7,0.5035935
0.18,0.44,0.73,0.25,0.76,0.7,0.5035935
0.17,0.4,0.75,0.21,0.75,0.72,0.5035936
0.17,0.45,0.74,0.26,0.76,0.7,0.5035937
0.17,0.5,0.74,0.21,0.72,0.7,0.5035937
0.16,0.4,0.73,0.21,0.75,0.7,0.5035938
0.16,0.4,0.75,0.24,0.74,0.71,0.5035938
0.18,0.44,0.75,0.28,0.75,0.71,0.5035938
0.18,0.46,0.7,0.3,0.73,0.72,0.5035938
0.18,0.5,0.7,0.25,0.73,0.7,0.5035938
0.16,0.46,0.75,0.27,0.76,0.7,0.5035939
0.17,0.41,0.72,0.27,0.76,0.71,0.5035939
0.17,0.5,0.71,0.23,0.75,0.71,0.5035939
0.16,0.46,0.73,0.29,0.72,0.72,0.5035941
0.16,0.49,0.71,0.3,0.75,0.72,0.5035941
0.18,0.48,0.7,0.26,0.76,0.7,0.5035942
0.16,0.44,0.75,0.27,0.72,0.71,0.5035944
0.17,0.43,0.74,0.26,0.73,0.72,0.5035944
0.16,0.5,0.74,0.27,0.74,0.7,0.5035949
0.18,0.45,0.75,0.29,0.75,0.72,0.503595
0.17,0.49,0.73,0.23,0.74,0.7,0.5035951
0.18,0.41,0.7,0.24,0.72,0.72,0.5035952
0.18,0.48,0.7,0.3,0.76,0.72,0.5035952
0.18,0.45,0.75,0.24,0.74,0.71,0.5035955
0.16,0.4,0.74,0.25,0.76,0.72,0.5035956
0.18,0.44,0.74,0.26,0.73,0.7,0.5035956
0.16,0.43,0.72,0.28,0.73,0.7,0.5035957
0.16,0.45,0.7,0.3,0.73,0.71,0.5035957
0.16,0.4,0.74,0.22,0.72,0.7,0.5035959
0.17,0.42,0.71,0.27,0.74,0.71,0.5035959
0.17,0.45,0.75,0.27,0.73,0.7,0.5035959
0.17,0.49,0.71,0.3,0.76,0.7,0.503596
0.18,0.48,0.75,0.24,0.72,0.7,0.503596
0.18,0.5,0.74,0.3,0.76,0.71,0.5035962
0.16,0.49,0.74,0.21,0.76,0.71,0.5035963
0.18,0.42,0.75,0.24,0.76,0.72,0.5035964
0.18,0.44,0.72,0.3,0.76,0.71,0.5035967
0.16,0.4,0.7,0.24,0.72,0.71,0.5035968
0.16,0.41,0.75,0.2,0.73,0.71,0.5035968
0.18,0.41,0.7,0.26,0.75,0.72,0.503597
0.16,0.44,0.75,0.29,0.75,0.71,0.5035972
0.17,0.43,0.74,0.28,0.76,0.72,0.5035973
0.16,0.41,0.73,0.25,0.74,0.72,0.5035975
0.16,0.43,0.74,0.25,0.76,0.7,0.5035975
0.17,0.42,0.73,0.24,0.76,0.7,0.5035975
0.18,0.46,0.74,0.29,0.73,0.72,0.5035975
0.17,0.4,0.73,0.25,0.74,0.7,0.5035978
0.17,0.47,0.75,0.3,0.72,0.71,0.5035978
0.17,0.48,0.72,0.25,0.76,0.7,0.5035978
0.17,0.5,0.72,0.24,0.73,0.7,0.5035978
0.18,0.41,0.72,0.23,0.76,0.7,0.5035978
0.16,0.47,0.75,0.23,0.75,0.7,0.503598
0.16,0.48,0.7,0.3,0.73,0.7,0.503598
0.17,0.46,0.74,0.22,0.75,0.7,0.5035982
0.17,0.43,0.7,0.27,0.72,0.71,0.5035985
0.18,0.49,0.75,0.25,0.76,0.71,0.5035987
0.16,0.5,0.73,0.22,0.75,0.71,0.5035988
0.17,0.46,0.75,0.23,0.72,0.7,0.5035989
0.18,0.45,0.71,0.3,0.74,0.71,0.503599
0.16,0.43,0.72,0.3,0.76,0.7,0.5035991
0.17,0.43,0.75,0.23,0.74,0.71,0.5035992
0.16,0.49,0.73,0.29,0.76,0.7,0.5035993
0.16,0.4,0.7,0.26,0.75,0.71,0.5035994
0.17,0.44,0.73,0.28,0.74,0.72,0.5035994
0.17,0.41,0.72,0.25,0.72,0.7,0.5035995
0.17,0.48,0.7,0.3,0.75,0.71,0.5035995
0.18,0.45,0.73,0.21,0.75,0.7,0.5035995
0.18,0.45,0.74,0.22,0.72,0.7,0.5035996
0.16,0.45,0.74,0.29,0.73,0.71,0.5035997
0.17,0.42,0.74,0.25,0.73,0.7,0.5035999
0.18,0.42,0.74,0.22,0.74,0.71,0.5035999
0.18,0.43,0.73,0.28,0.74,0.7,0.5035999
0.16,0.42,0.72,0.25,0.72,0.72,0.5036001
0.18,0.41,0.73,0.24,0.73,0.7,0.5036001
0.16,0.43,0.75,0.26,0.73,0.7,0.5036002
0.16,0.49,0.71,0.3,0.76,0.72,0.5036002
0.16,0.49,0.75,0.22,0.74,0.7,0.5036004
0.18,0.41,0.74,0.23,0.72,0.72,0.5036009
0.18,0.4,0.71,0.24,0.73,0.71,0.503601
0.18,0.5,0.74,0.26,0.75,0.71,0.503601
0.17,0.49,0.71,0.26,0.75,0.7,0.5036011
0.17,0.42,0.75,0.26,0.74,0.71,0.5036012
0.18,0.47,0.71,0.21,0.76,0.7,0.5036012
0.17,0.4,0.75,0.23,0.76,0.72,0.5036014
0.16,0.44,0.71,0.3,0.74,0.7,0.5036015
0.16,0.49,0.7,0.29,0.72,0.72,0.5036015
0.18,0.49,0.71,0.2,0.73,0.7,0.5036015
0.18,0.43,0.75,0.2,0.75,0.72,0.5036016
0.17,0.43,0.7,0.29,0.75,0.71,0.5036017
0.18,0.47,0.75,0.3,0.74,0.7,0.5036017
0.17,0.47,0.75,0.2,0.76,0.71,0.5036019
0.18,0.41,0.74,0.25,0.75,0.72,0.5036019
0.16,0.4,0.74,0.23,0.72,0.71,0.503602
0.16,0.44,0.74,0.21,0.75,0.7,0.5036021
0.18,0.44,0.72,0.28,0.72,0.7,0.5036021
0.18,0.46,0.75,0.2,0.73,0.71,0.5036021
0.16,0.4,0.73,0.23,0.76,0.7,0.5036023
0.18,0.46,0.7,0.3,0.72,0.71,0.5036023
0.16,0.48,0.74,0.24,0.76,0.7,0.5036024
0.16,0.42,0.72,0.27,0.75,0.72,0.5036025
0.17,0.41,0.72,0.27,0.75,0.7,0.5036025
0.17,0.45,0.72,0.28,0.72,0.72,0.5036025
0.16,0.5,0.74,0.23,0.73,0.7,0.5036026
0.16,0.44,0.75,0.22,0.72,0.7,0.5036028
0.16,0.5,0.72,0.3,0.75,0.7,0.5036031
0.18,0.48,0.7,0.22,0.75,0.7,0.5036032
0.17,0.43,0.73,0.2,0.75,0.7,0.5036033
0.17,0.43,0.74,0.26,0.72,0.71,0.5036033
0.18,0.4,0.71,0.26,0.76,0.71,0.5036033
0.18,0.45,0.75,0.26,0.75,0.71,0.5036033
0.17,0.43,0.74,0.21,0.72,0.7,0.5036034
0.18,0.48,0.75,0.26,0.73,0.7,0.5036034
0.16,0.41,0.75,0.22,0.74,0.71,0.5036036
0.18,0.45,0.75,0.29,0.74,0.71,0.5036036
0.18,0.5,0.7,0.21,0.72,0.7,0.5036038
0.16,0.48,0.7,0.3,0.74,0.7,0.503604
0.18,0.42,0.73,0.25,0.73,0.72,0.503604
0.16,0.4,0.74,0.25,0.75,0.71,0.5036041
0.16,0.45,0.7,0.3,0.72,0.7,0.5036041
0.16,0.5,0.71,0.25,0.76,0.71,0.5036044
0.18,0.42,0.73,0.2,0.72,0.7,0.5036044
0.17,0.42,0.71,0.27,0.73,0.7,0.5036045
0.17,0.4,0.74,0.21,0.74,0.71,0.5036046
0.17,0.5,0.7,0.27,0.74,0.7,0.5036047
0.16,0.4,0.74,0.24,0.73,0.7,0.5036049
0.18,0.44,0.74,0.28,0.74,0.7,0.5036049
0.16,0.43,0.71,0.27,0.73,0.72,0.5036051
0.16,0.49,0.73,0.25,0.75,0.7,0.5036051
0.17,0.45,0.72,0.3,0.75,0.72,0.5036051
0.18,0.44,0.72,0.3,0.75,0.7,0.5036053
0.16,0.47,0.75,0.25,0.76,0.7,0.5036054
0.17,0.46,0.74,0.24,0.76,0.7,0.5036054
0.18,0.41,0.7,0.26,0.74,0.71,0.5036054
0.17,0.45,0.75,0.29,0.74,0.7,0.5036056
0.17,0.48,0.7,0.3,0.76,0.71,0.5036057
0.16,0.41,0.73,0.25,0.73,0.71,0.5036059
0.17,0.43,0.74,0.28,0.75,0.71,0.5036059
0.18,0.45,0.73,0.23,0.76,0.7,0.5036059
0.16,0.44,0.75,0.29,0.74,0.7,0.503606
0.18,0.46,0.74,0.29,0.72,0.71,0.5036062
0.17,0.47,0.73,0.2,0.76,0.7,0.5036063
0.18,0.42,0.73,0.27,0.76,0.72,0.5036064
0.17,0.46,0.75,0.25,0.73,0.7,0.5036066
0.18,0.5,0.73,0.21,0.76,0.72,0.5036067
0.17,0.49,0.7,0.21,0.76,0.71,0.5036069
0.18,0.45,0.74,0.24,0.73,0.7,0.5036069
0.17,0.4,0.72,0.24,0.74,0.72,0.5036071
0.16,0.49,0.7,0.29,0.73,0.72,0.5036072
0.17,0.43,0.75,0.25,0.75,0.71,0.5036073
0.18,0.5,0.75,0.27,0.73,0.7,0.5036073
0.18,0.42,0.74,0.24,0.75,0.71,0.5036076
0.18,0.45,0.71,0.3,0.73,0.7,0.5036077
0.16,0.4,0.7,0.26,0.74,0.7,0.5036078
0.17,0.48,0.72,0.21,0.75,0.7,0.5036078
0.17,0.42,0.71,0.29,0.76,0.7,0.5036079
0.18,0.43,0.75,0.22,0.76,0.72,0.5036079
0.18,0.46,0.75,0.22,0.74,0.71,0.5036079
0.16,0.41,0.74,0.2,0.72,0.7,0.503608
0.17,0.44,0.73,0.28,0.73,0.71,0.5036081
0.17,0.46,0.71,0.3,0.73,0.72,0.5036082
0.16,0.43,0.71,0.29,0.76,0.72,0.5036083
0.16,0.45,0.74,0.29,0.72,0.7,0.5036084
0.18,0.43,0.72,0.27,0.74,0.72,0.5036084
0.16,0.5,0.72,0.26,0.74,0.7,0.5036085
0.17,0.5,0.72,0.2,0.72,0.7,0.5036086
0.18,0.5,0.72,0.29,0.76,0.71,0.5036087
0.16,0.41,0.73,0.27,0.76,0.71,0.5036088
0.16,0.44,0.74,0.23,0.76,0.7,0.503609
0.18,0.49,0.75,0.21,0.75,0.71,0.503609
0.16,0.43,0.75,0.26,0.73,0.72,0.5036094
0.18,0.49,0.75,0.22,0.72,0.7,0.5036094
0.17,0.43,0.73,0.22,0.76,0.7,0.5036096
0.17,0.41,0.71,0.24,0.72,0.72,0.5036098
0.18,0.4,0.71,0.24,0.72,0.7,0.5036099
0.17,0.43,0.7,0.29,0.74,0.7,0.5036102
0.17,0.49,0.71,0.22,0.74,0.7,0.5036102
0.16,0.48,0.7,0.3,0.75,0.7,0.5036103
0.16,0.44,0.75,0.24,0.73,0.7,0.5036105
0.18,0.5,0.74,0.22,0.74,0.71,0.5036106
0.17,0.43,0.74,0.23,0.73,0.7,0.5036107
0.18,0.41,0.74,0.25,0.74,0.71,0.5036107
0.16,0.44,0.7,0.29,0.74,0.72,0.5036108
0.18,0.42,0.72,0.21,0.76,0.7,0.5036108
0.16,0.42,0.72,0.27,0.74,0.71,0.5036109
0.17,0.44,0.73,0.3,0.76,0.71,0.5036112
0.18,0.49,0.74,0.29,0.75,0.7,0.5036113
0.18,0.42,0.73,0.22,0.73,0.7,0.5036115
0.18,0.44,0.71,0.27,0.72,0.72,0.5036115
0.17,0.44,0.75,0.21,0.74,0.71,0.5036116
0.17,0.5,0.75,0.2,0.76,0.72,0.5036116
0.18,0.48,0.75,0.28,0.74,0.7,0.5036116
0.16,0.49,0.72,0.2,0.76,0.71,0.5036117
0.16,0.43,0.75,0.28,0.76,0.72,0.5036118
0.17,0.41,0.71,0.26,0.75,0.72,0.5036118
0.17,0.46,0.75,0.29,0.73,0.72,0.503612
0.18,0.4,0.71,0.26,0.75,0.7,0.503612
0.17,0.5,0.74,0.28,0.76,0.71,0.5036121
0.18,0.45,0.75,0.28,0.76,0.71,0.5036121
0.16,0.41,0.75,0.24,0.75,0.71,0.5036122
0.18,0.49,0.73,0.24,0.76,0.71,0.5036123
0.17,0.41,0.75,0.21,0.76,0.72,0.5036124
0.17,0.4,0.74,0.23,0.75,0.71,0.5036125
0.17,0.47,0.75,0.21,0.72,0.7,0.5036125
0.17,0.48,0.7,0.24,0.76,0.7,0.5036125
0.16,0.48,0.75,0.21,0.75,0.7,0.5036127
0.16,0.49,0.71,0.28,0.76,0.7,0.5036127
0.17,0.5,0.7,0.23,0.73,0.7,0.5036129
0.18,0.43,0.74,0.2,0.74,0.71,0.5036129
0.18,0.42,0.73,0.25,0.72,0.71,0.503613
0.16,0.49,0.7,0.29,0.74,0.72,0.5036131
0.16,0.48,0.74,0.2,0.75,0.7,0.5036133
0.16,0.43,0.71,0.27,0.72,0.71,0.5036135
0.17,0.47,0.74,0.2,0.75,0.7,0.5036136
0.17,0.45,0.72,0.3,0.74,0.71,0.5036137
0.18,0.44,0.71,0.29,0.75,0.72,0.5036137
0.18,0.46,0.74,0.2,0.72,0.7,0.5036138
0.16,0.41,0.73,0.21,0.76,0.7,0.503614
0.16,0.5,0.71,0.21,0.75,0.71,0.5036141
0.18,0.41,0.7,0.26,0.73,0.7,0.5036141
0.16,0.44,0.74,0.28,0.74,0.72,0.5036143
0.17,0.42,0.7,0.26,0.73,0.72,0.5036144
0.18,0.4,0.74,0.2,0.76,0.72,0.5036144
0.18,0.45,0.74,0.26,0.74,0.7,0.5036146
0.17,0.43,0.74,0.28,0.74,0.7,0.5036147
0.17,0.46,0.75,0.27,0.74,0.7,0.5036147
0.18,0.46,0.75,0.24,0.75,0.71,0.5036147
0.16,0.41,0.73,0.25,0.72,0.7,0.5036148
0.18,0.42,0.73,0.27,0.75,0.71,0.5036149
0.18,0.5,0.72,0.25,0.75,0.71,0.5036149
0.18,0.5,0.73,0.3,0.74,0.7,0.503615
0.16,0.41,0.74,0.22,0.73,0.7,0.5036151
0.16,0.49,0.73,0.21,0.74,0.7,0.5036151
0.17,0.4,0.72,0.2,0.76,0.7,0.5036151
0.18,0.5,0.75,0.23,0.72,0.7,0.5036154
0.17,0.41,0.75,0.23,0.72,0.72,0.5036155
0.17,0.4,0.72,0.24,0.73,0.71,0.5036157
0.18,0.49,0.75,0.24,0.73,0.7,0.5036157
0.17,0.4,0.73,0.21,0.73,0.7,0.503616
0.16,0.45,0.75,0.2,0.72,0.7,0.5036163
0.18,0.42,0.74,0.26,0.76,0.71,0.5036163
0.16,0.42,0.75,0.2,0.74,0.71,0.5036164
0.17,0.43,0.75,0.27,0.76,0.71,0.5036164
0.18,0.44,0.75,0.26,0.72,0.72,0.5036164
0.16,0.43,0.71,0.29,0.75,0.71,0.5036166
0.17,0.41,0.75,0.25,0.75,0.72,0.5036166
0.16,0.48,0.7,0.3,0.76,0.7,0.5036167
0.18,0.45,0.7,0.29,0.73,0.72,0.5036168
0.17,0.46,0.71,0.3,0.72,0.71,0.5036169
0.17,0.44,0.73,0.28,0.72,0.7,0.503617
0.17,0.49,0.75,0.23,0.76,0.71,0.503617
0.18,0.41,0.7,0.28,0.76,0.7,0.503617
0.16,0.48,0.72,0.23,0.76,0.7,0.5036171
0.17,0.42,0.7,0.28,0.76,0.72,0.5036171
0.18,0.4,0.75,0.21,0.73,0.72,0.5036171
0.16,0.45,0.73,0.28,0.72,0.72,0.5036172
0.18,0.43,0.72,0.27,0.73,0.71,0.5036172
0.17,0.48,0.7,0.3,0.72,0.72,0.5036174
0.18,0.49,0.74,0.25,0.74,0.7,0.5036174
0.16,0.41,0.73,0.27,0.75,0.7,0.5036175
0.16,0.5,0.72,0.22,0.73,0.7,0.5036177
0.17,0.4,0.72,0.26,0.76,0.71,0.5036182
0.17,0.5,0.75,0.29,0.74,0.7,0.5036182
0.18,0.44,0.75,0.28,0.75,0.72,0.5036182
0.16,0.43,0.75,0.26,0.72,0.71,0.5036184
0.17,0.42,0.74,0.25,0.73,0.72,0.5036186
0.17,0.44,0.75,0.23,0.75,0.71,0.5036186
0.17,0.43,0.74,0.25,0.74,0.7,0.5036187
0.16,0.44,0.75,0.26,0.74,0.7,0.5036188
0.17,0.47,0.75,0.23,0.73,0.7,0.5036188
0.17,0.47,0.74,0.22,0.76,0.7,0.503619
0.18,0.42,0.73,0.24,0.74,0.7,0.5036191
0.16,0.44,0.7,0.29,0.73,0.71,0.5036192
0.16,0.49,0.7,0.29,0.75,0.72,0.5036192
0.17,0.5,0.74,0.24,0.75,0.71,0.5036193
0.18,0.43,0.74,0.22,0.75,0.71,0.5036193
0.16,0.42,0.72,0.27,0.73,0.7,0.5036195
0.18,0.46,0.74,0.22,0.73,0.7,0.5036196
0.16,0.45,0.73,0.3,0.75,0.72,0.5036197
0.16,0.49,0.71,0.24,0.75,0.7,0.5036198
0.17,0.44,0.73,0.3,0.75,0.7,0.5036198
0.18,0.43,0.72,0.29,0.76,0.71,0.50362
0.18,0.5,0.73,0.26,0.73,0.7,0.50362
0.18,0.48,0.75,0.3,0.75,0.7,0.5036201
0.17,0.41,0.71,0.26,0.74,0.71,0.5036202
0.18,0.46,0.73,0.21,0.76,0.7,0.5036203
0.16,0.43,0.75,0.28,0.75,0.71,0.5036206
0.18,0.45,0.74,0.28,0.73,0.72,0.5036206
0.17,0.46,0.75,0.29,0.72,0.71,0.5036207
0.18,0.4,0.7,0.23,0.72,0.72,0.5036207
0.18,0.48,0.73,0.27,0.76,0.7,0.5036207
0.17,0.42,0.74,0.27,0.76,0.72,0.503621
0.16,0.41,0.75,0.26,0.76,0.71,0.5036213
0.17,0.4,0.74,0.25,0.76,0.71,0.5036214
0.18,0.4,0.7,0.25,0.75,0.72,0.5036216
0.18,0.43,0.75,0.23,0.72,0.71,0.5036217
0.18,0.44,0.75,0.2,0.76,0.72,0.5036218
0.18,0.5,0.7,0.28,0.76,0.71,0.503622
0.18,0.5,0.71,0.2,0.76,0.72,0.5036221
0.16,0.4,0.73,0.24,0.74,0.72,0.5036223
0.18,0.44,0.71,0.29,0.74,0.71,0.5036223
0.18,0.46,0.75,0.26,0.76,0.71,0.5036223
0.17,0.45,0.72,0.3,0.73,0.7,0.5036225
0.18,0.47,0.75,0.2,0.74,0.71,0.5036226
0.16,0.42,0.72,0.29,0.76,0.7,0.5036227
0.16,0.45,0.75,0.22,0.73,0.7,0.5036227
0.18,0.49,0.75,0.26,0.74,0.7,0.5036227
0.16,0.46,0.72,0.3,0.73,0.72,0.5036228
0.16,0.45,0.74,0.21,0.76,0.7,0.5036229
0.17,0.42,0.7,0.26,0.72,0.71,0.5036229
0.17,0.48,0.7,0.3,0.73,0.72,0.5036229
0.17,0.43,0.73,0.27,0.74,0.72,0.503623
0.16,0.42,0.75,0.22,0.75,0.71,0.5036231
0.16,0.44,0.74,0.28,0.73,0.71,0.5036231
0.18,0.45,0.74,0.3,0.76,0.72,0.5036231
0.17,0.44,0.74,0.21,0.73,0.7,0.5036232
0.16,0.5,0.7,0.25,0.74,0.7,0.5036234
0.18,0.45,0.74,0.28,0.75,0.7,0.5036234
0.16,0.41,0.74,0.24,0.74,0.7,0.5036235
0.17,0.48,0.7,0.2,0.75,0.7,0.5036236
0.18,0.49,0.73,0.2,0.75,0.71,0.5036236
0.17,0.41,0.74,0.21,0.75,0.71,0.5036238
0.17,0.46,0.75,0.29,0.75,0.7,0.5036238
0.17,0.4,0.73,0.23,0.74,0.7,0.5036239
0.18,0.4,0.75,0.23,0.74,0.72,0.5036239
0.18,0.42,0.73,0.27,0.74,0.7,0.5036239
0.18,0.49,0.72,0.28,0.75,0.7,0.5036241
0.17,0.44,0.73,0.2,0.76,0.7,0.5036242
0.17,0.5,0.75,0.25,0.73,0.7,0.5036244
0.17,0.4,0.72,0.24,0.72,0.7,0.5036246
0.18,0.43,0.73,0.2,0.73,0.7,0.5036247
0.16,0.41,0.72,0.24,0.72,0.72,0.503625
0.16,0.43,0.71,0.29,0.74,0.7,0.5036251
0.16,0.49,0.7,0.29,0.76,0.72,0.5036254
0.17,0.42,0.7,0.28,0.75,0.71,0.5036254
0.17,0.5,0.72,0.27,0.76,0.71,0.5036255
0.18,0.45,0.7,0.29,0.72,0.71,0.5036255
0.18,0.4,0.73,0.2,0.75,0.71,0.5036256
0.18,0.5,0.72,0.21,0.74,0.71,0.5036256
0.18,0.46,0.73,0.3,0.74,0.72,0.5036257
0.16,0.44,0.74,0.3,0.76,0.71,0.5036258
0.17,0.44,0.72,0.27,0.72,0.72,0.503626
0.17,0.47,0.75,0.25,0.74,0.7,0.5036261
0.17,0.44,0.75,0.25,0.76,0.71,0.5036262
0.18,0.43,0.72,0.27,0.72,0.7,0.5036262
0.18,0.46,0.74,0.24,0.74,0.7,0.5036263
0.17,0.41,0.75,0.22,0.72,0.71,0.5036265
0.18,0.4,0.74,0.24,0.75,0.72,0.5036266
0.18,0.43,0.74,0.24,0.76,0.71,0.5036266
0.16,0.41,0.72,0.26,0.75,0.72,0.5036268
0.18,0.4,0.74,0.22,0.72,0.72,0.5036268
0.18,0.44,0.75,0.28,0.74,0.71,0.5036269
0.17,0.4,0.72,0.26,0.75,0.7,0.503627
0.18,0.49,0.71,0.23,0.76,0.71,0.5036272
0.16,0.48,0.7,0.3,0.72,0.71,0.5036277
0.17,0.42,0.74,0.25,0.72,0.71,0.5036277
0.17,0.43,0.74,0.27,0.75,0.7,0.5036277
0.17,0.49,0.74,0.27,0.75,0.7,0.5036277
0.18,0.42,0.73,0.26,0.75,0.7,0.5036277
0.18,0.5,0.71,0.29,0.74,0.7,0.5036277
0.16,0.44,0.7,0.29,0.72,0.7,0.5036278
0.16,0.42,0.74,0.2,0.73,0.7,0.5036279
0.18,0.47,0.75,0.22,0.75,0.71,0.5036279
0.18,0.49,0.74,0.21,0.73,0.7,0.5036279
0.16,0.44,0.75,0.28,0.75,0.7,0.5036281
0.18,0.4,0.74,0.21,0.72,0.71,0.5036282
0.16,0.45,0.73,0.3,0.74,0.71,0.5036284
0.17,0.44,0.72,0.29,0.75,0.72,0.5036284
0.17,0.48,0.7,0.3,0.74,0.72,0.5036285
0.18,0.43,0.72,0.29,0.75,0.7,0.5036287
0.18,0.41,0.73,0.24,0.73,0.72,0.5036289
0.17,0.41,0.71,0.26,0.73,0.7,0.5036291
0.18,0.48,0.73,0.23,0.75,0.7,0.5036292
0.18,0.43,0.75,0.25,0.73,0.71,0.5036293
0.16,0.42,0.71,0.26,0.73,0.72,0.5036294
0.16,0.5,0.74,0.26,0.76,0.71,0.5036294
0.18,0.45,0.74,0.28,0.72,0.71,0.5036294
0.18,0.47,0.72,0.3,0.72,0.72,0.5036294
0.16,0.43,0.75,0.28,0.74,0.7,0.5036295
0.18,0.5,0.73,0.22,0.72,0.7,0.5036296
0.17,0.42,0.74,0.27,0.75,0.71,0.5036297
0.18,0.5,0.7,0.24,0.75,0.71,0.5036298
0.16,0.45,0.75,0.24,0.74,0.7,0.5036301
0.17,0.44,0.74,0.23,0.74,0.7,0.5036302
0.18,0.4,0.7,0.25,0.74,0.71,0.5036302
0.18,0.41,0.73,0.26,0.76,0.72,0.5036304
0.17,0.5,0.74,0.2,0.74,0.71,0.5036305
0.16,0.49,0.71,0.2,0.74,0.7,0.5036307
0.16,0.4,0.73,0.24,0.73,0.71,0.5036309
0.16,0.42,0.75,0.24,0.76,0.71,0.503631
0.18,0.43,0.73,0.22,0.74,0.7,0.503631
0.17,0.5,0.73,0.28,0.74,0.7,0.5036311
0.18,0.44,0.71,0.29,0.73,0.7,0.5036311
0.18,0.49,0.72,0.24,0.74,0.7,0.5036313
0.17,0.41,0.74,0.23,0.76,0.71,0.5036314
0.17,0.45,0.71,0.29,0.73,0.72,0.5036314
0.16,0.46,0.72,0.3,0.72,0.71,0.5036315
0.17,0.49,0.73,0.22,0.76,0.71,0.5036316
0.17,0.45,0.75,0.21,0.75,0.71,0.5036317
0.17,0.41,0.71,0.28,0.76,0.7,0.5036318
0.16,0.42,0.71,0.28,0.76,0.72,0.5036319
0.17,0.43,0.73,0.27,0.73,0.71,0.5036319
0.18,0.45,0.74,0.3,0.75,0.71,0.5036319
0.16,0.44,0.74,0.28,0.72,0.7,0.503632
0.18,0.4,0.73,0.22,0.76,0.71,0.5036322
0.16,0.41,0.74,0.26,0.75,0.7,0.5036326
0.18,0.42,0.72,0.26,0.74,0.72,0.5036326
0.16,0.48,0.7,0.22,0.76,0.7,0.5036327
0.17,0.4,0.73,0.25,0.75,0.7,0.5036328
0.18,0.45,0.74,0.3,0.76,0.7,0.5036328
0.17,0.48,0.75,0.21,0.73,0.7,0.5036331
0.16,0.4,0.73,0.26,0.76,0.71,0.5036332
0.16,0.48,0.7,0.3,0.73,0.71,0.5036333
0.16,0.5,0.7,0.21,0.73,0.7,0.5036334
0.18,0.44,0.74,0.2,0.75,0.71,0.5036334
0.16,0.42,0.75,0.25,0.73,0.72,0.5036336
0.18,0.44,0.75,0.21,0.72,0.71,0.5036337
0.17,0.47,0.75,0.27,0.75,0.7,0.5036339
0.18,0.46,0.74,0.26,0.75,0.7,0.5036339
0.17,0.42,0.7,0.28,0.74,0.7,0.5036341
0.17,0.5,0.72,0.23,0.75,0.71,0.5036341
0.18,0.47,0.75,0.24,0.76,0.71,0.5036341
0.18,0.5,0.71,0.25,0.73,0.7,0.5036341
0.17,0.48,0.7,0.3,0.75,0.72,0.5036342
0.17,0.41,0.75,0.24,0.73,0.71,0.5036343
0.18,0.48,0.71,0.26,0.76,0.7,0.5036343
0.17,0.43,0.73,0.29,0.76,0.71,0.5036345
0.18,0.46,0.73,0.3,0.73,0.71,0.5036345
0.18,0.47,0.74,0.2,0.73,0.7,0.5036345
0.16,0.43,0.7,0.28,0.74,0.72,0.5036346
0.16,0.44,0.74,0.3,0.75,0.7,0.5036346
0.16,0.42,0.74,0.22,0.74,0.7,0.5036348
0.17,0.5,0.75,0.21,0.72,0.7,0.5036348
0.18,0.41,0.75,0.21,0.74,0.72,0.5036348
0.16,0.5,0.75,0.27,0.74,0.7,0.5036349
0.17,0.45,0.75,0.28,0.73,0.72,0.5036352
0.18,0.4,0.74,0.23,0.73,0.71,0.5036352
0.18,0.5,0.75,0.3,0.76,0.71,0.5036352
0.16,0.41,0.72,0.26,0.74,0.71,0.5036353
0.17,0.4,0.71,0.23,0.72,0.72,0.5036353
0.17,0.41,0.73,0.21,0.74,0.7,0.5036355
0.17,0.49,0.72,0.3,0.76,0.7,0.5036356
0.18,0.43,0.71,0.26,0.72,0.72,0.5036356
0.16,0.42,0.75,0.27,0.76,0.72,0.5036357
0.17,0.49,0.74,0.23,0.74,0.7,0.5036359
0.18,0.46,0.75,0.27,0.72,0.7,0.503636
0.17,0.4,0.71,0.25,0.75,0.72,0.5036364
0.16,0.43,0.75,0.2,0.75,0.71,0.5036365
0.16,0.46,0.75,0.2,0.73,0.7,0.5036369
0.16,0.49,0.75,0.21,0.76,0.71,0.5036369
0.18,0.42,0.73,0.28,0.76,0.7,0.5036369
0.17,0.43,0.74,0.29,0.76,0.7,0.5036371
0.17,0.44,0.72,0.29,0.74,0.71,0.5036371
0.18,0.4,0.72,0.2,0.74,0.7,0.5036372
0.16,0.45,0.73,0.3,0.73,0.7,0.5036373
0.18,0.43,0.71,0.28,0.75,0.72,0.5036373
0.17,0.45,0.75,0.3,0.76,0.72,0.5036375
0.16,0.44,0.75,0.3,0.76,0.7,0.5036376
0.18,0.49,0.7,0.27,0.75,0.7,0.5036376
0.16,0.45,0.75,0.26,0.75,0.7,0.5036378
0.17,0.44,0.74,0.25,0.75,0.7,0.5036378
0.16,0.43,0.74,0.27,0.74,0.72,0.5036379
0.16,0.42,0.71,0.26,0.72,0.71,0.503638
0.17,0.45,0.75,0.23,0.76,0.71,0.503638
0.18,0.41,0.73,0.24,0.72,0.71,0.5036381
0.17,0.48,0.73,0.25,0.76,0.7,0.5036383
0.17,0.5,0.73,0.24,0.73,0.7,0.5036383
0.18,0.43,0.73,0.24,0.75,0.7,0.5036383
0.17,0.42,0.74,0.27,0.74,0.7,0.5036387
0.17,0.42,0.75,0.2,0.72,0.71,0.5036388
0.17,0.48,0.75,0.23,0.74,0.7,0.5036388
0.16,0.49,0.74,0.29,0.76,0.7,0.5036389
0.16,0.48,0.7,0.3,0.74,0.71,0.503639
0.18,0.44,0.74,0.22,0.76,0.71,0.503639
0.16,0.5,0.74,0.22,0.75,0.71,0.5036391
0.17,0.41,0.7,0.25,0.73,0.72,0.5036391
0.18,0.4,0.7,0.25,0.73,0.7,0.5036391
0.18,0.41,0.73,0.26,0.75,0.71,0.5036392
0.18,0.47,0.74,0.22,0.74,0.7,0.5036398
0.16,0.4,0.73,0.24,0.72,0.7,0.5036399
0.17,0.48,0.7,0.3,0.76,0.72,0.5036401
0.17,0.45,0.71,0.29,0.72,0.71,0.5036402
0.17,0.46,0.74,0.3,0.74,0.72,0.5036402
0.16,0.42,0.71,0.28,0.75,0.71,0.5036404
0.17,0.5,0.7,0.26,0.76,0.71,0.5036404
0.18,0.44,0.7,0.28,0.73,0.72,0.5036404
0.17,0.44,0.75,0.26,0.72,0.7,0.5036406
0.18,0.44,0.75,0.23,0.73,0.71,0.5036406
0.16,0.44,0.73,0.27,0.72,0.72,0.5036408
0.18,0.43,0.74,0.25,0.72,0.7,0.5036409
0.18,0.43,0.75,0.25,0.72,0.72,0.5036409
0.18,0.45,0.74,0.3,0.74,0.7,0.5036409
0.18,0.5,0.75,0.26,0.75,0.71,0.5036409
0.17,0.43,0.73,0.27,0.72,0.7,0.503641
0.17,0.41,0.7,0.27,0.76,0.72,0.5036412
0.18,0.5,0.7,0.2,0.74,0.71,0.5036412
0.17,0.4,0.75,0.24,0.75,0.72,0.5036413
0.17,0.49,0.72,0.26,0.75,0.7,0.5036413
0.17,0.4,0.75,0.22,0.72,0.72,0.5036414
0.18,0.4,0.7,0.27,0.76,0.7,0.5036414
0.18,0.42,0.72,0.26,0.73,0.71,0.5036414
0.18,0.41,0.75,0.23,0.75,0.72,0.5036415
0.18,0.43,0.75,0.27,0.75,0.72,0.5036418
0.16,0.4,0.73,0.26,0.75,0.7,0.503642
0.18,0.46,0.74,0.28,0.76,0.7,0.503642
0.17,0.47,0.75,0.29,0.76,0.7,0.5036421
0.18,0.47,0.72,0.21,0.76,0.7,0.5036422
0.16,0.42,0.74,0.24,0.75,0.7,0.5036425
0.16,0.46,0.75,0.22,0.74,0.7,0.5036426
0.16,0.43,0.75,0.22,0.76,0.71,0.5036427
0.16,0.5,0.73,0.3,0.75,0.7,0.5036427
0.16,0.42,0.75,0.25,0.72,0.71,0.5036428
0.18,0.44,0.7,0.3,0.76,0.72,0.5036428
0.18,0.49,0.72,0.2,0.73,0.7,0.5036428
0.16,0.48,0.75,0.24,0.76,0.7,0.503643
0.17,0.41,0.73,0.23,0.75,0.7,0.503643
0.16,0.44,0.73,0.29,0.75,0.72,0.5036431
0.18,0.48,0.75,0.2,0.75,0.71,0.5036431
0.16,0.43,0.7,0.28,0.73,0.71,0.5036432
0.16,0.5,0.75,0.23,0.73,0.7,0.5036433
0.17,0.41,0.74,0.24,0.73,0.72,0.5036434
0.17,0.42,0.74,0.21,0.76,0.71,0.5036434
0.17,0.43,0.73,0.29,0.75,0.7,0.5036434
0.18,0.46,0.73,0.3,0.72,0.7,0.5036435
0.17,0.45,0.74,0.21,0.74,0.7,0.5036436
0.17,0.47,0.73,0.3,0.72,0.72,0.5036438
0.18,0.42,0.72,0.28,0.76,0.71,0.5036438
0.16,0.5,0.72,0.25,0.76,0.71,0.503644
0.18,0.4,0.72,0.22,0.75,0.7,0.503644
0.18,0.48,0.71,0.22,0.75,0.7,0.503644
0.16,0.41,0.72,0.26,0.73,0.7,0.5036442
0.17,0.45,0.75,0.28,0.72,0.71,0.5036442
0.18,0.44,0.74,0.27,0.73,0.72,0.5036442
0.16,0.42,0.75,0.27,0.75,0.71,0.5036445
0.17,0.5,0.71,0.27,0.74,0.7,0.5036447
0.18,0.46,0.75,0.29,0.73,0.7,0.5036449
0.16,0.48,0.7,0.3,0.75,0.71,0.503645
0.17,0.42,0.75,0.22,0.73,0.71,0.503645
0.18,0.5,0.71,0.21,0.72,0.7,0.503645
0.17,0.4,0.71,0.25,0.74,0.71,0.5036451
0.17,0.41,0.74,0.26,0.76,0.72,0.5036451
0.18,0.41,0.73,0.2,0.76,0.71,0.5036452
0.18,0.44,0.73,0.2,0.74,0.7,0.5036453
0.16,0.49,0.74,0.25,0.75,0.7,0.5036454
0.17,0.48,0.75,0.25,0.75,0.7,0.5036456
0.16,0.42,0.75,0.25,0.72,0.7,0.5036458
0.16,0.45,0.72,0.29,0.73,0.72,0.503646
0.17,0.41,0.74,0.24,0.72,0.7,0.503646
0.17,0.44,0.72,0.29,0.73,0.7,0.503646
0.18,0.47,0.74,0.24,0.75,0.7,0.503646
0.16,0.43,0.7,0.3,0.76,0.71,0.5036461
0.17,0.44,0.74,0.27,0.76,0.7,0.5036461
0.18,0.43,0.71,0.28,0.74,0.71,0.5036461
0.18,0.44,0.74,0.29,0.76,0.72,0.5036462
0.18,0.43,0.73,0.26,0.76,0.7,0.5036463
0.16,0.45,0.75,0.28,0.76,0.7,0.5036464
0.17,0.45,0.75,0.3,0.75,0.71,0.5036464
0.18,0.41,0.74,0.21,0.73,0.71,0.5036464
0.18,0.49,0.7,0.23,0.74,0.7,0.5036464
0.16,0.41,0.72,0.28,0.76,0.7,0.5036467
0.18,0.5,0.74,0.21,0.76,0.72,0.5036467
0.16,0.43,0.74,0.27,0.73,0.71,0.5036468
0.18,0.4,0.73,0.23,0.72,0.7,0.5036469
0.17,0.42,0.73,0.26,0.74,0.72,0.5036473
0.17,0.49,0.71,0.21,0.76,0.71,0.5036474
0.18,0.47,0.75,0.25,0.72,0.7,0.5036475
0.18,0.44,0.75,0.25,0.74,0.71,0.5036477
0.17,0.41,0.7,0.25,0.72,0.71,0.5036478
0.18,0.5,0.73,0.29,0.76,0.71,0.5036479
0.18,0.48,0.75,0.22,0.76,0.71,0.5036481
0.16,0.43,0.74,0.2,0.74,0.7,0.5036482
0.18,0.41,0.73,0.26,0.74,0.7,0.5036483
0.16,0.5,0.73,0.26,0.74,0.7,0.5036485
0.17,0.48,0.73,0.21,0.75,0.7,0.5036488
0.18,0.45,0.73,0.29,0.74,0.72,0.5036489
0.17,0.46,0.74,0.3,0.73,0.71,0.5036491
0.17,0.49,0.7,0.29,0.76,0.7,0.5036491
0.16,0.42,0.71,0.28,0.74,0.7,0.5036492
0.16,0.43,0.74,0.29,0.76,0.71,0.5036492
0.18,0.44,0.7,0.28,0.72,0.71,0.5036492
0.16,0.4,0.74,0.2,0.76,0.71,0.5036493
0.18,0.43,0.74,0.27,0.73,0.7,0.5036493
0.17,0.44,0.75,0.28,0.73,0.7,0.5036495
0.16,0.46,0.75,0.24,0.75,0.7,0.5036496
0.17,0.41,0.7,0.27,0.75,0.71,0.5036498
0.17,0.45,0.74,0.23,0.75,0.7,0.5036498
0.18,0.41,0.75,0.25,0.76,0.72,0.5036498
0.17,0.5,0.73,0.2,0.72,0.7,0.5036499
0.17,0.5,0.7,0.22,0.75,0.71,0.50365
0.17,0.43,0.72,0.26,0.72,0.72,0.5036501
0.16,0.4,0.72,0.23,0.72,0.72,0.5036504
0.18,0.42,0.72,0.26,0.72,0.7,0.5036507
0.18,0.43,0.75,0.27,0.74,0.71,0.5036508
0.16,0.4,0.75,0.21,0.73,0.71,0.5036509
0.17,0.49,0.72,0.22,0.74,0.7,0.5036509
0.18,0.44,0.73,0.22,0.75,0.7,0.5036509
0.18,0.5,0.75,0.22,0.74,0.71,0.5036509
0.18,0.49,0.75,0.29,0.75,0.7,0.503651
0.16,0.48,0.7,0.3,0.76,0.71,0.5036511
0.16,0.42,0.74,0.26,0.76,0.7,0.5036512
0.17,0.41,0.73,0.25,0.76,0.7,0.5036513
0.17,0.5,0.75,0.28,0.76,0.71,0.5036514
0.18,0.44,0.7,0.3,0.75,0.71,0.5036514
0.16,0.4,0.72,0.25,0.75,0.72,0.5036515
0.17,0.45,0.75,0.24,0.72,0.7,0.5036515
0.17,0.46,0.75,0.21,0.76,0.71,0.5036518
0.16,0.43,0.7,0.28,0.72,0.7,0.5036519
0.16,0.44,0.73,0.29,0.74,0.71,0.5036519
0.18,0.4,0.72,0.24,0.76,0.7,0.5036519
0.17,0.43,0.72,0.28,0.75,0.72,0.503652
0.16,0.49,0.73,0.2,0.76,0.71,0.5036522
0.16,0.49,0.72,0.28,0.76,0.7,0.5036524
0.18,0.49,0.74,0.24,0.76,0.71,0.5036524
0.17,0.42,0.75,0.24,0.74,0.71,0.5036525
0.18,0.44,0.74,0.23,0.72,0.7,0.5036525
0.18,0.46,0.72,0.29,0.72,0.72,0.5036525
0.17,0.41,0.74,0.24,0.72,0.71,0.5036526
0.18,0.42,0.72,0.28,0.75,0.7,0.5036527
0.17,0.48,0.71,0.24,0.76,0.7,0.5036529
0.17,0.48,0.75,0.27,0.76,0.7,0.5036529
0.18,0.45,0.75,0.21,0.73,0.71,0.5036531
0.18,0.47,0.74,0.26,0.76,0.7,0.5036531
0.18,0.41,0.74,0.23,0.74,0.71,0.5036532
0.18,0.44,0.74,0.27,0.72,0.71,0.5036533
0.18,0.42,0.75,0.21,0.75,0.72,0.5036534
0.17,0.5,0.71,0.23,0.73,0.7,0.5036536
0.18,0.45,0.74,0.2,0.76,0.71,0.5036538
0.17,0.41,0.74,0.26,0.75,0.71,0.503654
0.17,0.4,0.71,0.25,0.73,0.7,0.5036541
0.16,0.41,0.71,0.25,0.73,0.72,0.5036544
0.18,0.4,0.73,0.23,0.73,0.72,0.5036544
0.16,0.43,0.74,0.22,0.75,0.7,0.5036545
0.18,0.5,0.74,0.3,0.74,0.7,0.5036545
0.16,0.5,0.72,0.21,0.75,0.71,0.5036546
0.16,0.43,0.7,0.3,0.75,0.7,0.5036547
0.16,0.46,0.75,0.3,0.74,0.72,0.5036548
0.18,0.5,0.73,0.25,0.75,0.71,0.5036548
0.16,0.45,0.72,0.29,0.72,0.71,0.5036549
0.18,0.47,0.75,0.27,0.73,0.7,0.5036549
0.17,0.44,0.71,0.28,0.73,0.72,0.503655
0.18,0.4,0.73,0.25,0.76,0.72,0.503655
0.18,0.43,0.71,0.28,0.73,0.7,0.5036551
0.18,0.44,0.74,0.29,0.75,0.71,0.5036552
0.18,0.48,0.74,0.2,0.74,0.7,0.5036552
0.17,0.42,0.73,0.21,0.75,0.7,0.5036553
0.17,0.45,0.75,0.3,0.74,0.7,0.5036554
0.18,0.44,0.75,0.27,0.75,0.71,0.5036558
0.16,0.41,0.71,0.27,0.76,0.72,0.503656
0.16,0.43,0.74,0.27,0.72,0.7,0.503656
0.16,0.49,0.74,0.21,0.74,0.7,0.503656
0.16,0.5,0.71,0.29,0.75,0.7,0.5036561
0.17,0.49,0.7,0.25,0.75,0.7,0.5036561
0.16,0.43,0.75,0.23,0.72,0.7,0.5036562
0.17,0.4,0.71,0.27,0.76,0.7,0.5036562
0.17,0.42,0.73,0.26,0.73,0.71,0.5036563
0.16,0.44,0.75,0.2,0.76,0.71,0.5036567
0.16,0.46,0.75,0.26,0.76,0.7,0.5036569
0.17,0.42,0.74,0.22,0.72,0.7,0.503657
0.17,0.45,0.74,0.25,0.76,0.7,0.5036571
0.18,0.41,0.72,0.2,0.75,0.7,0.5036571
0.17,0.44,0.71,0.3,0.76,0.72,0.5036573
0.18,0.41,0.72,0.25,0.74,0.72,0.5036573
0.16,0.48,0.73,0.23,0.76,0.7,0.5036575
0.16,0.47,0.75,0.2,0.74,0.7,0.5036576
0.18,0.43,0.71,0.3,0.76,0.7,0.5036576
0.18,0.44,0.73,0.24,0.76,0.7,0.5036576
0.18,0.45,0.73,0.29,0.73,0.71,0.5036578
0.18,0.47,0.7,0.2,0.76,0.7,0.5036578
0.17,0.43,0.75,0.2,0.73,0.71,0.503658
0.17,0.46,0.74,0.3,0.72,0.7,0.5036581
0.16,0.4,0.75,0.23,0.74,0.71,0.5036582
0.16,0.43,0.74,0.29,0.75,0.7,0.5036582
0.16,0.47,0.74,0.3,0.72,0.72,0.5036583
0.16,0.5,0.73,0.22,0.73,0.7,0.5036584
0.17,0.42,0.73,0.28,0.76,0.71,0.5036584
0.18,0.41,0.73,0.21,0.72,0.7,0.5036584
0.16,0.41,0.75,0.24,0.73,0.72,0.5036585
0.17,0.41,0.7,0.27,0.74,0.7,0.5036586
0.16,0.42,0.7,0.27,0.74,0.72,0.5036589
0.17,0.44,0.75,0.27,0.73,0.72,0.5036589
0.17,0.45,0.75,0.26,0.73,0.7,0.503659
0.17,0.5,0.75,0.24,0.75,0.71,0.5036592
0.18,0.44,0.74,0.25,0.73,0.7,0.5036595
0.18,0.45,0.75,0.23,0.74,0.71,0.5036595
0.16,0.5,0.7,0.24,0.76,0.71,0.5036596
0.17,0.4,0.75,0.2,0.75,0.72,0.5036598
0.16,0.41,0.75,0.26,0.76,0.72,0.5036599
0.16,0.49,0.72,0.24,0.75,0.7,0.5036602
0.18,0.42,0.75,0.23,0.76,0.72,0.5036602
0.18,0.44,0.7,0.3,0.74,0.7,0.5036602
0.18,0.48,0.75,0.23,0.72,0.7,0.5036602
0.16,0.4,0.72,0.25,0.74,0.71,0.5036603
0.18,0.5,0.74,0.26,0.73,0.7,0.5036603
0.17,0.45,0.7,0.3,0.74,0.72,0.5036604
0.18,0.42,0.71,0.25,0.72,0.72,0.5036604
0.17,0.44,0.75,0.29,0.76,0.72,0.5036607
0.18,0.48,0.74,0.27,0.76,0.7,0.5036607
0.17,0.43,0.72,0.28,0.74,0.71,0.5036608
0.18,0.47,0.75,0.3,0.73,0.72,0.5036609
0.16,0.4,0.73,0.2,0.75,0.7,0.503661
0.16,0.44,0.73,0.29,0.73,0.7,0.503661
0.17,0.42,0.75,0.26,0.75,0.71,0.503661
0.18,0.41,0.74,0.25,0.75,0.71,0.5036613
0.18,0.42,0.71,0.27,0.75,0.72,0.5036614
0.18,0.5,0.71,0.28,0.76,0.71,0.5036614
0.16,0.43,0.74,0.24,0.76,0.7,0.5036616
0.16,0.42,0.74,0.26,0.74,0.72,0.5036621
0.18,0.5,0.72,0.2,0.76,0.72,0.5036622
0.17,0.42,0.73,0.23,0.76,0.7,0.5036623
0.16,0.4,0.74,0.21,0.72,0.7,0.5036625
0.16,0.47,0.75,0.22,0.75,0.7,0.5036628
0.16,0.41,0.71,0.25,0.72,0.71,0.503663
0.18,0.47,0.75,0.29,0.74,0.7,0.5036631
0.16,0.48,0.7,0.3,0.72,0.72,0.5036633
0.18,0.41,0.72,0.22,0.76,0.7,0.5036633
0.17,0.45,0.74,0.29,0.74,0.72,0.5036634
0.16,0.5,0.71,0.25,0.74,0.7,0.5036635
0.18,0.4,0.73,0.23,0.72,0.71,0.5036636
0.16,0.46,0.75,0.3,0.73,0.71,0.5036637
0.17,0.46,0.74,0.21,0.75,0.7,0.5036638
0.18,0.49,0.73,0.28,0.75,0.7,0.5036638
0.17,0.44,0.71,0.28,0.72,0.71,0.5036639
0.16,0.43,0.75,0.25,0.73,0.7,0.503664
0.17,0.46,0.75,0.22,0.72,0.7,0.503664
0.18,0.4,0.73,0.25,0.75,0.71,0.503664
0.17,0.43,0.75,0.22,0.74,0.71,0.5036641
0.17,0.4,0.7,0.24,0.73,0.72,0.5036644
0.17,0.42,0.74,0.24,0.73,0.7,0.5036644
0.18,0.44,0.74,0.29,0.74,0.7,0.5036644
0.18,0.49,0.74,0.2,0.75,0.71,0.5036644
0.17,0.48,0.71,0.2,0.75,0.7,0.5036646
0.18,0.43,0.7,0.27,0.73,0.72,0.5036646
0.16,0.41,0.71,0.27,0.75,0.71,0.5036647
0.18,0.44,0.75,0.29,0.76,0.71,0.5036647
0.17,0.5,0.73,0.27,0.76,0.71,0.503665
0.16,0.43,0.73,0.26,0.72,0.72,0.5036651
0.18,0.42,0.74,0.21,0.74,0.71,0.5036652
0.18,0.41,0.73,0.23,0.73,0.7,0.5036653
0.18,0.45,0.74,0.21,0.72,0.7,0.5036653
0.17,0.42,0.73,0.26,0.72,0.7,0.5036656
0.17,0.4,0.75,0.22,0.76,0.72,0.5036657
0.18,0.42,0.75,0.24,0.72,0.72,0.5036657
0.17,0.4,0.7,0.26,0.76,0.72,0.5036658
0.18,0.45,0.73,0.2,0.75,0.7,0.5036658
0.18,0.42,0.75,0.26,0.75,0.72,0.5036659
0.17,0.44,0.71,0.3,0.75,0.71,0.503666
0.18,0.5,0.73,0.21,0.74,0.71,0.503666
0.18,0.45,0.75,0.25,0.75,0.71,0.5036662
0.18,0.43,0.7,0.29,0.76,0.72,0.5036663
0.18,0.41,0.72,0.25,0.73,0.71,0.5036664
0.18,0.48,0.75,0.25,0.73,0.7,0.5036666
0.16,0.43,0.73,0.28,0.75,0.72,0.5036668
0.17,0.46,0.73,0.29,0.72,0.72,0.5036669
0.17,0.49,0.7,0.21,0.74,0.7,0.503667
0.18,0.45,0.73,0.29,0.72,0.7,0.503667
0.16,0.49,0.7,0.27,0.76,0.7,0.5036671
0.18,0.49,0.72,0.23,0.76,0.71,0.5036672
0.17,0.42,0.73,0.28,0.75,0.7,0.5036674
0.18,0.5,0.72,0.29,0.74,0.7,0.5036674
0.18,0.44,0.74,0.27,0.74,0.7,0.5036675
0.16,0.42,0.7,0.27,0.73,0.71,0.5036676
0.17,0.45,0.75,0.28,0.74,0.7,0.5036676
0.17,0.49,0.75,0.27,0.75,0.7,0.5036676
0.16,0.4,0.73,0.22,0.76,0.7,0.5036678
0.16,0.41,0.75,0.24,0.72,0.71,0.5036678
0.18,0.41,0.72,0.27,0.76,0.71,0.5036679
0.17,0.44,0.75,0.27,0.72,0.71,0.5036681
0.18,0.43,0.74,0.26,0.73,0.72,0.5036684
0.18,0.5,0.71,0.3,0.72,0.7,0.5036684
0.16,0.44,0.74,0.2,0.75,0.7,0.5036687
0.16,0.48,0.7,0.3,0.73,0.72,0.5036687
0.16,0.44,0.75,0.21,0.72,0.7,0.5036688
0.16,0.5,0.75,0.26,0.76,0.71,0.5036688
0.16,0.41,0.75,0.26,0.75,0.71,0.5036689
0.17,0.4,0.74,0.23,0.73,0.72,0.5036689
0.16,0.47,0.75,0.24,0.76,0.7,0.5036691
0.17,0.45,0.7,0.3,0.73,0.71,0.5036691
0.16,0.4,0.72,0.25,0.73,0.7,0.5036693
0.16,0.41,0.75,0.21,0.74,0.71,0.5036693
0.17,0.46,0.74,0.23,0.76,0.7,0.5036696
0.16,0.44,0.72,0.28,0.73,0.72,0.5036697
0.17,0.4,0.74,0.25,0.76,0.72,0.5036697
0.17,0.44,0.75,0.29,0.75,0.71,0.5036697
0.18,0.5,0.71,0.24,0.75,0.71,0.5036697
0.18,0.48,0.74,0.23,0.75,0.7,0.5036698
0.17,0.43,0.72,0.28,0.73,0.7,0.5036699
0.18,0.43,0.74,0.28,0.76,0.72,0.5036699
0.16,0.4,0.74,0.23,0.73,0.7,0.50367
0.16,0.42,0.7,0.29,0.76,0.71,0.50367
0.17,0.43,0.74,0.2,0.72,0.7,0.50367
0.18,0.47,0.75,0.3,0.72,0.71,0.50367
0.18,0.42,0.71,0.27,0.74,0.71,0.5036704
0.18,0.5,0.74,0.22,0.72,0.7,0.5036704
0.17,0.46,0.75,0.24,0.73,0.7,0.5036706
0.17,0.5,0.74,0.28,0.74,0.7,0.5036708
0.16,0.5,0.7,0.2,0.75,0.71,0.503671
0.18,0.45,0.73,0.22,0.76,0.7,0.503671
0.17,0.43,0.75,0.24,0.75,0.71,0.5036711
0.16,0.4,0.72,0.27,0.76,0.7,0.5036712
0.17,0.5,0.75,0.2,0.74,0.71,0.5036712
0.16,0.42,0.74,0.26,0.73,0.71,0.5036713
0.17,0.4,0.74,0.2,0.74,0.71,0.5036714
0.18,0.45,0.74,0.23,0.73,0.7,0.5036716
0.17,0.49,0.74,0.22,0.76,0.71,0.5036717
0.16,0.49,0.72,0.2,0.74,0.7,0.5036718
0.18,0.49,0.73,0.24,0.74,0.7,0.5036718
0.16,0.44,0.72,0.3,0.76,0.72,0.503672
0.17,0.41,0.73,0.25,0.74,0.72,0.503672
0.17,0.43,0.72,0.3,0.76,0.7,0.5036721
0.18,0.42,0.74,0.23,0.75,0.71,0.5036721
0.18,0.43,0.75,0.21,0.76,0.72,0.5036724
0.17,0.45,0.74,0.29,0.73,0.71,0.5036725
0.18,0.44,0.73,0.28,0.74,0.72,0.5036725
0.16,0.43,0.75,0.27,0.74,0.7,0.5036727
0.17,0.42,0.74,0.26,0.74,0.7,0.5036728
0.16,0.46,0.75,0.3,0.72,0.7,0.5036729
0.18,0.46,0.75,0.21,0.74,0.71,0.5036729
0.16,0.42,0.74,0.28,0.76,0.71,0.503673
0.17,0.4,0.7,0.24,0.72,0.71,0.5036732
0.18,0.41,0.73,0.25,0.74,0.7,0.5036732
0.16,0.48,0.71,0.22,0.76,0.7,0.5036734
0.18,0.43,0.7,0.27,0.72,0.71,0.5036734
0.16,0.41,0.71,0.27,0.74,0.7,0.5036737
0.18,0.45,0.75,0.27,0.76,0.71,0.5036738
0.18,0.48,0.75,0.27,0.74,0.7,0.5036738
0.17,0.5,0.73,0.23,0.75,0.71,0.5036741
0.16,0.44,0.74,0.22,0.76,0.7,0.5036742
0.16,0.48,0.7,0.3,0.74,0.72,0.5036742
0.18,0.5,0.71,0.3,0.73,0.7,0.5036742
0.18,0.48,0.72,0.26,0.76,0.7,0.5036743
0.16,0.5,0.71,0.21,0.73,0.7,0.5036744
0.18,0.5,0.72,0.25,0.73,0.7,0.5036744
0.17,0.4,0.7,0.26,0.75,0.71,0.5036746
0.18,0.49,0.75,0.21,0.72,0.7,0.5036746
0.16,0.45,0.71,0.3,0.74,0.72,0.5036749
0.17,0.42,0.72,0.25,0.72,0.72,0.5036749
0.17,0.44,0.71,0.3,0.74,0.7,0.5036749
0.17,0.49,0.73,0.3,0.76,0.7,0.503675
0.18,0.43,0.7,0.29,0.75,0.71,0.503675
0.16,0.44,0.75,0.23,0.73,0.7,0.5036755
0.17,0.43,0.73,0.21,0.76,0.7,0.5036755
0.18,0.42,0.75,0.24,0.72,0.71,0.5036756
0.16,0.43,0.73,0.28,0.74,0.71,0.5036757
0.18,0.41,0.72,0.25,0.72,0.7,0.5036758
0.18,0.45,0.72,0.28,0.72,0.72,0.503676
0.16,0.49,0.7,0.23,0.75,0.7,0.5036761
0.17,0.42,0.72,0.27,0.75,0.72,0.5036761
0.17,0.43,0.74,0.22,0.73,0.7,0.5036762
0.16,0.42,0.7,0.27,0.72,0.7,0.5036765
0.17,0.49,0.75,0.23,0.74,0.7,0.5036765
0.18,0.44,0.74,0.29,0.75,0.7,0.5036765
0.16,0.41,0.75,0.23,0.75,0.71,0.5036766
0.17,0.45,0.75,0.3,0.75,0.7,0.5036767
0.18,0.41,0.72,0.27,0.75,0.7,0.503677
0.18,0.45,0.72,0.3,0.75,0.72,0.5036772
0.17,0.4,0.74,0.22,0.75,0.71,0.5036775
0.18,0.42,0.73,0.21,0.73,0.7,0.5036775
0.18,0.42,0.72,0.2,0.76,0.7,0.5036776
0.18,0.49,0.71,0.27,0.75,0.7,0.5036776
0.17,0.44,0.75,0.2,0.74,0.71,0.5036777
0.17,0.46,0.75,0.26,0.74,0.7,0.5036778
0.18,0.43,0.74,0.26,0.72,0.71,0.5036779
0.16,0.45,0.75,0.29,0.74,0.72,0.5036781
0.17,0.45,0.7,0.3,0.72,0.7,0.5036781
0.17,0.4,0.74,0.23,0.72,0.71,0.5036783
0.18,0.45,0.74,0.25,0.74,0.7,0.5036783
0.16,0.48,0.75,0.2,0.75,0.7,0.5036784
0.16,0.49,0.75,0.29,0.76,0.7,0.5036784
0.17,0.41,0.75,0.2,0.76,0.72,0.5036784
0.17,0.48,0.74,0.25,0.76,0.7,0.5036785
0.16,0.4,0.74,0.25,0.74,0.7,0.5036786
0.17,0.5,0.74,0.24,0.73,0.7,0.5036786
0.18,0.46,0.75,0.23,0.75,0.71,0.5036786
0.17,0.47,0.75,0.2,0.72,0.7,0.5036787
0.16,0.42,0.7,0.29,0.75,0.7,0.5036788
0.16,0.44,0.72,0.28,0.72,0.71,0.5036788
0.17,0.4,0.74,0.25,0.75,0.71,0.5036788
0.17,0.43,0.75,0.26,0.76,0.71,0.5036789
0.18,0.43,0.74,0.28,0.75,0.71,0.503679
0.16,0.5,0.75,0.22,0.75,0.71,0.5036791
0.17,0.43,0.71,0.27,0.73,0.72,0.5036792
0.16,0.46,0.7,0.3,0.72,0.72,0.5036793
0.18,0.42,0.74,0.25,0.76,0.71,0.5036795
0.18,0.42,0.71,0.27,0.73,0.7,0.5036796
0.16,0.4,0.71,0.24,0.73,0.72,0.5036797
0.17,0.5,0.71,0.26,0.76,0.71,0.5036797
0.16,0.48,0.7,0.3,0.75,0.72,0.5036798
0.18,0.49,0.75,0.23,0.73,0.7,0.5036799
0.18,0.5,0.71,0.3,0.74,0.7,0.5036801
0.16,0.4,0.71,0.26,0.76,0.72,0.5036807
0.16,0.42,0.74,0.26,0.72,0.7,0.5036807
0.16,0.44,0.72,0.3,0.75,0.71,0.5036807
0.18,0.46,0.71,0.3,0.73,0.72,0.5036808
0.16,0.41,0.73,0.2,0.76,0.7,0.503681
0.17,0.41,0.73,0.25,0.73,0.71,0.503681
0.17,0.43,0.71,0.29,0.76,0.72,0.503681
0.17,0.49,0.73,0.26,0.75,0.7,0.5036812
0.18,0.5,0.7,0.28,0.74,0.7,0.5036812
0.16,0.41,0.74,0.21,0.73,0.7,0.5036814
0.16,0.46,0.74,0.29,0.72,0.72,0.5036815
0.18,0.42,0.71,0.29,0.76,0.7,0.5036815
0.18,0.48,0.75,0.29,0.75,0.7,0.5036815
0.18,0.44,0.73,0.28,0.73,0.71,0.5036816
0.17,0.45,0.74,0.29,0.72,0.7,0.5036818
0.18,0.5,0.71,0.2,0.74,0.71,0.5036818
0.16,0.5,0.74,0.3,0.75,0.7,0.5036821
0.16,0.42,0.74,0.28,0.75,0.7,0.5036822
0.16,0.44,0.75,0.25,0.74,0.7,0.5036826
0.18,0.4,0.72,0.24,0.74,0.72,0.5036826
0.17,0.41,0.73,0.27,0.76,0.71,0.5036827
0.18,0.47,0.73,0.21,0.76,0.7,0.503683
0.17,0.43,0.75,0.26,0.73,0.72,0.5036831
0.18,0.49,0.7,0.22,0.76,0.71,0.5036831
0.17,0.43,0.74,0.24,0.74,0.7,0.5036832
0.17,0.44,0.75,0.22,0.75,0.71,0.5036832
0.18,0.4,0.75,0.2,0.73,0.72,0.5036832
0.17,0.4,0.73,0.2,0.73,0.7,0.5036833
0.18,0.44,0.73,0.3,0.76,0.71,0.5036834
0.16,0.5,0.73,0.25,0.76,0.71,0.5036835
0.17,0.4,0.7,0.26,0.74,0.7,0.5036835
0.16,0.41,0.7,0.26,0.74,0.72,0.5036836
0.16,0.45,0.71,0.3,0.73,0.71,0.5036837
0.17,0.47,0.75,0.22,0.73,0.7,0.5036837
0.16,0.4,0.75,0.23,0.73,0.72,0.503684
0.18,0.46,0.75,0.29,0.73,0.72,0.503684
0.18,0.49,0.73,0.2,0.73,0.7,0.503684
0.17,0.44,0.7,0.29,0.74,0.72,0.5036841
0.18,0.43,0.7,0.29,0.74,0.7,0.5036841
0.18,0.42,0.73,0.23,0.74,0.7,0.5036842
0.17,0.43,0.75,0.28,0.76,0.72,0.5036843
0.17,0.47,0.74,0.21,0.76,0.7,0.5036843
0.18,0.43,0.74,0.21,0.75,0.71,0.5036845
0.16,0.4,0.75,0.25,0.76,0.72,0.5036846
0.17,0.5,0.72,0.27,0.74,0.7,0.5036846
0.16,0.41,0.75,0.25,0.76,0.71,0.5036847
0.18,0.48,0.72,0.22,0.75,0.7,0.5036847
0.16,0.43,0.73,0.28,0.73,0.7,0.503685
0.17,0.42,0.72,0.27,0.74,0.71,0.5036851
0.18,0.46,0.75,0.25,0.76,0.71,0.5036851
0.17,0.4,0.74,0.24,0.76,0.71,0.5036854
0.18,0.46,0.74,0.21,0.73,0.7,0.5036854
0.16,0.48,0.7,0.3,0.76,0.72,0.5036855
0.16,0.49,0.75,0.25,0.75,0.7,0.5036856
0.17,0.46,0.75,0.28,0.75,0.7,0.5036856
0.18,0.41,0.71,0.24,0.72,0.72,0.5036858
0.18,0.45,0.74,0.27,0.75,0.7,0.5036858
0.18,0.5,0.72,0.21,0.72,0.7,0.5036858
0.18,0.49,0.75,0.25,0.74,0.7,0.5036859
0.18,0.41,0.71,0.26,0.75,0.72,0.5036861
0.18,0.45,0.72,0.3,0.74,0.71,0.5036863
0.18,0.46,0.73,0.2,0.76,0.7,0.5036864
0.18,0.5,0.75,0.21,0.76,0.72,0.5036866
0.18,0.43,0.75,0.22,0.72,0.71,0.5036867
0.16,0.43,0.73,0.3,0.76,0.7,0.5036868
0.18,0.49,0.71,0.23,0.74,0.7,0.5036869
0.16,0.41,0.74,0.25,0.74,0.72,0.503687
0.17,0.44,0.74,0.28,0.74,0.72,0.503687
0.18,0.5,0.74,0.29,0.76,0.71,0.503687
0.16,0.45,0.75,0.29,0.73,0.71,0.5036873
0.17,0.49,0.72,0.21,0.76,0.71,0.5036876
0.17,0.43,0.71,0.27,0.72,0.71,0.5036881
0.16,0.4,0.71,0.24,0.72,0.71,0.5036884
0.16,0.45,0.75,0.21,0.73,0.7,0.5036884
0.16,0.5,0.74,0.26,0.74,0.7,0.5036884
0.16,0.42,0.75,0.21,0.75,0.71,0.5036886
0.17,0.49,0.71,0.29,0.76,0.7,0.5036886
0.16,0.41,0.74,0.23,0.74,0.7,0.5036887
0.18,0.4,0.75,0.22,0.74,0.72,0.5036887
0.18,0.48,0.7,0.25,0.76,0.7,0.503689
0.18,0.45,0.75,0.28,0.72,0.7,0.5036892
0.16,0.45,0.74,0.2,0.76,0.7,0.5036893
0.18,0.42,0.7,0.26,0.73,0.72,0.5036893
0.16,0.4,0.71,0.26,0.75,0.71,0.5036896
0.17,0.4,0.73,0.22,0.74,0.7,0.5036896
0.18,0.5,0.7,0.24,0.73,0.7,0.5036896
0.16,0.44,0.72,0.3,0.74,0.7,0.5036897
0.17,0.48,0.74,0.21,0.75,0.7,0.5036897
0.17,0.43,0.71,0.29,0.75,0.71,0.5036898
0.17,0.44,0.75,0.24,0.76,0.71,0.5036898
0.17,0.47,0.75,0.24,0.74,0.7,0.5036899
0.16,0.42,0.73,0.25,0.72,0.72,0.50369
0.17,0.44,0.74,0.2,0.73,0.7,0.50369
0.18,0.46,0.71,0.3,0.72,0.71,0.50369
0.17,0.5,0.71,0.22,0.75,0.71,0.5036901
0.17,0.41,0.74,0.2,0.75,0.71,0.5036903
0.17,0.45,0.73,0.28,0.72,0.72,0.5036904
0.18,0.41,0.75,0.25,0.75,0.72,0.5036905
0.18,0.42,0.7,0.28,0.76,0.72,0.5036905
0.17,0.41,0.73,0.25,0.72,0.7,0.5036906
0.16,0.44,0.75,0.27,0.75,0.7,0.5036908
0.18,0.43,0.74,0.23,0.76,0.71,0.5036908
0.18,0.46,0.74,0.23,0.74,0.7,0.5036908
0.17,0.43,0.74,0.26,0.75,0.7,0.5036909
0.18,0.44,0.73,0.28,0.72,0.7,0.5036909
0.16,0.42,0.73,0.27,0.75,0.72,0.503691
0.17,0.5,0.74,0.2,0.72,0.7,0.503691
0.18,0.41,0.75,0.23,0.72,0.72,0.5036913
0.17,0.49,0.73,0.22,0.74,0.7,0.5036915
0.18,0.42,0.73,0.25,0.75,0.7,0.5036915
0.17,0.45,0.73,0.3,0.75,0.72,0.5036917
0.17,0.41,0.73,0.27,0.75,0.7,0.5036918
0.18,0.4,0.72,0.24,0.73,0.71,0.5036919
0.16,0.49,0.73,0.28,0.76,0.7,0.5036921
0.18,0.49,0.75,0.24,0.76,0.71,0.5036923
0.17,0.41,0.75,0.21,0.72,0.71,0.5036924
0.16,0.41,0.7,0.26,0.73,0.71,0.5036925
0.16,0.49,0.74,0.2,0.76,0.71,0.5036926
0.17,0.43,0.75,0.26,0.72,0.71,0.5036926
0.18,0.4,0.72,0.26,0.76,0.71,0.5036926
0.18,0.44,0.73,0.3,0.75,0.7,0.5036927
0.18,0.47,0.75,0.21,0.75,0.71,0.5036928
0.17,0.44,0.7,0.29,0.73,0.71,0.5036929
0.16,0.45,0.71,0.3,0.72,0.7,0.503693
0.17,0.48,0.72,0.24,0.76,0.7,0.5036931
0.18,0.42,0.74,0.25,0.73,0.72,0.5036932
0.18,0.43,0.75,0.24,0.73,0.71,0.5036932
0.18,0.46,0.75,0.29,0.72,0.71,0.5036933
0.16,0.4,0.75,0.23,0.72,0.71,0.5036935
0.17,0.43,0.75,0.28,0.75,0.71,0.5036935
0.18,0.5,0.7,0.29,0.72,0.7,0.5036935
0.16,0.4,0.75,0.25,0.75,0.71,0.5036938
0.18,0.5,0.75,0.3,0.74,0.7,0.5036938
0.18,0.42,0.74,0.27,0.76,0.72,0.5036939
0.16,0.43,0.72,0.27,0.73,0.72,0.503694
0.17,0.5,0.72,0.23,0.73,0.7,0.503694
0.16,0.41,0.7,0.28,0.76,0.71,0.5036942
0.17,0.46,0.75,0.3,0.76,0.7,0.5036943
0.17,0.42,0.72,0.27,0.73,0.7,0.5036944
0.18,0.45,0.74,0.29,0.76,0.7,0.5036944
0.18,0.5,0.74,0.25,0.75,0.71,0.5036945
0.16,0.45,0.75,0.23,0.74,0.7,0.5036946
0.16,0.5,0.73,0.21,0.75,0.71,0.5036949
0.18,0.4,0.74,0.2,0.72,0.71,0.503695
0.18,0.41,0.71,0.26,0.74,0.71,0.5036951
0.17,0.46,0.72,0.3,0.73,0.72,0.5036952
0.16,0.42,0.75,0.23,0.76,0.71,0.5036953
0.17,0.44,0.74,0.22,0.74,0.7,0.5036955
0.16,0.5,0.72,0.29,0.75,0.7,0.5036956
0.18,0.45,0.72,0.3,0.73,0.7,0.5036956
0.16,0.43,0.72,0.29,0.76,0.72,0.5036957
0.17,0.49,0.71,0.25,0.75,0.7,0.503696
0.17,0.42,0.72,0.29,0.76,0.7,0.5036961
0.16,0.41,0.74,0.25,0.73,0.71,0.5036962
0.17,0.41,0.74,0.22,0.76,0.71,0.5036963
0.17,0.44,0.74,0.28,0.73,0.71,0.5036963
0.18,0.43,0.73,0.27,0.74,0.72,0.5036965
0.16,0.45,0.75,0.29,0.72,0.7,0.5036966
0.16,0.41,0.74,0.25,0.75,0.7,0.5036967
0.17,0.47,0.75,0.26,0.75,0.7,0.5036967
0.16,0.49,0.75,0.21,0.74,0.7,0.5036969
0.18,0.43,0.73,0.21,0.74,0.7,0.503697
0.17,0.4,0.73,0.24,0.74,0.72,0.5036972
0.18,0.46,0.74,0.25,0.75,0.7,0.5036973
0.16,0.41,0.74,0.27,0.76,0.71,0.5036974
0.17,0.4,0.73,0.24,0.75,0.7,0.5036974
0.17,0.45,0.75,0.2,0.75,0.71,0.5036977
0.17,0.44,0.74,0.3,0.76,0.71,0.5036978
0.18,0.4,0.73,0.21,0.76,0.71,0.5036978
0.16,0.48,0.74,0.23,0.76,0.7,0.5036979
0.18,0.47,0.75,0.23,0.76,0.71,0.5036979
0.18,0.42,0.7,0.26,0.72,0.71,0.5036983
0.16,0.4,0.71,0.26,0.74,0.7,0.5036987
0.16,0.44,0.71,0.29,0.74,0.72,0.5036988
0.18,0.47,0.71,0.2,0.76,0.7,0.5036988
0.16,0.5,0.74,0.22,0.73,0.7,0.5036989
0.17,0.41,0.75,0.23,0.73,0.71,0.5036989
0.17,0.43,0.71,0.29,0.74,0.7,0.503699
0.17,0.48,0.75,0.2,0.73,0.7,0.5036991
0.16,0.5,0.71,0.24,0.76,0.71,0.5036993
0.18,0.5,0.7,0.29,0.73,0.7,0.5036993
0.18,0.42,0.7,0.28,0.75,0.71,0.5036994
0.18,0.46,0.75,0.26,0.72,0.7,0.5036994
0.16,0.44,0.75,0.29,0.76,0.7,0.5036995
0.17,0.43,0.74,0.28,0.76,0.7,0.5036995
0.17,0.5,0.7,0.26,0.74,0.7,0.5036996
0.18,0.44,0.75,0.2,0.72,0.71,0.5036997
0.18,0.42,0.73,0.27,0.76,0.7,0.5036999
0.16,0.42,0.73,0.27,0.74,0.71,0.5037
0.18,0.44,0.72,0.27,0.72,0.72,0.5037
0.17,0.41,0.72,0.24,0.72,0.72,0.5037003
0.16,0.49,0.73,0.24,0.75,0.7,0.5037004
0.18,0.5,0.75,0.26,0.73,0.7,0.5037004
0.18,0.4,0.74,0.22,0.73,0.71,0.5037007
0.18,0.43,0.75,0.26,0.74,0.71,0.5037007
0.18,0.5,0.72,0.28,0.76,0.71,0.5037007
0.17,0.41,0.72,0.26,0.75,0.72,0.5037008
0.18,0.44,0.72,0.29,0.75,0.72,0.5037008
0.18,0.48,0.7,0.21,0.75,0.7,0.5037008
0.16,0.42,0.74,0.21,0.74,0.7,0.5037009
0.17,0.45,0.73,0.3,0.74,0.71,0.5037009
0.18,0.41,0.75,0.2,0.74,0.72,0.5037009
0.18,0.4,0.72,0.24,0.72,0.7,0.5037014
0.16,0.45,0.75,0.25,0.75,0.7,0.5037015
0.16,0.41,0.7,0.26,0.72,0.7,0.5037016
0.16,0.44,0.75,0.28,0.74,0.72,0.5037018
0.17,0.44,0.74,0.24,0.75,0.7,0.503702
0.18,0.4,0.72,0.26,0.75,0.7,0.503702
0.17,0.44,0.7,0.29,0.72,0.7,0.5037021
0.18,0.5,0.7,0.2,0.72,0.7,0.5037021
0.18,0.5,0.73,0.2,0.76,0.72,0.5037021
0.17,0.45,0.75,0.22,0.76,0.71,0.5037024
0.17,0.41,0.73,0.2,0.74,0.7,0.5037025
0.18,0.5,0.71,0.3,0.72,0.71,0.5037026
0.16,0.45,0.7,0.29,0.72,0.72,0.5037028
0.18,0.42,0.74,0.25,0.72,0.71,0.503703
0.16,0.43,0.72,0.27,0.72,0.71,0.5037031
0.18,0.42,0.74,0.27,0.75,0.71,0.5037032
0.18,0.43,0.73,0.23,0.75,0.7,0.5037032
0.16,0.41,0.7,0.28,0.75,0.7,0.5037033
0.16,0.5,0.72,0.25,0.74,0.7,0.5037034
0.18,0.49,0.74,0.28,0.75,0.7,0.5037034
0.17,0.48,0.75,0.22,0.74,0.7,0.5037036
0.17,0.42,0.71,0.26,0.73,0.72,0.5037039
0.17,0.47,0.75,0.28,0.76,0.7,0.503704
0.17,0.49,0.7,0.2,0.76,0.71,0.5037042
0.17,0.5,0.74,0.27,0.76,0.71,0.5037042
0.18,0.45,0.71,0.29,0.73,0.72,0.5037043
0.18,0.44,0.74,0.21,0.76,0.71,0.5037044
0.17,0.44,0.75,0.25,0.72,0.7,0.5037045
0.17,0.46,0.72,0.3,0.72,0.71,0.5037045
0.18,0.41,0.71,0.26,0.73,0.7,0.5037045
0.18,0.46,0.74,0.27,0.76,0.7,0.5037045
0.16,0.43,0.72,0.29,0.75,0.71,0.5037046
0.18,0.49,0.75,0.2,0.75,0.71,0.503705
0.16,0.45,0.74,0.28,0.72,0.72,0.5037051
0.17,0.42,0.71,0.28,0.76,0.72,0.5037051
0.16,0.41,0.74,0.27,0.76,0.7,0.5037052
0.18,0.44,0.75,0.22,0.73,0.71,0.5037053
0.18,0.47,0.74,0.21,0.74,0.7,0.5037053
0.18,0.5,0.7,0.29,0.74,0.7,0.5037053
0.17,0.48,0.72,0.2,0.75,0.7,0.5037054
0.18,0.43,0.74,0.24,0.72,0.7,0.5037056
0.17,0.4,0.73,0.26,0.76,0.7,0.5037058
0.17,0.44,0.74,0.28,0.72,0.7,0.5037058
0.16,0.41,0.74,0.25,0.72,0.7,0.5037059
0.18,0.41,0.71,0.28,0.76,0.7,0.5037059
0.18,0.43,0.73,0.27,0.73,0.71,0.5037059
0.16,0.45,0.74,0.3,0.75,0.72,0.5037063
0.18,0.41,0.75,0.22,0.75,0.72,0.5037063
0.18,0.5,0.74,0.21,0.74,0.71,0.5037063
0.17,0.4,0.73,0.24,0.73,0.71,0.5037065
0.16,0.41,0.74,0.27,0.75,0.7,0.5037067
0.16,0.49,0.71,0.27,0.76,0.7,0.5037067
0.17,0.41,0.75,0.25,0.74,0.71,0.5037068
0.18,0.5,0.73,0.29,0.74,0.7,0.503707
0.18,0.46,0.75,0.28,0.73,0.7,0.5037071
0.18,0.49,0.73,0.23,0.76,0.71,0.5037071
0.17,0.44,0.74,0.3,0.75,0.7,0.5037072
0.18,0.43,0.73,0.29,0.76,0.71,0.5037072
0.17,0.4,0.73,0.26,0.76,0.71,0.5037074
0.16,0.42,0.74,0.23,0.75,0.7,0.5037076
0.18,0.45,0.75,0.28,0.73,0.72,0.5037076
0.17,0.49,0.71,0.21,0.74,0.7,0.5037077
0.18,0.4,0.74,0.24,0.74,0.71,0.5037077
0.16,0.44,0.71,0.29,0.73,0.71,0.5037078
0.17,0.42,0.75,0.25,0.73,0.72,0.5037078
0.16,0.43,0.75,0.21,0.76,0.71,0.503708
0.18,0.5,0.71,0.3,0.73,0.71,0.5037081
0.17,0.43,0.7,0.28,0.74,0.72,0.5037082
0.16,0.46,0.75,0.21,0.74,0.7,0.5037084
0.17,0.42,0.75,0.27,0.76,0.72,0.5037085
0.17,0.41,0.73,0.22,0.75,0.7,0.5037087
0.18,0.42,0.7,0.28,0.74,0.7,0.5037087
0.18,0.45,0.75,0.3,0.76,0.72,0.5037087
0.16,0.45,0.75,0.27,0.76,0.7,0.5037089
0.16,0.4,0.7,0.25,0.74,0.72,0.503709
0.17,0.48,0.7,0.23,0.76,0.7,0.5037091
0.17,0.48,0.75,0.24,0.75,0.7,0.5037092
0.17,0.44,0.74,0.26,0.76,0.7,0.5037093
0.16,0.42,0.73,0.27,0.73,0.7,0.5037094
0.18,0.5,0.72,0.24,0.75,0.71,0.5037095
0.16,0.46,0.73,0.3,0.73,0.72,0.5037097
0.17,0.42,0.74,0.2,0.76,0.71,0.5037098
0.17,0.41,0.72,0.26,0.74,0.71,0.50371
0.18,0.43,0.73,0.25,0.76,0.7,0.50371
0.18,0.44,0.72,0.29,0.74,0.71,0.50371
0.17,0.45,0.74,0.2,0.74,0.7,0.5037101
0.18,0.4,0.72,0.21,0.75,0.7,0.5037102
0.17,0.45,0.73,0.3,0.73,0.7,0.5037103
0.16,0.42,0.75,0.24,0.72,0.7,0.5037104
0.16,0.5,0.7,0.28,0.75,0.7,0.5037104
0.17,0.5,0.7,0.22,0.73,0.7,0.5037104
0.17,0.5,0.75,0.28,0.74,0.7,0.5037104
0.18,0.47,0.74,0.23,0.75,0.7,0.5037104
0.17,0.42,0.75,0.21,0.73,0.71,0.5037106
0.16,0.42,0.73,0.29,0.76,0.7,0.5037109
0.17,0.43,0.74,0.27,0.74,0.72,0.5037111
0.18,0.5,0.75,0.22,0.72,0.7,0.5037111
0.16,0.44,0.75,0.28,0.73,0.71,0.5037112
0.18,0.4,0.71,0.25,0.75,0.72,0.5037112
0.17,0.41,0.74,0.23,0.72,0.7,0.5037113
0.16,0.5,0.71,0.2,0.75,0.71,0.5037114
0.18,0.44,0.75,0.24,0.74,0.71,0.5037116
0.18,0.47,0.75,0.24,0.72,0.7,0.5037116
0.18,0.4,0.71,0.23,0.72,0.72,0.5037118
0.18,0.46,0.74,0.3,0.74,0.72,0.5037118
0.17,0.49,0.75,0.22,0.76,0.71,0.5037119
0.18,0.49,0.74,0.24,0.74,0.7,0.5037122
0.16,0.4,0.74,0.24,0.74,0.72,0.5037124
0.16,0.44,0.75,0.3,0.76,0.71,0.5037124
0.17,0.44,0.75,0.27,0.73,0.7,0.5037124
0.16,0.49,0.73,0.2,0.74,0.7,0.5037126
0.18,0.48,0.75,0.21,0.76,0.71,0.5037128
0.18,0.43,0.74,0.26,0.73,0.7,0.5037129
0.17,0.42,0.71,0.26,0.72,0.71,0.503713
0.18,0.4,0.73,0.22,0.72,0.7,0.503713
0.18,0.41,0.75,0.24,0.76,0.72,0.503713
0.18,0.41,0.74,0.2,0.73,0.71,0.5037131
0.17,0.5,0.71,0.3,0.72,0.7,0.5037137
0.18,0.45,0.71,0.29,0.72,0.71,0.5037137
0.18,0.5,0.71,0.3,0.74,0.71,0.5037137
0.16,0.48,0.72,0.22,0.76,0.7,0.5037138
0.16,0.43,0.72,0.29,0.74,0.7,0.5037139
0.16,0.46,0.75,0.23,0.75,0.7,0.5037139
0.17,0.5,0.74,0.23,0.75,0.71,0.5037139
0.17,0.42,0.71,0.28,0.75,0.71,0.5037142
0.18,0.48,0.73,0.26,0.76,0.7,0.5037142
0.17,0.49,0.74,0.3,0.76,0.7,0.5037143
0.17,0.44,0.73,0.27,0.72,0.72,0.5037145
0.18,0.41,0.7,0.25,0.73,0.72,0.5037145
0.18,0.5,0.73,0.25,0.73,0.7,0.5037145
0.17,0.45,0.74,0.22,0.75,0.7,0.5037149
0.16,0.42,0.74,0.25,0.76,0.7,0.503715
0.18,0.41,0.7,0.27,0.76,0.72,0.503715
0.16,0.5,0.72,0.21,0.73,0.7,0.5037151
0.18,0.5,0.7,0.27,0.76,0.71,0.5037153
0.16,0.41,0.73,0.24,0.72,0.72,0.5037154
0.17,0.44,0.73,0.29,0.75,0.72,0.5037154
0.18,0.43,0.73,0.27,0.72,0.7,0.5037154
0.18,0.46,0.75,0.3,0.74,0.7,0.5037155
0.16,0.45,0.74,0.3,0.74,0.71,0.5037156
0.17,0.48,0.75,0.26,0.76,0.7,0.5037156
0.16,0.41,0.73,0.26,0.75,0.72,0.5037157
0.18,0.4,0.75,0.24,0.75,0.72,0.5037157
0.18,0.47,0.73,0.3,0.72,0.72,0.5037158
0.17,0.41,0.73,0.24,0.76,0.7,0.5037159
0.17,0.4,0.73,0.24,0.72,0.7,0.5037162
0.18,0.47,0.74,0.25,0.76,0.7,0.5037163
0.16,0.49,0.71,0.23,0.75,0.7,0.5037164
0.17,0.45,0.75,0.23,0.72,0.7,0.5037164
0.18,0.43,0.73,0.29,0.75,0.7,0.5037166
0.17,0.4,0.73,0.26,0.75,0.7,0.5037168
0.17,0.42,0.75,0.23,0.74,0.71,0.503717
0.18,0.4,0.72,0.23,0.76,0.7,0.503717
0.18,0.44,0.73,0.21,0.75,0.7,0.503717
0.18,0.45,0.75,0.28,0.72,0.71,0.5037171
0.16,0.44,0.71,0.29,0.72,0.7,0.5037172
0.17,0.43,0.7,0.28,0.73,0.71,0.5037173
0.18,0.49,0.72,0.27,0.75,0.7,0.5037173
0.17,0.46,0.75,0.2,0.76,0.71,0.5037175
0.17,0.42,0.75,0.25,0.72,0.71,0.5037176
0.16,0.4,0.75,0.2,0.73,0.71,0.5037177
0.18,0.4,0.75,0.22,0.72,0.72,0.5037177
0.17,0.42,0.75,0.27,0.75,0.71,0.5037179
0.18,0.44,0.74,0.22,0.72,0.7,0.5037179
0.16,0.4,0.7,0.25,0.73,0.71,0.503718
0.18,0.47,0.75,0.26,0.73,0.7,0.503718
0.18,0.45,0.75,0.3,0.75,0.71,0.5037181
0.18,0.44,0.75,0.26,0.75,0.71,0.5037184
0.16,0.42,0.75,0.26,0.73,0.7,0.5037185
0.18,0.41,0.74,0.26,0.76,0.72,0.5037185
0.18,0.41,0.74,0.22,0.74,0.71,0.5037186
0.18,0.41,0.74,0.24,0.73,0.72,0.5037186
0.17,0.45,0.72,0.29,0.73,0.72,0.5037188
0.16,0.42,0.72,0.26,0.73,0.72,0.5037189
0.17,0.5,0.72,0.26,0.76,0.71,0.5037189
0.17,0.43,0.7,0.3,0.76,0.71,0.503719
0.17,0.5,0.75,0.24,0.73,0.7,0.503719
0.16,0.4,0.7,0.27,0.76,0.71,0.5037191
0.16,0.46,0.73,0.3,0.72,0.71,0.5037191
0.17,0.41,0.74,0.25,0.73,0.7,0.5037191
0.18,0.45,0.75,0.2,0.73,0.71,0.5037192
0.17,0.5,0.71,0.3,0.73,0.7,0.5037193
0.18,0.42,0.75,0.2,0.75,0.72,0.5037193
0.16,0.5,0.7,0.24,0.74,0.7,0.5037194
0.17,0.41,0.72,0.26,0.73,0.7,0.5037194
0.18,0.5,0.71,0.3,0.75,0.71,0.5037194
0.18,0.44,0.72,0.29,0.73,0.7,0.5037195
0.16,0.42,0.72,0.28,0.76,0.72,0.5037198
0.18,0.4,0.73,0.24,0.73,0.7,0.5037201
0.16,0.46,0.75,0.25,0.76,0.7,0.5037204
0.16,0.43,0.74,0.21,0.75,0.7,0.5037205
0.18,0.4,0.71,0.25,0.74,0.71,0.5037205
0.17,0.41,0.72,0.28,0.76,0.7,0.5037206
0.17,0.43,0.74,0.27,0.73,0.71,0.5037206
0.16,0.44,0.75,0.28,0.72,0.7,0.5037208
0.18,0.5,0.71,0.28,0.74,0.7,0.5037209
0.17,0.44,0.75,0.29,0.74,0.7,0.503721
0.17,0.45,0.74,0.24,0.76,0.7,0.5037211
0.17,0.49,0.74,0.26,0.75,0.7,0.5037211
0.18,0.42,0.73,0.26,0.74,0.72,0.5037211
0.18,0.43,0.74,0.28,0.74,0.7,0.5037212
0.18,0.46,0.74,0.3,0.73,0.71,0.5037212
0.16,0.5,0.75,0.3,0.75,0.7,0.5037213
0.16,0.4,0.74,0.24,0.73,0.71,0.5037217
0.17,0.43,0.74,0.29,0.76,0.71,0.5037217
0.16,0.44,0.75,0.3,0.75,0.7,0.5037218
0.16,0.43,0.75,0.22,0.72,0.7,0.503722
0.18,0.5,0.72,0.2,0.74,0.71,0.5037222
0.16,0.4,0.74,0.26,0.76,0.71,0.5037223
0.17,0.42,0.73,0.2,0.75,0.7,0.5037223
0.18,0.44,0.73,0.23,0.76,0.7,0.5037224
0.17,0.45,0.75,0.25,0.73,0.7,0.5037229
0.16,0.5,0.74,0.25,0.76,0.71,0.503723
0.16,0.43,0.71,0.28,0.74,0.72,0.5037231
0.18,0.49,0.71,0.22,0.76,0.71,0.5037231
0.16,0.4,0.75,0.22,0.74,0.71,0.5037234
0.17,0.42,0.71,0.28,0.74,0.7,0.5037234
0.17,0.42,0.74,0.21,0.72,0.7,0.5037234
0.18,0.41,0.7,0.25,0.72,0.71,0.5037239
0.18,0.41,0.7,0.27,0.75,0.71,0.5037241
0.18,0.45,0.75,0.22,0.74,0.71,0.5037241
0.18,0.44,0.74,0.24,0.73,0.7,0.5037242
0.17,0.5,0.73,0.27,0.74,0.7,0.5037243
0.17,0.42,0.75,0.25,0.75,0.71,0.5037244
0.18,0.42,0.75,0.22,0.76,0.72,0.5037245
0.18,0.43,0.72,0.26,0.72,0.72,0.5037246
0.17,0.44,0.73,0.29,0.74,0.71,0.5037247
0.18,0.43,0.72,0.28,0.75,0.72,0.5037249
0.16,0.41,0.73,0.26,0.74,0.71,0.503725
0.16,0.45,0.74,0.3,0.73,0.7,0.503725
0.17,0.5,0.71,0.3,0.74,0.7,0.503725
0.18,0.48,0.75,0.22,0.72,0.7,0.5037251
0.18,0.49,0.74,0.2,0.73,0.7,0.5037251
0.18,0.47,0.75,0.28,0.74,0.7,0.5037252
0.18,0.5,0.71,0.3,0.76,0.71,0.5037252
0.18,0.41,0.74,0.24,0.75,0.71,0.5037253
0.18,0.48,0.73,0.22,0.75,0.7,0.5037253
0.18,0.41,0.73,0.2,0.72,0.7,0.5037256
0.18,0.5,0.7,0.23,0.75,0.71,0.5037256
0.18,0.5,0.75,0.29,0.76,0.71,0.5037258
0.16,0.43,0.75,0.27,0.74,0.72,0.5037259
0.17,0.4,0.72,0.25,0.75,0.72,0.503726
0.17,0.46,0.75,0.3,0.74,0.72,0.5037262
0.17,0.4,0.72,0.23,0.72,0.72,0.5037263
0.18,0.44,0.75,0.28,0.76,0.71,0.5037264
0.16,0.43,0.74,0.23,0.76,0.7,0.5037265
0.18,0.5,0.73,0.21,0.72,0.7,0.5037266
0.17,0.43,0.7,0.28,0.72,0.7,0.5037267
0.16,0.44,0.7,0.28,0.72,0.72,0.503727
0.16,0.4,0.7,0.25,0.72,0.7,0.5037273
0.18,0.49,0.72,0.23,0.74,0.7,0.5037273
0.17,0.49,0.73,0.21,0.76,0.71,0.5037277
0.17,0.42,0.73,0.22,0.76,0.7,0.5037278
0.17,0.49,0.72,0.29,0.76,0.7,0.5037279
0.18,0.41,0.74,0.26,0.75,0.71,0.5037279
0.16,0.42,0.72,0.26,0.72,0.71,0.503728
0.16,0.44,0.7,0.3,0.75,0.72,0.503728
0.18,0.5,0.7,0.29,0.72,0.71,0.503728
0.17,0.43,0.7,0.3,0.75,0.7,0.5037281
0.16,0.4,0.7,0.27,0.75,0.7,0.5037282
0.16,0.5,0.75,0.26,0.74,0.7,0.5037283
0.17,0.45,0.72,0.29,0.72,0.71,0.5037283
0.18,0.44,0.71,0.28,0.73,0.72,0.5037283
0.16,0.47,0.75,0.21,0.75,0.7,0.5037285
0.18,0.41,0.74,0.24,0.72,0.71,0.5037285
0.16,0.43,0.75,0.24,0.73,0.7,0.5037286
0.16,0.42,0.72,0.28,0.75,0.71,0.503729
0.18,0.48,0.71,0.25,0.76,0.7,0.503729
0.17,0.41,0.71,0.25,0.73,0.72,0.5037291
0.16,0.44,0.74,0.27,0.72,0.72,0.5037293
0.18,0.44,0.71,0.3,0.76,0.72,0.5037293
0.17,0.43,0.75,0.21,0.74,0.71,0.5037295
0.18,0.41,0.72,0.21,0.76,0.7,0.5037296
0.17,0.41,0.71,0.27,0.76,0.72,0.5037297
0.17,0.42,0.74,0.23,0.73,0.7,0.5037297
0.17,0.46,0.75,0.21,0.72,0.7,0.5037298
0.18,0.5,0.71,0.24,0.73,0.7,0.5037299
0.16,0.4,0.74,0.2,0.72,0.7,0.50373
0.18,0.45,0.75,0.24,0.75,0.71,0.50373
0.16,0.44,0.74,0.29,0.75,0.72,0.5037301
0.17,0.5,0.72,0.22,0.75,0.71,0.5037301
0.18,0.4,0.71,0.25,0.73,0.7,0.5037301
0.17,0.45,0.75,0.27,0.74,0.7,0.5037302
0.17,0.47,0.74,0.3,0.72,0.72,0.5037302
0.17,0.43,0.74,0.27,0.72,0.7,0.5037303
0.17,0.46,0.74,0.2,0.75,0.7,0.5037303
0.16,0.48,0.7,0.21,0.76,0.7,0.5037304
0.18,0.48,0.75,0.24,0.73,0.7,0.5037306
0.18,0.42,0.73,0.26,0.73,0.71,0.5037307
0.18,0.46,0.74,0.3,0.72,0.7,0.5037307
0.18,0.4,0.71,0.27,0.76,0.7,0.5037308
0.18,0.44,0.74,0.26,0.74,0.7,0.5037308
0.16,0.4,0.75,0.24,0.75,0.71,0.503731
0.17,0.4,0.75,0.21,0.76,0.72,0.503731
0.17,0.43,0.74,0.29,0.75,0.7,0.5037312
0.18,0.41,0.73,0.22,0.73,0.7,0.5037313
0.18,0.42,0.73,0.28,0.76,0.71,0.5037314
0.16,0.4,0.74,0.24,0.72,0.7,0.5037316
0.16,0.49,0.74,0.28,0.76,0.7,0.5037316
0.18,0.42,0.74,0.2,0.74,0.71,0.5037316
0.18,0.44,0.75,0.27,0.73,0.72,0.5037318
0.17,0.5,0.71,0.3,0.75,0.7,0.5037319
0.16,0.5,0.7,0.2,0.73,0.7,0.503732
0.17,0.49,0.74,0.22,0.74,0.7,0.503732
0.17,0.5,0.75,0.2,0.72,0.7,0.503732
0.18,0.45,0.74,0.2,0.72,0.7,0.503732
0.18,0.49,0.7,0.26,0.75,0.7,0.5037321
0.16,0.43,0.71,0.28,0.73,0.71,0.5037323
0.17,0.42,0.75,0.27,0.76,0.71,0.5037323
0.18,0.44,0.75,0.29,0.76,0.72,0.5037324
0.18,0.45,0.7,0.3,0.74,0.72,0.5037328
0.16,0.49,0.75,0.2,0.76,0.71,0.503733
0.17,0.42,0.7,0.27,0.74,0.72,0.503733
0.18,0.47,0.75,0.3,0.75,0.7,0.503733
0.17,0.41,0.75,0.24,0.73,0.72,0.5037331
0.17,0.41,0.75,0.26,0.76,0.72,0.5037331
0.18,0.41,0.74,0.26,0.76,0.71,0.5037331
0.17,0.48,0.73,0.24,0.76,0.7,0.5037333
0.16,0.47,0.75,0.23,0.76,0.7,0.5037334
0.16,0.45,0.73,0.29,0.73,0.72,0.5037335
0.18,0.5,0.7,0.29,0.73,0.71,0.5037335
0.18,0.41,0.7,0.27,0.74,0.7,0.5037336
0.16,0.43,0.71,0.3,0.76,0.71,0.5037337
0.16,0.4,0.73,0.21,0.76,0.7,0.5037339
0.18,0.5,0.75,0.25,0.75,0.71,0.5037341
0.17,0.44,0.73,0.29,0.73,0.7,0.5037343
0.17,0.5,0.73,0.23,0.73,0.7,0.5037343
0.18,0.43,0.72,0.28,0.74,0.71,0.5037343
0.16,0.41,0.73,0.26,0.73,0.7,0.5037345
0.17,0.46,0.74,0.22,0.76,0.7,0.5037347
0.17,0.5,0.7,0.25,0.76,0.71,0.5037348
0.16,0.5,0.74,0.21,0.75,0.71,0.503735
0.16,0.5,0.73,0.29,0.75,0.7,0.5037351
0.17,0.46,0.75,0.23,0.73,0.7,0.5037352
0.17,0.4,0.72,0.25,0.74,0.71,0.5037353
0.16,0.41,0.73,0.28,0.76,0.7,0.5037354
0.18,0.45,0.74,0.29,0.74,0.72,0.5037354
0.16,0.44,0.75,0.2,0.72,0.7,0.5037355
0.17,0.43,0.75,0.23,0.75,0.71,0.5037355
0.16,0.43,0.75,0.27,0.73,0.71,0.5037356
0.17,0.46,0.75,0.3,0.73,0.71,0.5037357
0.17,0.42,0.74,0.26,0.74,0.72,0.5037358
0.16,0.4,0.74,0.22,0.73,0.7,0.5037359
0.17,0.49,0.72,0.25,0.75,0.7,0.5037359
0.16,0.41,0.75,0.2,0.74,0.71,0.5037362
0.16,0.43,0.75,0.26,0.74,0.7,0.5037362
0.16,0.43,0.75,0.29,0.76,0.71,0.5037362
0.18,0.45,0.75,0.26,0.76,0.71,0.5037365
0.18,0.48,0.75,0.26,0.74,0.7,0.5037366
0.17,0.42,0.74,0.25,0.74,0.7,0.5037368
0.18,0.45,0.73,0.21,0.76,0.7,0.5037369
0.18,0.45,0.74,0.22,0.73,0.7,0.5037369
0.18,0.5,0.71,0.3,0.72,0.72,0.5037369
0.16,0.44,0.7,0.3,0.74,0.71,0.503737
0.18,0.42,0.74,0.22,0.75,0.71,0.5037371
0.18,0.44,0.71,0.28,0.72,0.71,0.5037378
0.18,0.41,0.73,0.24,0.74,0.7,0.5037379
0.16,0.48,0.75,0.23,0.76,0.7,0.5037382
0.18,0.43,0.75,0.2,0.76,0.72,0.5037383
0.16,0.42,0.72,0.28,0.74,0.7,0.5037384
0.17,0.41,0.71,0.25,0.72,0.71,0.5037384
0.17,0.45,0.75,0.29,0.75,0.7,0.5037385
0.18,0.44,0.71,0.3,0.75,0.71,0.5037385
0.16,0.5,0.72,0.24,0.76,0.71,0.5037388
0.18,0.44,0.74,0.28,0.75,0.7,0.5037388
0.18,0.46,0.75,0.2,0.74,0.71,0.5037388
0.17,0.41,0.71,0.27,0.75,0.71,0.5037389
0.17,0.43,0.73,0.26,0.72,0.72,0.5037391
0.18,0.5,0.7,0.29,0.74,0.71,0.5037391
0.17,0.5,0.7,0.29,0.72,0.7,0.5037393
0.17,0.5,0.71,0.26,0.74,0.7,0.5037393
0.16,0.5,0.75,0.22,0.73,0.7,0.5037394
0.18,0.46,0.73,0.29,0.72,0.72,0.5037394
0.16,0.44,0.74,0.29,0.74,0.71,0.5037395
0.17,0.43,0.73,0.28,0.75,0.72,0.5037395
0.18,0.5,0.73,0.28,0.76,0.71,0.5037397
0.18,0.47,0.72,0.2,0.76,0.7,0.5037398
0.18,0.4,0.7,0.26,0.76,0.72,0.50374
0.16,0.44,0.74,0.21,0.76,0.7,0.5037402
0.18,0.42,0.75,0.23,0.72,0.71,0.5037403
0.18,0.4,0.7,0.24,0.73,0.72,0.5037404
0.16,0.49,0.74,0.24,0.75,0.7,0.5037405
0.18,0.49,0.75,0.2,0.72,0.7,0.5037405
0.18,0.42,0.73,0.26,0.72,0.7,0.5037406
0.16,0.4,0.73,0.25,0.75,0.72,0.503741
0.16,0.44,0.75,0.22,0.73,0.7,0.503741
0.18,0.42,0.73,0.28,0.75,0.7,0.503741
0.18,0.48,0.71,0.21,0.75,0.7,0.5037413
0.16,0.4,0.73,0.23,0.72,0.72,0.5037415
0.18,0.44,0.75,0.27,0.72,0.71,0.5037415
0.17,0.46,0.75,0.25,0.74,0.7,0.5037416
0.16,0.41,0.75,0.22,0.75,0.71,0.5037417
0.16,0.43,0.71,0.28,0.72,0.7,0.5037418
0.18,0.44,0.75,0.29,0.75,0.71,0.5037419
0.18,0.5,0.74,0.2,0.76,0.72,0.503742
0.17,0.43,0.75,0.25,0.76,0.71,0.5037421
0.18,0.45,0.7,0.3,0.73,0.71,0.5037421
0.18,0.5,0.71,0.3,0.73,0.72,0.5037421
0.17,0.42,0.7,0.27,0.73,0.71,0.5037422
0.17,0.43,0.74,0.21,0.73,0.7,0.5037423
0.17,0.43,0.73,0.2,0.76,0.7,0.5037424
0.17,0.49,0.7,0.28,0.76,0.7,0.5037427
0.18,0.45,0.74,0.24,0.74,0.7,0.5037427
0.17,0.44,0.72,0.28,0.73,0.72,0.5037429
0.16,0.43,0.71,0.3,0.75,0.7,0.503743
0.16,0.45,0.73,0.29,0.72,0.71,0.503743
0.18,0.49,0.75,0.28,0.75,0.7,0.503743
0.18,0.5,0.71,0.2,0.72,0.7,0.503743
0.17,0.41,0.75,0.24,0.72,0.71,0.5037431
0.18,0.46,0.75,0.22,0.75,0.71,0.5037431
0.16,0.5,0.73,0.25,0.74,0.7,0.5037433
0.17,0.42,0.7,0.29,0.76,0.71,0.5037433
0.17,0.5,0.75,0.27,0.76,0.71,0.5037433
0.18,0.42,0.74,0.24,0.76,0.71,0.5037433
0.17,0.4,0.74,0.21,0.75,0.71,0.5037434
0.18,0.48,0.75,0.28,0.75,0.7,0.5037434
0.16,0.4,0.74,0.24,0.74,0.7,0.5037435
0.18,0.4,0.74,0.25,0.76,0.72,0.5037436
0.18,0.49,0.7,0.22,0.74,0.7,0.5037436
0.17,0.44,0.72,0.3,0.76,0.72,0.5037438
0.18,0.43,0.72,0.28,0.73,0.7,0.503744
0.16,0.41,0.72,0.25,0.73,0.72,0.5037442
0.16,0.43,0.75,0.28,0.75,0.7,0.5037443
0.17,0.49,0.71,0.2,0.76,0.71,0.5037444
0.18,0.42,0.73,0.2,0.73,0.7,0.5037444
0.16,0.41,0.72,0.27,0.76,0.72,0.5037445
0.18,0.4,0.74,0.23,0.73,0.72,0.5037446
0.16,0.47,0.75,0.3,0.72,0.72,0.5037447
0.18,0.49,0.75,0.22,0.73,0.7,0.5037447
0.17,0.42,0.74,0.27,0.75,0.7,0.5037448
0.18,0.5,0.7,0.29,0.75,0.71,0.5037448
0.18,0.43,0.72,0.3,0.76,0.7,0.5037449
0.17,0.4,0.72,0.25,0.73,0.7,0.503745
0.17,0.5,0.7,0.29,0.73,0.7,0.503745
0.18,0.45,0.74,0.29,0.73,0.71,0.503745
0.17,0.46,0.75,0.3,0.72,0.7,0.5037453
0.16,0.43,0.75,0.27,0.72,0.7,0.5037454
0.17,0.42,0.74,0.26,0.73,0.71,0.5037455
0.17,0.4,0.72,0.27,0.76,0.7,0.5037456
0.18,0.41,0.73,0.26,0.75,0.7,0.5037456
0.16,0.43,0.75,0.29,0.75,0.7,0.5037459
0.17,0.42,0.74,0.28,0.76,0.71,0.503746
0.16,0.49,0.72,0.27,0.76,0.7,0.5037462
0.16,0.44,0.7,0.3,0.73,0.7,0.5037463
0.17,0.48,0.73,0.2,0.75,0.7,0.5037463
0.18,0.5,0.74,0.29,0.74,0.7,0.5037463
0.18,0.41,0.73,0.25,0.74,0.72,0.5037464
0.18,0.5,0.75,0.21,0.74,0.71,0.5037465
0.17,0.5,0.7,0.21,0.75,0.71,0.5037469
0.18,0.49,0.74,0.23,0.76,0.71,0.5037469
0.18,0.42,0.75,0.25,0.73,0.71,0.503747
0.16,0.44,0.75,0.24,0.74,0.7,0.5037471
0.17,0.4,0.75,0.22,0.72,0.71,0.5037471
0.18,0.44,0.74,0.3,0.76,0.7,0.5037471
0.17,0.45,0.71,0.3,0.74,0.72,0.5037472
0.18,0.5,0.71,0.3,0.74,0.72,0.5037475
0.16,0.42,0.71,0.27,0.74,0.72,0.5037479
0.17,0.5,0.71,0.3,0.72,0.71,0.503748
0.18,0.44,0.71,0.3,0.74,0.7,0.503748
0.17,0.49,0.72,0.21,0.74,0.7,0.5037482
0.17,0.43,0.74,0.23,0.74,0.7,0.5037483
0.17,0.46,0.75,0.27,0.75,0.7,0.5037483
0.17,0.44,0.75,0.21,0.75,0.71,0.5037484
0.18,0.46,0.75,0.24,0.76,0.71,0.5037484
0.17,0.41,0.71,0.27,0.74,0.7,0.5037485
0.16,0.41,0.74,0.2,0.73,0.7,0.5037488
0.16,0.41,0.75,0.24,0.76,0.71,0.5037488
0.17,0.43,0.73,0.28,0.74,0.71,0.503749
0.18,0.45,0.74,0.26,0.75,0.7,0.5037491
0.16,0.44,0.74,0.29,0.73,0.7,0.5037492
0.18,0.5,0.73,0.24,0.75,0.71,0.5037492
0.17,0.48,0.71,0.23,0.76,0.7,0.5037493
0.18,0.4,0.7,0.26,0.75,0.71,0.5037493
0.17,0.47,0.75,0.21,0.73,0.7,0.5037494
0.18,0.42,0.72,0.27,0.75,0.72,0.5037495
0.16,0.5,0.71,0.28,0.75,0.7,0.5037497
0.17,0.4,0.74,0.23,0.76,0.71,0.5037499
0.17,0.45,0.75,0.29,0.74,0.72,0.5037499
0.18,0.4,0.7,0.24,0.72,0.71,0.5037499
0.18,0.42,0.72,0.25,0.72,0.72,0.5037499
0.18,0.42,0.73,0.22,0.74,0.7,0.5037499
0.16,0.4,0.73,0.25,0.74,0.71,0.5037504
0.17,0.47,0.74,0.2,0.76,0.7,0.5037504
0.16,0.42,0.75,0.26,0.74,0.72,0.5037507
0.17,0.5,0.7,0.29,0.74,0.7,0.5037507
0.18,0.5,0.7,0.29,0.76,0.71,0.5037507
0.17,0.5,0.71,0.22,0.73,0.7,0.5037508
0.18,0.48,0.75,0.3,0.76,0.7,0.5037508
0.18,0.43,0.74,0.2,0.75,0.71,0.503751
0.16,0.4,0.74,0.26,0.75,0.7,0.5037515
0.16,0.5,0.72,0.2,0.75,0.71,0.5037516
0.17,0.42,0.7,0.27,0.72,0.7,0.5037517
0.16,0.43,0.7,0.27,0.72,0.72,0.5037518
0.18,0.45,0.7,0.3,0.72,0.7,0.5037518
0.18,0.46,0.74,0.2,0.73,0.7,0.5037518
0.17,0.46,0.7,0.3,0.72,0.72,0.503752
0.17,0.49,0.7,0.24,0.75,0.7,0.503752
0.18,0.45,0.75,0.27,0.72,0.7,0.5037521
0.18,0.43,0.75,0.21,0.72,0.71,0.5037522
0.16,0.43,0.7,0.29,0.75,0.72,0.5037523
0.18,0.49,0.75,0.24,0.74,0.7,0.5037523
0.17,0.42,0.7,0.29,0.75,0.7,0.5037526
0.17,0.44,0.72,0.28,0.72,0.71,0.5037526
0.18,0.5,0.71,0.3,0.75,0.72,0.5037529
0.18,0.43,0.71,0.27,0.73,0.72,0.503753
0.17,0.44,0.72,0.3,0.75,0.71,0.5037531
0.17,0.49,0.75,0.3,0.76,0.7,0.5037533
0.17,0.5,0.71,0.3,0.73,0.71,0.5037533
0.16,0.49,0.74,0.2,0.74,0.7,0.5037534
0.18,0.43,0.71,0.29,0.76,0.72,0.5037534
0.16,0.41,0.72,0.25,0.72,0.71,0.5037535
0.17,0.5,0.75,0.23,0.75,0.71,0.5037536
0.16,0.41,0.72,0.27,0.75,0.71,0.5037538
0.17,0.46,0.74,0.29,0.72,0.72,0.5037538
0.16,0.44,0.75,0.26,0.75,0.7,0.503754
0.16,0.48,0.73,0.22,0.76,0.7,0.503754
0.17,0.44,0.75,0.23,0.76,0.71,0.503754
0.18,0.48,0.74,0.26,0.76,0.7,0.503754
0.16,0.43,0.74,0.26,0.72,0.72,0.5037541
0.16,0.43,0.74,0.28,0.75,0.72,0.5037542
0.18,0.4,0.75,0.21,0.74,0.72,0.5037542
0.17,0.47,0.75,0.23,0.74,0.7,0.5037543
0.18,0.5,0.71,0.27,0.76,0.71,0.5037544
0.18,0.5,0.74,0.25,0.73,0.7,0.5037545
0.16,0.41,0.74,0.22,0.74,0.7,0.5037546
0.18,0.4,0.74,0.23,0.72,0.71,0.5037547
0.18,0.45,0.74,0.29,0.72,0.7,0.5037547
0.18,0.49,0.7,0.3,0.72,0.7,0.5037547
0.17,0.43,0.74,0.25,0.75,0.7,0.5037548
0.17,0.4,0.71,0.24,0.73,0.72,0.5037549
0.17,0.4,0.71,0.26,0.76,0.72,0.5037549
0.16,0.42,0.75,0.2,0.75,0.71,0.5037551
0.16,0.45,0.75,0.2,0.73,0.7,0.5037551
0.16,0.5,0.7,0.23,0.76,0.71,0.5037555
0.17,0.42,0.74,0.26,0.72,0.7,0.5037555
0.16,0.5,0.73,0.21,0.73,0.7,0.5037556
0.17,0.42,0.74,0.28,0.75,0.7,0.5037556
0.18,0.43,0.74,0.22,0.76,0.71,0.5037556
0.17,0.46,0.75,0.29,0.76,0.7,0.5037559
0.18,0.41,0.73,0.25,0.73,0.71,0.5037561
0.18,0.41,0.73,0.27,0.76,0.71,0.5037561
0.18,0.42,0.73,0.24,0.75,0.7,0.5037561
0.18,0.46,0.74,0.22,0.74,0.7,0.5037561
0.17,0.4,0.73,0.21,0.74,0.7,0.5037562
0.18,0.43,0.75,0.28,0.76,0.72,0.5037564
0.18,0.45,0.74,0.28,0.76,0.7,0.5037565
0.16,0.49,0.72,0.23,0.75,0.7,0.5037566
0.17,0.45,0.71,0.3,0.73,0.71,0.5037567
0.18,0.43,0.75,0.26,0.73,0.72,0.5037567
0.18,0.49,0.73,0.27,0.75,0.7,0.5037568
0.18,0.44,0.7,0.29,0.74,0.72,0.5037569
0.16,0.42,0.71,0.27,0.73,0.71,0.5037572
0.16,0.44,0.73,0.28,0.73,0.72,0.5037577
0.17,0.5,0.73,0.26,0.76,0.71,0.503758
0.16,0.42,0.71,0.29,0.76,0.71,0.5037581
0.17,0.41,0.7,0.26,0.74,0.72,0.5037581
0.18,0.43,0.75,0.23,0.73,0.71,0.5037581
0.17,0.4,0.75,0.25,0.76,0.72,0.5037583
0.16,0.44,0.73,0.3,0.76,0.72,0.5037584
0.18,0.47,0.75,0.2,0.75,0.71,0.5037584
0.18,0.5,0.71,0.3,0.76,0.72,0.5037584
0.17,0.43,0.75,0.26,0.72,0.7,0.5037585
0.17,0.43,0.73,0.28,0.73,0.7,0.5037588
0.17,0.5,0.71,0.3,0.74,0.71,0.5037588
0.18,0.4,0.7,0.26,0.74,0.7,0.5037589
0.18,0.42,0.72,0.27,0.74,0.71,0.5037591
0.17,0.4,0.75,0.23,0.73,0.72,0.5037592
0.17,0.41,0.75,0.2,0.72,0.71,0.5037593
0.16,0.5,0.71,0.3,0.72,0.7,0.5037594
0.17,0.43,0.73,0.3,0.76,0.7,0.5037594
0.16,0.5,0.71,0.24,0.74,0.7,0.5037595
0.18,0.44,0.74,0.28,0.74,0.72,0.5037595
0.17,0.45,0.75,0.29,0.73,0.71,0.5037596
0.16,0.45,0.75,0.22,0.74,0.7,0.5037598
0.18,0.4,0.75,0.23,0.75,0.72,0.5037598
0.18,0.42,0.74,0.25,0.72,0.7,0.5037598
0.16,0.4,0.73,0.25,0.73,0.7,0.5037601
0.18,0.45,0.75,0.29,0.73,0.7,0.5037601
0.17,0.47,0.75,0.25,0.75,0.7,0.5037602
0.18,0.49,0.7,0.3,0.73,0.7,0.5037602
0.16,0.42,0.75,0.22,0.76,0.71,0.5037603
0.16,0.4,0.73,0.27,0.76,0.7,0.5037604
0.18,0.5,0.72,0.28,0.74,0.7,0.5037604
0.16,0.42,0.75,0.28,0.76,0.71,0.5037605
0.16,0.42,0.75,0.26,0.73,0.71,0.5037606
0.17,0.49,0.75,0.26,0.75,0.7,0.5037609
0.17,0.41,0.74,0.25,0.74,0.72,0.503761
0.18,0.46,0.74,0.24,0.75,0.7,0.5037613
0.16,0.41,0.74,0.24,0.75,0.7,0.5037615
0.17,0.44,0.74,0.21,0.74,0.7,0.5037615
0.16,0.43,0.7,0.29,0.74,0.71,0.5037616
0.16,0.44,0.75,0.28,0.76,0.7,0.5037618
0.16,0.45,0.72,0.3,0.74,0.72,0.5037618
0.17,0.41,0.74,0.21,0.76,0.71,0.5037618
0.16,0.49,0.7,0.26,0.76,0.7,0.5037622
0.16,0.5,0.75,0.25,0.76,0.71,0.5037623
0.17,0.43,0.74,0.27,0.76,0.7,0.5037623
0.18,0.47,0.75,0.22,0.76,0.71,0.5037623
0.18,0.5,0.7,0.29,0.72,0.72,0.5037626
0.18,0.5,0.73,0.2,0.74,0.71,0.5037626
0.17,0.44,0.72,0.3,0.74,0.7,0.5037627
0.18,0.43,0.71,0.27,0.72,0.71,0.5037627
0.17,0.4,0.73,0.23,0.75,0.7,0.5037628
0.18,0.43,0.71,0.29,0.75,0.71,0.5037628
0.18,0.49,0.72,0.22,0.76,0.71,0.5037629
0.18,0.45,0.73,0.3,0.75,0.72,0.5037633
0.16,0.41,0.72,0.27,0.74,0.7,0.5037634
0.18,0.42,0.73,0.26,0.76,0.7,0.5037634
0.18,0.45,0.73,0.28,0.72,0.72,0.5037634
0.18,0.46,0.75,0.25,0.72,0.7,0.5037635
0.16,0.43,0.74,0.28,0.74,0.71,0.5037638
0.17,0.5,0.74,0.27,0.74,0.7,0.5037639
0.17,0.42,0.73,0.27,0.75,0.72,0.5037641
0.18,0.43,0.73,0.2,0.74,0.7,0.5037641
0.18,0.49,0.71,0.3,0.76,0.7,0.5037641
0.17,0.4,0.71,0.26,0.75,0.71,0.5037642
0.18,0.43,0.75,0.25,0.74,0.71,0.5037642
0.17,0.41,0.75,0.22,0.73,0.71,0.5037643
0.17,0.42,0.73,0.25,0.72,0.72,0.5037644
0.17,0.5,0.71,0.3,0.75,0.71,0.5037644
0.17,0.4,0.71,0.24,0.72,0.71,0.5037645
0.18,0.4,0.73,0.2,0.76,0.71,0.5037647
0.16,0.5,0.71,0.3,0.73,0.7,0.503765
0.17,0.49,0.7,0.2,0.74,0.7,0.5037653
0.18,0.5,0.71,0.23,0.75,0.71,0.5037654
0.18,0.48,0.74,0.22,0.75,0.7,0.5037657
0.18,0.49,0.7,0.3,0.74,0.7,0.5037657
0.16,0.45,0.75,0.24,0.75,0.7,0.5037658
0.18,0.41,0.73,0.27,0.75,0.7,0.5037659
0.18,0.43,0.75,0.28,0.75,0.71,0.5037661
0.18,0.44,0.7,0.29,0.73,0.71,0.5037663
0.17,0.45,0.71,0.3,0.72,0.7,0.5037664
0.18,0.41,0.73,0.25,0.72,0.7,0.5037664
0.16,0.46,0.71,0.3,0.72,0.72,0.5037665
0.17,0.47,0.75,0.27,0.76,0.7,0.5037666
0.18,0.43,0.75,0.26,0.72,0.71,0.5037667
0.16,0.42,0.71,0.27,0.72,0.7,0.5037668
0.18,0.4,0.74,0.21,0.73,0.71,0.5037668
0.17,0.44,0.74,0.23,0.75,0.7,0.503767
0.17,0.49,0.73,0.29,0.76,0.7,0.5037672
0.18,0.5,0.74,0.21,0.72,0.7,0.5037672
0.18,0.46,0.72,0.3,0.73,0.72,0.5037673
0.16,0.44,0.73,0.28,0.72,0.71,0.5037674
0.16,0.42,0.71,0.29,0.75,0.7,0.5037675
0.18,0.46,0.74,0.26,0.76,0.7,0.5037675
0.17,0.41,0.7,0.26,0.73,0.71,0.5037676
0.17,0.43,0.72,0.27,0.73,0.72,0.5037676
0.17,0.49,0.74,0.21,0.76,0.71,0.5037676
0.18,0.49,0.73,0.23,0.74,0.7,0.5037676
0.16,0.44,0.73,0.3,0.75,0.71,0.5037678
0.17,0.45,0.75,0.21,0.76,0.71,0.5037678
0.18,0.5,0.7,0.29,0.73,0.72,0.5037678
0.17,0.43,0.72,0.29,0.76,0.72,0.5037679
0.16,0.42,0.74,0.2,0.74,0.7,0.503768
0.17,0.41,0.7,0.28,0.76,0.71,0.5037681
0.16,0.46,0.75,0.29,0.72,0.72,0.5037685
0.18,0.43,0.73,0.22,0.75,0.7,0.5037687
0.18,0.42,0.72,0.27,0.73,0.7,0.5037689
0.18,0.48,0.72,0.25,0.76,0.7,0.5037689
0.16,0.41,0.74,0.26,0.76,0.7,0.503769
0.17,0.4,0.75,0.23,0.72,0.71,0.5037692
0.17,0.48,0.75,0.21,0.74,0.7,0.5037692
0.17,0.44,0.75,0.24,0.72,0.7,0.5037693
0.18,0.42,0.72,0.29,0.76,0.7,0.5037693
0.18,0.44,0.74,0.28,0.73,0.71,0.5037693
0.17,0.45,0.75,0.29,0.72,0.7,0.5037695
0.18,0.44,0.74,0.3,0.76,0.71,0.5037696
0.16,0.4,0.72,0.26,0.76,0.72,0.5037698
0.18,0.46,0.75,0.27,0.73,0.7,0.5037698
0.17,0.5,0.73,0.22,0.75,0.71,0.5037699
0.16,0.4,0.72,0.24,0.73,0.72,0.50377
0.18,0.5,0.72,0.24,0.73,0.7,0.50377
0.17,0.4,0.73,0.25,0.76,0.7,0.5037701
0.17,0.5,0.71,0.3,0.76,0.71,0.5037701
0.16,0.5,0.71,0.3,0.74,0.7,0.5037706
0.18,0.44,0.74,0.2,0.76,0.71,0.5037706
0.18,0.44,0.75,0.21,0.73,0.71,0.5037706
0.16,0.42,0.75,0.26,0.72,0.7,0.5037707
0.17,0.41,0.74,0.27,0.76,0.71,0.5037708
0.17,0.41,0.75,0.24,0.74,0.71,0.5037708
0.16,0.48,0.71,0.21,0.76,0.7,0.5037709
0.16,0.49,0.75,0.28,0.76,0.7,0.5037709
0.17,0.41,0.74,0.25,0.73,0.71,0.5037709
0.17,0.5,0.72,0.3,0.75,0.7,0.5037709
0.16,0.43,0.7,0.29,0.73,0.7,0.503771
0.18,0.43,0.74,0.23,0.72,0.7,0.5037711
0.16,0.45,0.72,0.3,0.73,0.71,0.5037714
0.18,0.49,0.7,0.3,0.75,0.7,0.5037714
0.17,0.44,0.71,0.29,0.74,0.72,0.5037715
0.18,0.43,0.75,0.27,0.75,0.71,0.5037715
0.18,0.41,0.75,0.21,0.75,0.72,0.5037716
0.18,0.47,0.74,0.2,0.74,0.7,0.5037716
0.18,0.49,0.71,0.26,0.75,0.7,0.5037718
0.16,0.45,0.75,0.26,0.76,0.7,0.5037721
0.18,0.4,0.73,0.24,0.74,0.72,0.5037721
0.17,0.49,0.75,0.22,0.74,0.7,0.5037724
0.18,0.4,0.74,0.23,0.74,0.71,0.5037724
0.18,0.43,0.71,0.29,0.74,0.7,0.5037725
0.16,0.5,0.71,0.2,0.73,0.7,0.5037727
0.17,0.44,0.74,0.25,0.76,0.7,0.503773
0.18,0.45,0.73,0.3,0.74,0.71,0.503773
0.18,0.5,0.7,0.29,0.74,0.72,0.5037731
0.16,0.41,0.71,0.26,0.74,0.72,0.5037732
0.16,0.42,0.74,0.22,0.75,0.7,0.5037733
0.17,0.48,0.74,0.24,0.76,0.7,0.5037734
0.16,0.49,0.7,0.22,0.75,0.7,0.5037736
0.17,0.48,0.75,0.23,0.75,0.7,0.5037736
0.16,0.43,0.74,0.28,0.73,0.7,0.5037737
0.17,0.42,0.73,0.27,0.74,0.71,0.5037738
0.17,0.5,0.7,0.29,0.72,0.71,0.5037738
0.16,0.43,0.74,0.3,0.76,0.7,0.5037739
0.17,0.4,0.71,0.26,0.74,0.7,0.503774
0.17,0.5,0.71,0.25,0.76,0.71,0.503774
0.17,0.44,0.75,0.28,0.74,0.72,0.5037741
0.16,0.5,0.74,0.29,0.75,0.7,0.5037743
0.16,0.43,0.75,0.2,0.76,0.71,0.5037744
0.17,0.5,0.74,0.23,0.73,0.7,0.5037744
0.18,0.43,0.73,0.24,0.76,0.7,0.5037745
0.18,0.41,0.72,0.26,0.75,0.72,0.5037746
0.16,0.46,0.75,0.2,0.74,0.7,0.5037748
0.16,0.5,0.75,0.21,0.75,0.71,0.5037749
0.17,0.41,0.73,0.21,0.75,0.7,0.5037749
0.18,0.5,0.7,0.27,0.74,0.7,0.5037752
0.18,0.47,0.74,0.22,0.75,0.7,0.5037755
0.16,0.42,0.75,0.23,0.72,0.7,0.5037758
0.17,0.49,0.73,0.25,0.75,0.7,0.5037758
0.18,0.41,0.72,0.24,0.72,0.72,0.5037758
0.16,0.41,0.75,0.25,0.74,0.72,0.5037759
0.17,0.44,0.75,0.26,0.73,0.7,0.5037759
0.17,0.45,0.7,0.29,0.72,0.72,0.503776
0.18,0.44,0.75,0.23,0.74,0.71,0.5037761
0.18,0.44,0.7,0.29,0.72,0.7,0.5037762
0.16,0.5,0.71,0.3,0.75,0.7,0.5037763
0.18,0.47,0.75,0.23,0.72,0.7,0.5037764
0.16,0.42,0.7,0.28,0.75,0.72,0.503777
0.17,0.41,0.7,0.26,0.72,0.7,0.5037771
0.18,0.41,0.75,0.23,0.76,0.72,0.5037771
0.18,0.46,0.72,0.3,0.72,0.71,0.5037771
0.16,0.42,0.7,0.26,0.72,0.72,0.5037772
0.18,0.43,0.74,0.25,0.73,0.7,0.5037772
0.18,0.49,0.7,0.3,0.76,0.7,0.5037772
0.17,0.43,0.72,0.27,0.72,0.71,0.5037773
0.17,0.41,0.74,0.22,0.72,0.7,0.5037774
0.17,0.42,0.75,0.2,0.73,0.71,0.5037774
0.17,0.43,0.72,0.29,0.75,0.71,0.5037774
0.18,0.46,0.75,0.29,0.74,0.7,0.5037774
0.16,0.44,0.73,0.3,0.74,0.7,0.5037775
0.17,0.41,0.7,0.28,0.75,0.7,0.5037776
0.18,0.4,0.72,0.2,0.75,0.7,0.5037776
0.17,0.45,0.74,0.28,0.72,0.72,0.5037778
0.17,0.45,0.74,0.3,0.75,0.72,0.5037778
0.18,0.42,0.71,0.28,0.76,0.72,0.503778
0.18,0.48,0.75,0.2,0.76,0.71,0.5037781
0.16,0.5,0.73,0.24,0.76,0.71,0.5037782
0.18,0.42,0.71,0.26,0.73,0.72,0.5037782
0.17,0.41,0.75,0.26,0.75,0.71,0.5037783
0.18,0.5,0.74,0.28,0.76,0.71,0.5037785
0.18,0.5,0.7,0.29,0.75,0.72,0.5037786
0.17,0.5,0.72,0.26,0.74,0.7,0.5037788
0.16,0.42,0.74,0.27,0.75,0.72,0.5037789
0.17,0.48,0.75,0.25,0.76,0.7,0.5037789
0.16,0.46,0.75,0.22,0.75,0.7,0.5037791
0.18,0.44,0.74,0.28,0.72,0.7,0.5037792
0.16,0.4,0.72,0.26,0.75,0.71,0.5037793
0.17,0.5,0.7,0.29,0.73,0.71,0.5037793
0.16,0.42,0.74,0.25,0.72,0.72,0.5037795
0.18,0.4,0.74,0.25,0.75,0.71,0.5037795
0.18,0.44,0.74,0.3,0.75,0.7,0.5037795
0.16,0.42,0.74,0.24,0.76,0.7,0.5037796
0.16,0.4,0.72,0.24,0.72,0.71,0.5037797
0.18,0.4,0.73,0.21,0.72,0.7,0.5037799
0.18,0.49,0.7,0.21,0.76,0.71,0.5037799
0.16,0.49,0.75,0.24,0.75,0.7,0.5037804
0.18,0.47,0.74,0.24,0.76,0.7,0.5037804
0.18,0.47,0.73,0.2,0.76,0.7,0.5037805
0.17,0.41,0.73,0.23,0.76,0.7,0.503781
0.17,0.45,0.74,0.21,0.75,0.7,0.503781
0.18,0.42,0.75,0.27,0.76,0.72,0.503781
0.17,0.44,0.71,0.29,0.73,0.71,0.5037811
0.17,0.41,0.74,0.25,0.72,0.7,0.5037812
0.16,0.45,0.72,0.3,0.72,0.7,0.5037813
0.18,0.4,0.73,0.26,0.76,0.71,0.5037814
0.18,0.43,0.7,0.28,0.74,0.72,0.5037816
0.17,0.46,0.73,0.3,0.73,0.72,0.5037817
0.18,0.47,0.75,0.25,0.73,0.7,0.5037818
0.18,0.48,0.72,0.21,0.75,0.7,0.5037818
0.18,0.5,0.75,0.2,0.76,0.72,0.5037818
0.17,0.45,0.75,0.22,0.72,0.7,0.5037819
0.18,0.44,0.75,0.25,0.75,0.71,0.5037819
0.17,0.49,0.71,0.28,0.76,0.7,0.503782
0.18,0.42,0.75,0.25,0.73,0.72,0.503782
0.18,0.4,0.73,0.24,0.73,0.71,0.5037822
0.17,0.42,0.75,0.22,0.74,0.71,0.5037823
0.16,0.43,0.73,0.27,0.73,0.72,0.5037824
0.17,0.5,0.71,0.3,0.72,0.72,0.5037824
0.16,0.43,0.73,0.29,0.76,0.72,0.5037826
0.16,0.41,0.71,0.26,0.73,0.71,0.5037827
0.16,0.41,0.71,0.28,0.76,0.71,0.5037828
0.16,0.42,0.75,0.25,0.73,0.7,0.5037828
0.18,0.4,0.72,0.22,0.76,0.7,0.5037828
0.18,0.45,0.73,0.3,0.73,0.7,0.5037829
0.16,0.5,0.74,0.25,0.74,0.7,0.503783
0.17,0.44,0.75,0.28,0.74,0.7,0.5037835
0.18,0.5,0.72,0.2,0.72,0.7,0.5037837
0.17,0.4,0.7,0.25,0.74,0.72,0.5037838
0.17,0.42,0.73,0.27,0.73,0.7,0.5037838
0.18,0.44,0.73,0.2,0.75,0.7,0.5037838
0.17,0.41,0.74,0.24,0.73,0.7,0.5037839
0.17,0.42,0.73,0.29,0.76,0.7,0.5037839
0.17,0.44,0.75,0.28,0.73,0.71,0.5037839
0.18,0.49,0.71,0.22,0.74,0.7,0.5037839
0.17,0.44,0.75,0.3,0.76,0.71,0.503784
0.18,0.44,0.74,0.21,0.72,0.7,0.503784
0.18,0.43,0.74,0.27,0.74,0.72,0.5037841
0.18,0.5,0.7,0.29,0.76,0.72,0.5037842
0.18,0.41,0.72,0.26,0.74,0.71,0.5037843
0.16,0.46,0.75,0.24,0.76,0.7,0.5037844
0.18,0.43,0.74,0.27,0.74,0.7,0.5037844
0.17,0.49,0.72,0.2,0.76,0.71,0.5037845
0.18,0.41,0.74,0.21,0.74,0.71,0.5037845
0.17,0.5,0.7,0.29,0.74,0.71,0.5037848
0.18,0.48,0.7,0.24,0.76,0.7,0.5037849
0.18,0.5,0.75,0.29,0.74,0.7,0.5037854
0.16,0.41,0.75,0.27,0.76,0.71,0.5037855
0.18,0.4,0.73,0.23,0.73,0.7,0.5037855
0.16,0.49,0.73,0.27,0.76,0.7,0.5037856
0.16,0.5,0.7,0.29,0.72,0.7,0.5037856
0.17,0.45,0.74,0.23,0.76,0.7,0.5037857
0.17,0.5,0.7,0.29,0.75,0.7,0.5037858
0.16,0.41,0.75,0.25,0.73,0.71,0.5037861
0.16,0.44,0.72,0.29,0.74,0.72,0.5037862
0.16,0.42,0.7,0.28,0.74,0.71,0.5037865
0.18,0.5,0.7,0.23,0.73,0.7,0.5037865
0.18,0.49,0.75,0.23,0.76,0.71,0.5037866
0.17,0.4,0.74,0.24,0.74,0.72,0.5037868
0.17,0.5,0.71,0.21,0.75,0.71,0.5037869
0.17,0.48,0.74,0.2,0.75,0.7,0.5037871
0.17,0.43,0.72,0.29,0.74,0.7,0.5037872
0.18,0.44,0.73,0.29,0.75,0.72,0.5037874
0.16,0.43,0.74,0.2,0.75,0.7,0.5037875
0.17,0.45,0.74,0.3,0.74,0.71,0.5037875
0.17,0.45,0.75,0.24,0.73,0.7,0.5037875
0.17,0.5,0.71,0.3,0.73,0.72,0.5037875
0.18,0.42,0.71,0.28,0.75,0.71,0.5037876
0.18,0.47,0.75,0.27,0.74,0.7,0.5037878
0.18,0.42,0.71,0.26,0.72,0.71,0.5037879
0.18,0.44,0.73,0.22,0.76,0.7,0.503788
0.18,0.44,0.73,0.27,0.72,0.72,0.503788
0.16,0.43,0.75,0.21,0.72,0.7,0.5037884
0.17,0.42,0.75,0.24,0.75,0.71,0.5037884
0.16,0.42,0.74,0.27,0.74,0.71,0.5037886
0.17,0.49,0.73,0.21,0.74,0.7,0.5037886
0.18,0.44,0.75,0.27,0.76,0.71,0.5037886
0.18,0.5,0.74,0.24,0.75,0.71,0.5037886
0.18,0.49,0.7,0.3,0.72,0.71,0.503789
0.16,0.4,0.72,0.26,0.74,0.7,0.5037891
0.16,0.5,0.72,0.28,0.75,0.7,0.5037891
0.17,0.48,0.72,0.23,0.76,0.7,0.5037892
0.17,0.41,0.73,0.26,0.75,0.72,0.5037893
0.18,0.42,0.75,0.21,0.76,0.72,0.5037894
0.18,0.44,0.74,0.23,0.73,0.7,0.5037894
0.18,0.45,0.75,0.21,0.74,0.71,0.5037895
0.16,0.4,0.75,0.21,0.74,0.71,0.5037896
0.18,0.41,0.74,0.23,0.75,0.71,0.5037901
0.16,0.42,0.75,0.27,0.74,0.7,0.5037903
0.17,0.41,0.73,0.24,0.72,0.72,0.5037904
0.17,0.5,0.7,0.29,0.75,0.71,0.5037904
0.16,0.45,0.71,0.29,0.72,0.72,0.5037906
0.17,0.42,0.74,0.2,0.72,0.7,0.5037906
0.18,0.48,0.75,0.21,0.72,0.7,0.5037908
0.17,0.44,0.71,0.29,0.72,0.7,0.503791
0.17,0.5,0.72,0.22,0.73,0.7,0.503791
0.16,0.5,0.7,0.29,0.73,0.7,0.5037911
0.18,0.43,0.7,0.28,0.73,0.71,0.5037911
0.17,0.41,0.74,0.26,0.74,0.7,0.5037913
0.18,0.45,0.72,0.29,0.73,0.72,0.5037913
0.18,0.43,0.7,0.3,0.76,0.71,0.5037914
0.17,0.46,0.73,0.3,0.72,0.71,0.5037915
0.16,0.5,0.73,0.2,0.75,0.71,0.5037917
0.17,0.49,0.71,0.24,0.75,0.7,0.5037918
0.16,0.43,0.74,0.22,0.76,0.7,0.5037921
0.16,0.43,0.73,0.27,0.72,0.71,0.5037922
0.16,0.43,0.73,0.29,0.75,0.71,0.5037922
0.16,0.45,0.75,0.3,0.75,0.72,0.5037923
0.16,0.41,0.71,0.26,0.72,0.7,0.5037924
0.18,0.42,0.75,0.25,0.72,0.71,0.5037924
0.16,0.41,0.71,0.28,0.75,0.7,0.5037925
0.18,0.4,0.73,0.25,0.74,0.7,0.5037925
0.16,0.45,0.75,0.28,0.72,0.72,0.5037926
0.17,0.42,0.72,0.28,0.76,0.72,0.5037926
0.17,0.5,0.71,0.3,0.74,0.72,0.5037926
0.18,0.4,0.73,0.24,0.72,0.7,0.5037926
0.17,0.42,0.72,0.26,0.73,0.72,0.5037928
0.17,0.4,0.7,0.27,0.76,0.71,0.5037933
0.18,0.5,0.72,0.27,0.76,0.71,0.5037934
0.17,0.4,0.7,0.25,0.73,0.71,0.5037935
0.17,0.45,0.75,0.26,0.74,0.7,0.5037936
0.16,0.5,0.71,0.3,0.72,0.71,0.5037938
0.18,0.43,0.74,0.29,0.76,0.71,0.5037938
0.16,0.43,0.75,0.23,0.73,0.7,0.503794
0.17,0.42,0.73,0.21,0.76,0.7,0.503794
0.17,0.44,0.75,0.28,0.72,0.7,0.503794
0.17,0.44,0.75,0.3,0.75,0.7,0.503794
0.18,0.43,0.74,0.27,0.73,0.71,0.503794
0.16,0.48,0.74,0.22,0.76,0.7,0.5037941
0.16,0.49,0.75,0.2,0.74,0.7,0.5037942
0.18,0.49,0.7,0.3,0.73,0.71,0.5037942
0.18,0.41,0.72,0.28,0.76,0.7,0.5037943
0.18,0.45,0.75,0.23,0.75,0.71,0.5037943
0.18,0.41,0.72,0.26,0.73,0.7,0.5037944
0.18,0.5,0.75,0.25,0.73,0.7,0.5037944
0.16,0.47,0.75,0.2,0.75,0.7,0.5037947
0.18,0.47,0.75,0.29,0.75,0.7,0.5037947
0.18,0.44,0.74,0.25,0.74,0.7,0.503795
0.18,0.48,0.75,0.23,0.73,0.7,0.5037951
0.16,0.5,0.71,0.23,0.76,0.71,0.5037952
0.17,0.5,0.7,0.25,0.74,0.7,0.5037952
0.17,0.42,0.75,0.26,0.76,0.71,0.5037954
0.17,0.42,0.74,0.22,0.73,0.7,0.5037956
0.16,0.4,0.75,0.23,0.75,0.71,0.5037958
0.17,0.43,0.75,0.2,0.74,0.71,0.5037959
0.16,0.44,0.72,0.29,0.73,0.71,0.503796
0.16,0.5,0.74,0.21,0.73,0.7,0.503796
0.16,0.42,0.7,0.28,0.73,0.7,0.5037961
0.17,0.4,0.74,0.26,0.76,0.71,0.5037961
0.17,0.5,0.7,0.29,0.76,0.71,0.5037961
0.16,0.46,0.74,0.3,0.73,0.72,0.5037962
0.17,0.43,0.71,0.28,0.74,0.72,0.5037962
0.18,0.49,0.74,0.27,0.75,0.7,0.5037962
0.16,0.41,0.75,0.25,0.72,0.7,0.5037964
0.16,0.49,0.73,0.23,0.75,0.7,0.5037966
0.17,0.46,0.75,0.2,0.72,0.7,0.5037966
0.16,0.42,0.7,0.3,0.76,0.7,0.5037967
0.18,0.41,0.74,0.25,0.76,0.71,0.5037967
0.16,0.5,0.7,0.29,0.74,0.7,0.5037968
0.17,0.4,0.74,0.24,0.73,0.71,0.5037969
0.17,0.5,0.74,0.26,0.76,0.71,0.503797
0.18,0.41,0.72,0.2,0.76,0.7,0.503797
0.18,0.44,0.73,0.29,0.74,0.71,0.5037972
0.18,0.46,0.75,0.3,0.74,0.72,0.5037973
0.17,0.4,0.75,0.2,0.76,0.72,0.5037975
0.17,0.45,0.74,0.3,0.73,0.7,0.5037975
0.18,0.42,0.71,0.28,0.74,0.7,0.5037975
0.18,0.41,0.73,0.21,0.73,0.7,0.5037978
0.17,0.5,0.71,0.3,0.75,0.72,0.5037981
0.16,0.42,0.74,0.29,0.76,0.7,0.5037985
0.16,0.47,0.75,0.22,0.76,0.7,0.5037985
0.16,0.42,0.74,0.27,0.73,0.7,0.5037987
0.17,0.43,0.75,0.27,0.74,0.72,0.5037987
0.16,0.4,0.71,0.25,0.74,0.72,0.503799
0.16,0.5,0.71,0.3,0.73,0.71,0.503799
0.18,0.48,0.7,0.2,0.75,0.7,0.503799
0.17,0.41,0.73,0.26,0.74,0.71,0.5037992
0.16,0.5,0.72,0.24,0.74,0.7,0.5037993
0.18,0.49,0.7,0.3,0.74,0.71,0.5037995
0.18,0.5,0.73,0.28,0.74,0.7,0.5037996
0.18,0.45,0.75,0.25,0.76,0.71,0.5037997
0.18,0.48,0.75,0.25,0.74,0.7,0.5038001
0.16,0.43,0.75,0.25,0.74,0.7,0.5038002
0.17,0.44,0.7,0.3,0.75,0.72,0.5038003
0.18,0.4,0.72,0.25,0.75,0.72,0.5038003
0.17,0.43,0.75,0.22,0.75,0.71,0.5038005
0.17,0.46,0.74,0.21,0.76,0.7,0.5038005
0.17,0.46,0.75,0.22,0.73,0.7,0.5038005
0.17,0.49,0.7,0.3,0.72,0.7,0.5038005
0.17,0.44,0.7,0.28,0.72,0.72,0.5038006
0.17,0.45,0.75,0.28,0.75,0.7,0.5038008
0.18,0.43,0.7,0.28,0.72,0.7,0.5038011
0.18,0.43,0.7,0.3,0.75,0.7,0.5038011
0.18,0.45,0.72,0.29,0.72,0.71,0.5038012
0.16,0.4,0.73,0.2,0.76,0.7,0.5038014
0.16,0.49,0.71,0.26,0.76,0.7,0.5038015
0.18,0.44,0.74,0.27,0.75,0.7,0.5038016
0.17,0.42,0.74,0.24,0.74,0.7,0.5038017
0.18,0.47,0.74,0.3,0.72,0.72,0.5038017
0.16,0.4,0.75,0.24,0.74,0.72,0.5038019
0.17,0.44,0.74,0.29,0.75,0.72,0.5038019
0.16,0.43,0.73,0.29,0.74,0.7,0.5038021
0.16,0.45,0.75,0.3,0.74,0.71,0.5038022
0.16,0.41,0.7,0.27,0.75,0.72,0.5038023
0.17,0.42,0.72,0.28,0.75,0.71,0.5038023
0.18,0.4,0.72,0.23,0.72,0.72,0.5038024
0.16,0.5,0.7,0.29,0.75,0.7,0.5038025
0.17,0.44,0.74,0.27,0.72,0.72,0.5038025
0.17,0.42,0.72,0.26,0.72,0.71,0.5038026
0.18,0.42,0.74,0.21,0.75,0.71,0.5038026
0.18,0.49,0.73,0.22,0.76,0.71,0.5038026
0.18,0.5,0.74,0.2,0.74,0.71,0.5038027
0.16,0.4,0.74,0.21,0.73,0.7,0.5038028
0.16,0.4,0.75,0.25,0.76,0.71,0.5038029
0.18,0.45,0.74,0.21,0.73,0.7,0.5038029
0.17,0.4,0.7,0.27,0.75,0.7,0.503803
0.18,0.41,0.71,0.27,0.76,0.72,0.503803
0.18,0.49,0.72,0.3,0.76,0.7,0.5038031
0.16,0.41,0.7,0.25,0.72,0.72,0.5038032
0.17,0.5,0.75,0.27,0.74,0.7,0.5038032
0.17,0.4,0.7,0.25,0.72,0.7,0.5038033
0.17,0.5,0.71,0.3,0.76,0.72,0.5038035
0.18,0.41,0.73,0.23,0.74,0.7,0.5038035
0.18,0.45,0.73,0.2,0.76,0.7,0.5038035
0.18,0.43,0.74,0.29,0.75,0.7,0.5038039
0.16,0.41,0.74,0.26,0.75,0.72,0.5038041
0.18,0.41,0.71,0.25,0.73,0.72,0.5038041
0.18,0.43,0.74,0.27,0.72,0.7,0.5038043
0.16,0.5,0.71,0.3,0.74,0.71,0.5038045
0.18,0.49,0.7,0.3,0.75,0.71,0.5038049
0.18,0.5,0.72,0.23,0.75,0.71,0.503805
0.16,0.5,0.7,0.27,0.75,0.7,0.5038052
0.16,0.41,0.74,0.24,0.72,0.72,0.5038055
0.18,0.42,0.75,0.22,0.72,0.71,0.5038057
0.17,0.45,0.73,0.29,0.73,0.72,0.5038058
0.17,0.46,0.75,0.24,0.74,0.7,0.5038058
0.17,0.49,0.71,0.2,0.74,0.7,0.5038058
0.17,0.43,0.71,0.28,0.73,0.71,0.5038059
0.17,0.49,0.7,0.3,0.73,0.7,0.5038059
0.18,0.48,0.75,0.27,0.75,0.7,0.5038059
0.16,0.44,0.72,0.29,0.72,0.7,0.503806
0.16,0.46,0.74,0.3,0.72,0.71,0.5038061
0.17,0.43,0.71,0.3,0.76,0.71,0.5038061
0.17,0.43,0.75,0.24,0.76,0.71,0.5038061
0.18,0.41,0.75,0.26,0.76,0.72,0.5038061
0.17,0.49,0.74,0.29,0.76,0.7,0.5038063
0.17,0.48,0.7,0.22,0.76,0.7,0.5038064
0.18,0.42,0.7,0.27,0.74,0.72,0.5038068
0.16,0.44,0.75,0.21,0.73,0.7,0.5038071
0.16,0.42,0.73,0.28,0.76,0.72,0.5038072
0.16,0.44,0.74,0.2,0.76,0.7,0.5038072
0.17,0.4,0.74,0.24,0.72,0.7,0.5038073
0.18,0.44,0.73,0.29,0.73,0.7,0.5038073
0.18,0.46,0.75,0.3,0.73,0.71,0.5038073
0.16,0.43,0.75,0.27,0.75,0.7,0.5038074
0.16,0.41,0.75,0.21,0.75,0.71,0.5038075
0.17,0.49,0.75,0.21,0.76,0.71,0.5038075
0.18,0.45,0.74,0.23,0.74,0.7,0.5038076
0.16,0.42,0.73,0.26,0.73,0.72,0.5038077
0.18,0.49,0.74,0.23,0.74,0.7,0.5038077
0.18,0.5,0.75,0.21,0.72,0.7,0.5038077
0.18,0.41,0.75,0.24,0.73,0.72,0.5038079
0.18,0.42,0.74,0.23,0.76,0.71,0.503808
0.16,0.4,0.71,0.27,0.76,0.71,0.5038081
0.17,0.43,0.75,0.29,0.76,0.71,0.5038083
0.17,0.45,0.75,0.3,0.76,0.7,0.5038084
0.17,0.5,0.7,0.29,0.72,0.72,0.5038084
0.17,0.42,0.74,0.26,0.75,0.7,0.5038085
0.17,0.5,0.7,0.21,0.73,0.7,0.5038085
0.18,0.46,0.75,0.21,0.75,0.71,0.5038085
0.16,0.4,0.71,0.25,0.73,0.71,0.5038087
0.18,0.48,0.73,0.25,0.76,0.7,0.5038087
0.17,0.43,0.75,0.27,0.73,0.71,0.5038088
0.17,0.41,0.73,0.28,0.76,0.7,0.5038089
0.16,0.4,0.74,0.23,0.74,0.7,0.503809
0.18,0.42,0.74,0.26,0.74,0.72,0.5038092
0.18,0.44,0.74,0.29,0.76,0.7,0.5038092
0.17,0.41,0.73,0.26,0.73,0.7,0.5038093
0.18,0.5,0.7,0.26,0.76,0.71,0.5038093
0.17,0.43,0.74,0.2,0.73,0.7,0.5038094
0.17,0.5,0.74,0.22,0.75,0.71,0.5038094
0.16,0.5,0.71,0.3,0.75,0.71,0.5038099
0.17,0.44,0.7,0.3,0.74,0.71,0.5038099
0.17,0.5,0.73,0.3,0.75,0.7,0.5038099
0.18,0.5,0.73,0.24,0.73,0.7,0.5038099
0.18,0.41,0.73,0.25,0.75,0.7,0.50381
0.18,0.49,0.75,0.21,0.73,0.7,0.5038102
0.18,0.4,0.72,0.25,0.74,0.71,0.5038103
0.17,0.4,0.74,0.2,0.75,0.71,0.5038105
0.18,0.49,0.7,0.3,0.76,0.71,0.5038105
0.16,0.4,0.75,0.26,0.76,0.71,0.5038108
0.16,0.43,0.72,0.28,0.74,0.72,0.503811
0.16,0.48,0.72,0.21,0.76,0.7,0.5038112
0.18,0.42,0.75,0.24,0.73,0.71,0.5038113
0.18,0.49,0.72,0.26,0.75,0.7,0.5038113
0.17,0.49,0.7,0.3,0.74,0.7,0.5038114
0.17,0.46,0.75,0.26,0.75,0.7,0.5038116
0.16,0.41,0.7,0.27,0.74,0.71,0.5038119
0.17,0.44,0.74,0.29,0.74,0.71,0.5038119
0.18,0.43,0.73,0.28,0.75,0.72,0.503812
0.16,0.4,0.75,0.24,0.73,0.71,0.5038121
0.16,0.45,0.75,0.3,0.73,0.7,0.5038122
0.17,0.42,0.72,0.28,0.74,0.7,0.5038122
0.18,0.48,0.75,0.29,0.76,0.7,0.5038123
0.16,0.44,0.75,0.23,0.74,0.7,0.5038124
0.18,0.46,0.75,0.23,0.76,0.71,0.5038126
0.18,0.41,0.71,0.27,0.75,0.71,0.5038129
0.17,0.5,0.72,0.25,0.76,0.71,0.503813
0.18,0.45,0.74,0.25,0.75,0.7,0.503813
0.16,0.5,0.72,0.2,0.73,0.7,0.5038132
0.18,0.43,0.73,0.26,0.72,0.72,0.5038132
0.16,0.41,0.75,0.23,0.76,0.71,0.5038134
0.16,0.5,0.75,0.29,0.75,0.7,0.5038134
0.17,0.4,0.75,0.21,0.72,0.71,0.5038136
0.17,0.5,0.7,0.29,0.73,0.72,0.5038136
0.16,0.49,0.71,0.22,0.75,0.7,0.5038137
0.17,0.43,0.74,0.22,0.74,0.7,0.503814
0.18,0.41,0.71,0.25,0.72,0.71,0.503814
0.16,0.41,0.74,0.26,0.74,0.71,0.5038141
0.17,0.5,0.75,0.23,0.73,0.7,0.5038145
0.18,0.5,0.71,0.27,0.74,0.7,0.5038147
0.16,0.44,0.71,0.3,0.75,0.72,0.5038149
0.17,0.44,0.75,0.2,0.75,0.71,0.5038149
0.17,0.4,0.73,0.25,0.75,0.72,0.503815
0.16,0.43,0.75,0.29,0.76,0.7,0.5038151
0.16,0.44,0.71,0.28,0.72,0.72,0.5038152
0.17,0.4,0.74,0.22,0.76,0.71,0.5038152
0.18,0.44,0.72,0.3,0.76,0.72,0.5038153
0.16,0.5,0.71,0.3,0.76,0.71,0.5038154
0.17,0.49,0.74,0.25,0.75,0.7,0.5038155
0.17,0.43,0.71,0.3,0.75,0.7,0.5038158
0.17,0.45,0.73,0.29,0.72,0.71,0.5038158
0.18,0.45,0.75,0.26,0.72,0.7,0.5038158
0.18,0.44,0.72,0.28,0.73,0.72,0.5038159
0.17,0.42,0.74,0.28,0.76,0.7,0.503816
0.17,0.43,0.71,0.28,0.72,0.7,0.503816
0.17,0.47,0.75,0.2,0.73,0.7,0.503816
0.17,0.47,0.75,0.3,0.72,0.72,0.503816
0.16,0.4,0.74,0.25,0.75,0.7,0.5038161
0.18,0.42,0.73,0.21,0.74,0.7,0.5038161
0.18,0.42,0.7,0.29,0.76,0.71,0.5038162
0.16,0.44,0.75,0.29,0.75,0.72,0.5038165
0.18,0.42,0.7,0.27,0.73,0.71,0.5038165
0.16,0.5,0.7,0.23,0.74,0.7,0.5038166
0.17,0.4,0.73,0.23,0.72,0.72,0.5038169
0.16,0.42,0.73,0.28,0.75,0.71,0.503817
0.17,0.49,0.7,0.3,0.75,0.7,0.503817
0.18,0.41,0.73,0.27,0.76,0.7,0.5038172
0.18,0.5,0.75,0.28,0.76,0.71,0.5038172
0.16,0.44,0.75,0.27,0.72,0.72,0.5038173
0.18,0.46,0.75,0.3,0.72,0.7,0.5038174
0.16,0.5,0.74,0.24,0.76,0.71,0.5038175
0.16,0.42,0.73,0.26,0.72,0.71,0.5038176
0.17,0.41,0.72,0.27,0.76,0.72,0.5038177
0.18,0.42,0.75,0.26,0.74,0.71,0.5038178
0.16,0.4,0.71,0.27,0.75,0.7,0.503818
0.16,0.44,0.75,0.25,0.75,0.7,0.503818
0.17,0.46,0.75,0.28,0.76,0.7,0.503818
0.18,0.49,0.7,0.29,0.76,0.7,0.503818
0.17,0.5,0.73,0.26,0.74,0.7,0.5038183
0.18,0.41,0.75,0.24,0.72,0.71,0.5038185
0.16,0.4,0.71,0.25,0.72,0.7,0.5038186
0.17,0.4,0.75,0.23,0.73,0.71,0.5038186
0.17,0.41,0.72,0.25,0.73,0.72,0.5038186
0.18,0.42,0.74,0.28,0.76,0.71,0.5038186
0.17,0.44,0.75,0.22,0.76,0.71,0.5038188
0.18,0.43,0.75,0.2,0.72,0.71,0.5038188
0.17,0.5,0.7,0.29,0.74,0.72,0.5038189
0.17,0.43,0.75,0.27,0.72,0.7,0.5038192
0.18,0.45,0.71,0.3,0.74,0.72,0.5038192
0.18,0.45,0.74,0.27,0.76,0.7,0.5038192
0.16,0.45,0.7,0.3,0.73,0.72,0.5038193
0.17,0.43,0.74,0.24,0.75,0.7,0.5038195
0.17,0.47,0.75,0.22,0.74,0.7,0.5038195
0.18,0.42,0.74,0.26,0.73,0.71,0.5038195
0.18,0.4,0.72,0.27,0.76,0.7,0.5038196
0.17,0.44,0.7,0.3,0.73,0.7,0.5038197
0.18,0.49,0.71,0.21,0.76,0.71,0.5038197
0.16,0.5,0.7,0.29,0.72,0.71,0.5038201
0.16,0.45,0.74,0.29,0.73,0.72,0.5038205
0.18,0.4,0.72,0.25,0.73,0.7,0.5038205
0.16,0.43,0.72,0.3,0.76,0.71,0.5038207
0.18,0.4,0.75,0.2,0.74,0.72,0.5038207
0.16,0.43,0.72,0.28,0.73,0.71,0.5038208
0.16,0.41,0.74,0.21,0.74,0.7,0.5038211
0.17,0.49,0.72,0.28,0.76,0.7,0.5038212
0.18,0.43,0.74,0.21,0.76,0.71,0.5038214
0.18,0.45,0.75,0.29,0.74,0.72,0.5038214
0.17,0.42,0.71,0.27,0.74,0.72,0.5038215
0.18,0.42,0.73,0.23,0.75,0.7,0.5038215
0.16,0.41,0.7,0.29,0.76,0.7,0.5038217
0.16,0.41,0.7,0.27,0.73,0.7,0.5038218
0.17,0.44,0.74,0.29,0.73,0.7,0.503822
0.18,0.43,0.73,0.28,0.74,0.71,0.5038221
0.18,0.46,0.74,0.21,0.74,0.7,0.5038221
0.18,0.48,0.73,0.21,0.75,0.7,0.5038222
0.18,0.5,0.7,0.22,0.75,0.71,0.5038222
0.16,0.5,0.75,0.25,0.74,0.7,0.5038226
0.17,0.49,0.7,0.3,0.76,0.7,0.5038226
0.18,0.45,0.75,0.28,0.73,0.7,0.5038226
0.17,0.43,0.75,0.25,0.72,0.7,0.5038229
0.18,0.41,0.71,0.27,0.74,0.7,0.5038229
0.18,0.43,0.75,0.22,0.73,0.71,0.5038233
0.16,0.41,0.74,0.28,0.76,0.7,0.5038235
0.18,0.49,0.7,0.3,0.72,0.72,0.5038235
0.17,0.4,0.73,0.2,0.74,0.7,0.5038238
0.17,0.42,0.75,0.26,0.74,0.72,0.5038239
0.18,0.49,0.72,0.22,0.74,0.7,0.503824
0.17,0.47,0.75,0.24,0.75,0.7,0.5038242
0.17,0.49,0.73,0.2,0.76,0.71,0.5038243
0.17,0.5,0.7,0.29,0.75,0.72,0.5038243
0.18,0.5,0.73,0.2,0.72,0.7,0.5038243
0.16,0.41,0.74,0.26,0.73,0.7,0.5038244
0.18,0.46,0.7,0.3,0.72,0.72,0.5038244
0.16,0.44,0.71,0.3,0.74,0.71,0.5038246
0.18,0.48,0.71,0.24,0.76,0.7,0.5038246
0.16,0.44,0.75,0.27,0.76,0.7,0.5038247
0.16,0.49,0.74,0.27,0.76,0.7,0.5038248
0.17,0.5,0.71,0.29,0.75,0.7,0.5038248
0.18,0.4,0.75,0.22,0.75,0.72,0.5038248
0.18,0.42,0.74,0.24,0.72,0.7,0.5038248
0.17,0.4,0.73,0.25,0.74,0.71,0.503825
0.17,0.43,0.7,0.29,0.75,0.72,0.503825
0.18,0.44,0.72,0.3,0.75,0.71,0.5038252
0.16,0.5,0.7,0.29,0.73,0.71,0.5038255
0.18,0.46,0.74,0.29,0.72,0.72,0.5038257
0.17,0.43,0.7,0.27,0.72,0.72,0.5038258
0.17,0.43,0.74,0.26,0.76,0.7,0.5038258
0.16,0.42,0.75,0.21,0.76,0.71,0.5038259
0.16,0.45,0.75,0.21,0.74,0.7,0.503826
0.18,0.44,0.72,0.28,0.72,0.71,0.503826
0.18,0.42,0.7,0.29,0.75,0.7,0.5038261
0.18,0.46,0.74,0.23,0.75,0.7,0.5038262
0.17,0.43,0.74,0.28,0.75,0.72,0.5038265
0.16,0.44,0.75,0.29,0.74,0.71,0.5038266
0.17,0.5,0.72,0.21,0.75,0.71,0.5038266
0.18,0.42,0.7,0.27,0.72,0.7,0.5038266
0.18,0.5,0.71,0.23,0.73,0.7,0.5038266
0.16,0.41,0.74,0.23,0.75,0.7,0.5038269
0.16,0.42,0.73,0.28,0.74,0.7,0.503827
0.18,0.47,0.75,0.21,0.76,0.71,0.5038274
0.18,0.42,0.73,0.25,0.76,0.7,0.5038275
0.18,0.49,0.7,0.25,0.75,0.7,0.5038275
0.17,0.41,0.72,0.27,0.75,0.71,0.5038276
0.17,0.43,0.74,0.26,0.72,0.72,0.5038277
0.16,0.4,0.7,0.26,0.75,0.72,0.5038279
0.18,0.5,0.75,0.24,0.75,0.71,0.503828
0.18,0.46,0.75,0.24,0.72,0.7,0.5038282
0.16,0.5,0.71,0.3,0.72,0.72,0.5038283
0.16,0.5,0.73,0.28,0.75,0.7,0.5038283
0.18,0.49,0.7,0.3,0.73,0.72,0.5038284
0.17,0.41,0.72,0.25,0.72,0.71,0.5038285
0.17,0.44,0.74,0.2,0.74,0.7,0.5038286
0.18,0.4,0.71,0.26,0.76,0.72,0.5038286
0.18,0.43,0.75,0.24,0.74,0.71,0.5038286
0.17,0.41,0.74,0.2,0.76,0.71,0.5038287
0.17,0.4,0.73,0.22,0.75,0.7,0.5038288
0.16,0.48,0.7,0.2,0.76,0.7,0.5038289
0.17,0.49,0.74,0.21,0.74,0.7,0.503829
0.16,0.45,0.7,0.3,0.72,0.71,0.5038291
0.17,0.48,0.73,0.23,0.76,0.7,0.5038291
0.18,0.45,0.71,0.3,0.73,0.71,0.5038293
0.16,0.4,0.7,0.24,0.72,0.72,0.5038297
0.17,0.43,0.75,0.27,0.73,0.7,0.5038297
0.17,0.47,0.75,0.26,0.76,0.7,0.5038297
0.17,0.5,0.7,0.29,0.76,0.72,0.5038297
0.17,0.44,0.73,0.3,0.76,0.72,0.5038298
0.16,0.4,0.74,0.25,0.75,0.72,0.5038299
0.17,0.5,0.7,0.24,0.76,0.71,0.5038301
0.18,0.42,0.74,0.26,0.72,0.7,0.5038301
0.18,0.45,0.75,0.3,0.74,0.7,0.5038302
0.17,0.44,0.73,0.28,0.73,0.72,0.5038304
0.18,0.4,0.71,0.24,0.73,0.72,0.5038304
0.16,0.43,0.72,0.3,0.75,0.7,0.5038305
0.17,0.41,0.75,0.21,0.73,0.71,0.5038305
0.18,0.4,0.75,0.24,0.76,0.72,0.5038305
0.16,0.41,0.75,0.24,0.72,0.7,0.5038306
0.16,0.45,0.74,0.29,0.72,0.71,0.5038306
0.16,0.45,0.75,0.23,0.75,0.7,0.5038306
0.17,0.42,0.71,0.29,0.76,0.71,0.5038308
0.16,0.5,0.7,0.29,0.74,0.71,0.5038309
0.16,0.43,0.72,0.28,0.72,0.7,0.5038311
0.17,0.5,0.73,0.22,0.73,0.7,0.5038311
0.18,0.42,0.74,0.26,0.73,0.7,0.5038311
0.18,0.46,0.74,0.25,0.76,0.7,0.5038312
0.17,0.42,0.71,0.27,0.73,0.71,0.5038313
0.16,0.5,0.74,0.2,0.75,0.71,0.5038316
0.17,0.49,0.72,0.24,0.75,0.7,0.5038316
0.18,0.4,0.75,0.25,0.76,0.72,0.5038316
0.18,0.45,0.75,0.29,0.73,0.71,0.5038316
0.18,0.43,0.73,0.3,0.76,0.7,0.5038317
0.16,0.4,0.74,0.23,0.72,0.72,0.503832
0.17,0.4,0.74,0.23,0.72,0.7,0.5038322
0.18,0.5,0.73,0.27,0.76,0.71,0.5038322
0.18,0.43,0.73,0.28,0.73,0.7,0.5038323
0.16,0.41,0.73,0.27,0.76,0.72,0.5038324
0.18,0.41,0.7,0.26,0.74,0.72,0.5038324
0.17,0.44,0.74,0.22,0.75,0.7,0.5038325
0.17,0.42,0.75,0.28,0.76,0.71,0.503833
0.16,0.5,0.71,0.3,0.73,0.72,0.5038332
0.16,0.41,0.74,0.25,0.76,0.7,0.5038333
0.18,0.46,0.75,0.26,0.73,0.7,0.5038333
0.18,0.49,0.7,0.3,0.74,0.72,0.5038334
0.16,0.41,0.73,0.25,0.73,0.72,0.5038336
0.17,0.45,0.72,0.3,0.74,0.72,0.5038337
0.17,0.45,0.75,0.2,0.76,0.71,0.503834
0.18,0.4,0.74,0.2,0.73,0.71,0.503834
0.16,0.48,0.75,0.22,0.76,0.7,0.5038343
0.17,0.4,0.73,0.27,0.76,0.7,0.5038343
0.17,0.42,0.75,0.26,0.73,0.71,0.5038343
0.18,0.4,0.75,0.23,0.73,0.72,0.5038344
0.16,0.5,0.72,0.23,0.76,0.71,0.5038345
0.16,0.44,0.71,0.3,0.73,0.7,0.5038346
0.17,0.5,0.71,0.25,0.74,0.7,0.5038346
0.18,0.43,0.75,0.26,0.75,0.71,0.5038346
0.17,0.43,0.7,0.29,0.74,0.71,0.5038347
0.17,0.44,0.75,0.23,0.72,0.7,0.5038347
0.18,0.41,0.74,0.25,0.74,0.72,0.5038349
0.17,0.49,0.7,0.3,0.72,0.71,0.503835
0.17,0.4,0.73,0.24,0.76,0.7,0.5038351
0.18,0.43,0.73,0.21,0.75,0.7,0.5038352
0.18,0.44,0.72,0.3,0.74,0.7,0.5038353
0.17,0.4,0.73,0.25,0.73,0.7,0.5038354
0.17,0.48,0.75,0.2,0.74,0.7,0.5038355
0.17,0.41,0.75,0.23,0.74,0.71,0.5038357
0.18,0.49,0.75,0.27,0.75,0.7,0.5038357
0.17,0.5,0.75,0.26,0.76,0.71,0.5038359
0.16,0.45,0.75,0.25,0.76,0.7,0.503836
0.16,0.5,0.75,0.21,0.73,0.7,0.5038362
0.16,0.42,0.72,0.27,0.74,0.72,0.5038363
0.16,0.49,0.74,0.23,0.75,0.7,0.5038363
0.16,0.5,0.7,0.29,0.75,0.71,0.5038364
0.17,0.43,0.74,0.28,0.74,0.71,0.5038367
0.16,0.44,0.75,0.29,0.73,0.7,0.5038368
0.18,0.42,0.73,0.27,0.75,0.72,0.503837
0.17,0.49,0.7,0.27,0.76,0.7,0.5038371
0.18,0.43,0.74,0.22,0.72,0.7,0.5038371
0.18,0.44,0.75,0.2,0.73,0.71,0.5038372
0.17,0.44,0.74,0.24,0.76,0.7,0.5038376
0.16,0.4,0.7,0.26,0.74,0.71,0.5038378
0.17,0.41,0.72,0.27,0.74,0.7,0.5038378
0.18,0.41,0.75,0.2,0.75,0.72,0.5038379
0.16,0.5,0.71,0.3,0.74,0.72,0.5038383
0.18,0.4,0.74,0.22,0.74,0.71,0.5038383
0.18,0.4,0.71,0.26,0.75,0.71,0.5038385
0.17,0.48,0.75,0.22,0.75,0.7,0.5038386
0.18,0.49,0.7,0.3,0.75,0.72,0.5038386
0.18,0.5,0.74,0.28,0.74,0.7,0.5038387
0.17,0.46,0.71,0.3,0.72,0.72,0.5038388
0.18,0.42,0.73,0.25,0.72,0.72,0.503839
0.16,0.5,0.73,0.24,0.74,0.7,0.5038391
0.18,0.48,0.71,0.2,0.75,0.7,0.5038394
0.18,0.45,0.71,0.3,0.72,0.7,0.5038395
0.16,0.42,0.74,0.21,0.75,0.7,0.5038396
0.18,0.43,0.73,0.23,0.76,0.7,0.5038396
0.16,0.43,0.71,0.29,0.75,0.72,0.5038397
0.17,0.44,0.73,0.3,0.75,0.71,0.5038397
0.18,0.46,0.75,0.28,0.74,0.7,0.5038397
0.18,0.43,0.72,0.29,0.76,0.72,0.5038399
0.16,0.4,0.74,0.25,0.74,0.71,0.50384
0.17,0.49,0.7,0.3,0.73,0.71,0.50384
0.17,0.44,0.75,0.25,0.73,0.7,0.5038402
0.17,0.46,0.75,0.29,0.72,0.72,0.5038402
0.16,0.43,0.71,0.27,0.72,0.72,0.5038406
0.17,0.44,0.73,0.28,0.72,0.71,0.5038406
0.18,0.4,0.71,0.24,0.72,0.71,0.5038406
0.16,0.49,0.72,0.26,0.76,0.7,0.5038407
0.17,0.42,0.71,0.29,0.75,0.7,0.5038407
0.18,0.43,0.72,0.27,0.73,0.72,0.5038409
0.16,0.43,0.75,0.28,0.75,0.72,0.5038411
0.18,0.44,0.75,0.22,0.74,0.71,0.5038411
0.18,0.47,0.74,0.21,0.75,0.7,0.5038413
0.18,0.41,0.7,0.28,0.76,0.71,0.5038414
0.17,0.42,0.71,0.27,0.72,0.7,0.5038415
0.18,0.43,0.75,0.28,0.76,0.71,0.5038415
0.18,0.49,0.7,0.21,0.74,0.7,0.5038415
0.18,0.47,0.75,0.22,0.72,0.7,0.5038417
0.16,0.42,0.75,0.22,0.72,0.7,0.5038419
0.16,0.5,0.7,0.29,0.76,0.71,0.5038419
0.18,0.41,0.75,0.22,0.76,0.72,0.5038419
0.18,0.45,0.75,0.29,0.72,0.7,0.5038419
0.18,0.49,0.73,0.3,0.76,0.7,0.5038419
0.17,0.41,0.75,0.25,0.75,0.71,0.5038422
0.18,0.43,0.74,0.24,0.73,0.7,0.5038422
0.18,0.49,0.74,0.22,0.76,0.71,0.5038422
0.17,0.41,0.73,0.2,0.75,0.7,0.5038423
0.16,0.41,0.73,0.27,0.75,0.71,0.5038424
0.18,0.41,0.7,0.26,0.73,0.71,0.5038424
0.16,0.43,0.75,0.26,0.72,0.72,0.5038427
0.18,0.5,0.75,0.2,0.74,0.71,0.5038428
0.17,0.48,0.75,0.24,0.76,0.7,0.5038429
0.17,0.4,0.72,0.26,0.76,0.72,0.5038433
0.16,0.41,0.73,0.25,0.72,0.71,0.5038436
0.16,0.5,0.71,0.3,0.75,0.72,0.5038436
0.18,0.4,0.74,0.24,0.75,0.71,0.5038438
0.18,0.41,0.74,0.27,0.76,0.71,0.5038438
0.18,0.44,0.71,0.29,0.74,0.72,0.5038438
0.17,0.45,0.72,0.3,0.73,0.71,0.5038439
0.16,0.44,0.7,0.29,0.73,0.72,0.503844
0.18,0.49,0.7,0.3,0.76,0.72,0.503844
0.16,0.5,0.71,0.27,0.75,0.7,0.5038442
0.16,0.44,0.74,0.3,0.76,0.72,0.5038443
0.17,0.41,0.74,0.21,0.72,0.7,0.5038443
0.18,0.5,0.73,0.23,0.75,0.71,0.5038443
0.17,0.5,0.7,0.2,0.75,0.71,0.5038446
0.17,0.43,0.7,0.29,0.73,0.7,0.5038448
0.16,0.42,0.74,0.23,0.76,0.7,0.5038449
0.17,0.4,0.72,0.24,0.73,0.72,0.503845
0.16,0.44,0.74,0.28,0.73,0.72,0.5038451
0.16,0.46,0.75,0.21,0.75,0.7,0.5038451
0.17,0.49,0.75,0.29,0.76,0.7,0.5038451
0.18,0.47,0.74,0.23,0.76,0.7,0.5038451
0.17,0.49,0.7,0.3,0.74,0.71,0.5038453
0.16,0.42,0.72,0.29,0.76,0.71,0.5038455
0.18,0.41,0.74,0.25,0.73,0.71,0.5038456
0.18,0.44,0.75,0.24,0.75,0.71,0.503846
0.17,0.43,0.74,0.3,0.76,0.7,0.5038461
0.18,0.44,0.75,0.28,0.74,0.72,0.5038461
0.18,0.47,0.75,0.24,0.73,0.7,0.5038461
0.16,0.42,0.72,0.27,0.73,0.71,0.5038462
0.17,0.49,0.72,0.2,0.74,0.7,0.5038462
0.17,0.48,0.71,0.22,0.76,0.7,0.5038464
0.17,0.44,0.75,0.27,0.74,0.7,0.5038466
0.17,0.41,0.73,0.22,0.76,0.7,0.5038469
0.18,0.46,0.75,0.3,0.75,0.7,0.5038469
0.16,0.49,0.7,0.3,0.72,0.7,0.503847
0.17,0.43,0.74,0.28,0.73,0.7,0.503847
0.17,0.41,0.71,0.26,0.74,0.72,0.5038471
0.16,0.4,0.7,0.28,0.76,0.7,0.5038472
0.18,0.42,0.73,0.27,0.74,0.71,0.5038472
0.16,0.42,0.75,0.24,0.73,0.7,0.5038477
0.18,0.4,0.73,0.2,0.72,0.7,0.5038477
0.18,0.49,0.75,0.23,0.74,0.7,0.5038477
0.17,0.45,0.74,0.2,0.75,0.7,0.5038478
0.16,0.4,0.7,0.26,0.73,0.7,0.5038479
0.17,0.45,0.75,0.21,0.72,0.7,0.503848
0.18,0.43,0.74,0.26,0.74,0.7,0.503848
0.17,0.42,0.75,0.21,0.74,0.71,0.5038481
0.18,0.5,0.71,0.26,0.76,0.71,0.5038481
0.16,0.45,0.73,0.3,0.74,0.72,0.5038484
0.18,0.48,0.74,0.25,0.76,0.7,0.5038484
0.17,0.5,0.71,0.21,0.73,0.7,0.5038487
0.17,0.5,0.74,0.3,0.75,0.7,0.5038487
0.18,0.4,0.71,0.26,0.74,0.7,0.5038488
0.16,0.5,0.71,0.3,0.76,0.72,0.5038489
0.17,0.49,0.7,0.23,0.75,0.7,0.5038489
0.17,0.5,0.75,0.22,0.75,0.71,0.5038489
0.18,0.45,0.7,0.29,0.72,0.72,0.5038489
0.18,0.45,0.74,0.3,0.75,0.72,0.5038489
0.16,0.4,0.74,0.27,0.76,0.7,0.5038491
0.16,0.46,0.75,0.23,0.76,0.7,0.5038491
0.18,0.4,0.72,0.21,0.76,0.7,0.5038494
0.17,0.41,0.74,0.23,0.73,0.7,0.5038495
0.16,0.43,0.71,0.29,0.74,0.71,0.5038496
0.17,0.41,0.75,0.25,0.74,0.72,0.5038496
0.18,0.5,0.74,0.24,0.73,0.7,0.5038497
0.17,0.44,0.73,0.3,0.74,0.7,0.50385
0.18,0.43,0.72,0.29,0.75,0.71,0.50385
0.17,0.42,0.7,0.28,0.75,0.72,0.5038502
0.18,0.45,0.74,0.28,0.72,0.72,0.5038503
0.16,0.4,0.74,0.25,0.73,0.7,0.5038506
0.17,0.49,0.7,0.3,0.75,0.71,0.5038506
0.18,0.49,0.73,0.26,0.75,0.7,0.5038507
0.18,0.44,0.74,0.2,0.72,0.7,0.5038511
0.16,0.48,0.73,0.21,0.76,0.7,0.5038512
0.17,0.45,0.74,0.22,0.76,0.7,0.5038512
0.18,0.47,0.75,0.26,0.74,0.7,0.5038512
0.16,0.43,0.75,0.28,0.74,0.71,0.5038513
0.18,0.43,0.72,0.27,0.72,0.71,0.5038513
0.18,0.41,0.74,0.2,0.74,0.71,0.5038514
0.18,0.44,0.75,0.26,0.76,0.71,0.5038515
0.17,0.42,0.7,0.26,0.72,0.72,0.5038516
0.17,0.42,0.74,0.27,0.75,0.72,0.5038516
0.18,0.41,0.7,0.28,0.75,0.7,0.5038516
0.17,0.5,0.73,0.25,0.76,0.71,0.5038519
0.18,0.4,0.73,0.22,0.73,0.7,0.5038521
0.16,0.49,0.7,0.3,0.73,0.7,0.5038522
0.16,0.5,0.7,0.22,0.76,0.71,0.5038524
0.16,0.41,0.73,0.27,0.74,0.7,0.5038526
0.17,0.45,0.75,0.23,0.73,0.7,0.5038526
0.18,0.41,0.7,0.26,0.72,0.7,0.5038527
0.17,0.42,0.75,0.23,0.75,0.71,0.5038532
0.18,0.46,0.73,0.3,0.73,0.72,0.5038533
0.16,0.46,0.72,0.3,0.72,0.72,0.5038534
0.17,0.4,0.72,0.26,0.75,0.71,0.5038534
0.17,0.42,0.74,0.25,0.72,0.72,0.5038535
0.16,0.5,0.73,0.2,0.73,0.7,0.5038536
0.16,0.49,0.72,0.22,0.75,0.7,0.5038537
0.17,0.44,0.75,0.29,0.75,0.7,0.5038538
0.16,0.44,0.7,0.29,0.72,0.71,0.5038539
0.18,0.44,0.71,0.29,0.73,0.71,0.503854
0.18,0.5,0.72,0.27,0.74,0.7,0.503854
0.17,0.45,0.72,0.3,0.72,0.7,0.5038542
0.16,0.42,0.75,0.26,0.74,0.7,0.5038543
0.18,0.44,0.73,0.21,0.76,0.7,0.5038543
0.16,0.44,0.74,0.3,0.75,0.71,0.5038544
0.17,0.43,0.73,0.29,0.76,0.72,0.5038544
0.16,0.5,0.7,0.29,0.72,0.72,0.5038547
0.18,0.43,0.74,0.28,0.75,0.7,0.503855
0.18,0.44,0.74,0.22,0.73,0.7,0.503855
0.17,0.4,0.72,0.24,0.72,0.71,0.5038551
0.17,0.49,0.75,0.25,0.75,0.7,0.5038551
0.18,0.44,0.75,0.3,0.76,0.71,0.5038553
0.16,0.44,0.74,0.28,0.72,0.71,0.5038555
0.17,0.43,0.73,0.27,0.73,0.72,0.5038555
0.16,0.42,0.72,0.29,0.75,0.7,0.5038556
0.18,0.41,0.74,0.22,0.75,0.71,0.5038556
0.16,0.43,0.75,0.2,0.72,0.7,0.5038557
0.18,0.42,0.75,0.2,0.76,0.72,0.5038557
0.17,0.41,0.74,0.25,0.74,0.7,0.5038559
0.18,0.45,0.75,0.2,0.74,0.71,0.5038559
0.17,0.49,0.7,0.3,0.76,0.71,0.503856
0.17,0.41,0.71,0.28,0.76,0.71,0.5038561
0.16,0.5,0.71,0.23,0.74,0.7,0.5038564
0.18,0.44,0.75,0.28,0.73,0.71,0.5038564
0.16,0.42,0.72,0.27,0.72,0.7,0.5038566
0.16,0.5,0.75,0.24,0.76,0.71,0.5038566
0.18,0.42,0.73,0.29,0.76,0.7,0.5038566
0.18,0.49,0.71,0.29,0.76,0.7,0.5038569
0.16,0.4,0.75,0.2,0.74,0.71,0.503857
0.18,0.47,0.75,0.28,0.75,0.7,0.503857
0.17,0.41,0.71,0.26,0.73,0.71,0.5038571
0.18,0.48,0.75,0.2,0.72,0.7,0.5038572
0.16,0.49,0.7,0.3,0.74,0.7,0.5038576
0.18,0.4,0.73,0.24,0.74,0.7,0.5038576
0.17,0.45,0.75,0.25,0.74,0.7,0.5038577
0.17,0.5,0.74,0.26,0.74,0.7,0.5038577
0.16,0.49,0.7,0.25,0.76,0.7,0.5038578
0.18,0.42,0.73,0.27,0.73,0.7,0.5038578
0.16,0.4,0.73,0.26,0.76,0.72,0.5038582
0.17,0.41,0.75,0.27,0.76,0.71,0.5038583
0.16,0.43,0.74,0.21,0.76,0.7,0.5038584
0.17,0.44,0.72,0.29,0.74,0.72,0.5038585
0.16,0.45,0.73,0.3,0.73,0.71,0.5038586
0.18,0.4,0.7,0.25,0.74,0.72,0.5038586
0.17,0.42,0.75,0.25,0.76,0.71,0.503859
0.18,0.45,0.74,0.3,0.74,0.71,0.5038591
0.18,0.45,0.75,0.22,0.75,0.71,0.5038591
0.18,0.49,0.72,0.21,0.76,0.71,0.5038593
0.16,0.43,0.71,0.29,0.73,0.7,0.5038597
0.18,0.41,0.75,0.23,0.72,0.71,0.5038597
0.16,0.5,0.7,0.29,0.73,0.72,0.5038598
0.18,0.44,0.74,0.24,0.74,0.7,0.5038599
0.16,0.4,0.73,0.24,0.73,0.72,0.50386
0.16,0.43,0.75,0.22,0.73,0.7,0.50386
0.17,0.42,0.7,0.28,0.74,0.71,0.5038601
0.17,0.49,0.73,0.28,0.76,0.7,0.5038602
0.17,0.41,0.75,0.25,0.73,0.71,0.5038603
0.18,0.43,0.72,0.29,0.74,0.7,0.5038603
0.18,0.48,0.75,0.22,0.73,0.7,0.5038604
0.16,0.43,0.75,0.3,0.76,0.7,0.5038606
0.18,0.41,0.74,0.24,0.76,0.71,0.503861
0.16,0.4,0.75,0.22,0.75,0.71,0.5038612
0.16,0.42,0.75,0.28,0.75,0.7,0.5038612
0.18,0.4,0.74,0.24,0.74,0.72,0.5038613
0.17,0.42,0.73,0.2,0.76,0.7,0.5038614
0.18,0.5,0.71,0.22,0.75,0.71,0.5038617
0.16,0.43,0.75,0.28,0.73,0.7,0.5038618
0.17,0.42,0.74,0.27,0.74,0.71,0.503862
0.16,0.41,0.72,0.26,0.74,0.72,0.5038621
0.17,0.42,0.74,0.21,0.73,0.7,0.5038622
0.18,0.48,0.74,0.21,0.75,0.7,0.5038625
0.17,0.41,0.74,0.27,0.75,0.7,0.5038626
0.18,0.41,0.73,0.26,0.75,0.72,0.5038626
0.16,0.49,0.7,0.3,0.75,0.7,0.503863
0.17,0.45,0.75,0.3,0.75,0.72,0.5038633
0.17,0.45,0.71,0.29,0.72,0.72,0.5038634
0.17,0.45,0.75,0.27,0.75,0.7,0.5038635
0.18,0.45,0.75,0.24,0.76,0.71,0.5038636
0.18,0.46,0.73,0.3,0.72,0.71,0.5038636
0.18,0.47,0.75,0.3,0.76,0.7,0.5038636
0.17,0.5,0.72,0.29,0.75,0.7,0.5038637
0.17,0.4,0.72,0.26,0.74,0.7,0.5038638
0.16,0.49,0.75,0.27,0.76,0.7,0.5038639
0.18,0.49,0.73,0.22,0.74,0.7,0.5038641
0.17,0.49,0.74,0.2,0.76,0.71,0.5038642
0.18,0.48,0.75,0.24,0.74,0.7,0.5038642
0.18,0.4,0.73,0.26,0.75,0.7,0.5038643
0.18,0.48,0.72,0.24,0.76,0.7,0.5038643
0.16,0.47,0.75,0.21,0.76,0.7,0.5038644
0.18,0.44,0.71,0.29,0.72,0.7,0.5038644
0.17,0.43,0.73,0.29,0.75,0.71,0.5038645
0.16,0.44,0.74,0.3,0.74,0.7,0.5038647
0.18,0.5,0.74,0.2,0.72,0.7,0.5038647
0.17,0.45,0.75,0.28,0.72,0.72,0.5038648
0.16,0.42,0.71,0.28,0.75,0.72,0.5038649
0.16,0.5,0.7,0.29,0.74,0.72,0.503865
0.18,0.42,0.72,0.28,0.76,0.72,0.503865
0.16,0.43,0.75,0.24,0.74,0.7,0.5038651
0.18,0.44,0.74,0.26,0.75,0.7,0.5038652
0.18,0.41,0.73,0.2,0.73,0.7,0.5038653
0.18,0.41,0.73,0.24,0.72,0.72,0.5038655
0.17,0.43,0.73,0.27,0.72,0.71,0.503866
0.17,0.43,0.75,0.21,0.75,0.71,0.5038661
0.17,0.5,0.73,0.21,0.75,0.71,0.5038662
0.16,0.42,0.75,0.27,0.75,0.72,0.5038663
0.17,0.41,0.71,0.28,0.75,0.7,0.5038663
0.18,0.5,0.72,0.23,0.73,0.7,0.5038664
0.16,0.42,0.71,0.26,0.72,0.72,0.5038665
0.18,0.42,0.72,0.26,0.73,0.72,0.5038666
0.17,0.46,0.75,0.21,0.73,0.7,0.5038667
0.17,0.46,0.74,0.2,0.76,0.7,0.503867
0.18,0.4,0.7,0.27,0.76,0.71,0.503867
0.18,0.44,0.75,0.28,0.72,0.7,0.503867
0.18,0.49,0.71,0.25,0.75,0.7,0.503867
0.17,0.42,0.74,0.23,0.74,0.7,0.5038672
0.16,0.4,0.75,0.24,0.76,0.71,0.5038673
0.16,0.5,0.74,0.28,0.75,0.7,0.5038673
0.17,0.41,0.71,0.26,0.72,0.7,0.5038675
0.17,0.46,0.74,0.3,0.73,0.72,0.5038676
0.16,0.4,0.73,0.26,0.75,0.71,0.5038683
0.16,0.43,0.7,0.3,0.76,0.72,0.5038684
0.16,0.42,0.75,0.25,0.72,0.72,0.5038685
0.16,0.49,0.7,0.3,0.76,0.7,0.5038685
0.17,0.44,0.72,0.29,0.73,0.71,0.5038688
0.18,0.4,0.7,0.25,0.73,0.71,0.5038689
0.16,0.43,0.74,0.29,0.76,0.72,0.503869
0.16,0.45,0.73,0.3,0.72,0.7,0.503869
0.17,0.48,0.74,0.23,0.76,0.7,0.503869
0.18,0.43,0.71,0.28,0.74,0.72,0.503869
0.18,0.48,0.75,0.26,0.75,0.7,0.503869
0.17,0.5,0.71,0.24,0.76,0.71,0.5038691
0.18,0.44,0.75,0.27,0.72,0.7,0.5038691
0.16,0.48,0.71,0.2,0.76,0.7,0.5038692
0.17,0.49,0.75,0.21,0.74,0.7,0.5038692
0.16,0.43,0.7,0.28,0.73,0.72,0.5038693
0.17,0.42,0.7,0.3,0.76,0.7,0.5038695
0.17,0.49,0.7,0.3,0.72,0.72,0.5038695
0.18,0.42,0.74,0.2,0.75,0.71,0.5038695
0.18,0.4,0.74,0.26,0.76,0.71,0.5038696
0.18,0.45,0.74,0.3,0.73,0.7,0.5038696
0.18,0.41,0.73,0.22,0.74,0.7,0.5038697
0.18,0.45,0.74,0.2,0.73,0.7,0.50387
0.16,0.43,0.74,0.27,0.73,0.72,0.5038703
0.16,0.5,0.7,0.29,0.75,0.72,0.5038703
0.17,0.42,0.7,0.28,0.73,0.7,0.5038703
0.18,0.5,0.7,0.26,0.74,0.7,0.5038703
0.16,0.4,0.73,0.24,0.72,0.71,0.5038704
0.17,0.45,0.75,0.29,0.76,0.7,0.5038705
0.17,0.46,0.75,0.23,0.74,0.7,0.5038706
0.16,0.4,0.74,0.2,0.73,0.7,0.5038707
0.16,0.41,0.72,0.28,0.76,0.71,0.5038708
0.17,0.43,0.75,0.23,0.76,0.71,0.5038708
0.18,0.5,0.74,0.27,0.76,0.71,0.5038708
0.17,0.5,0.74,0.22,0.73,0.7,0.503871
0.16,0.43,0.75,0.26,0.75,0.7,0.5038711
0.17,0.42,0.74,0.29,0.76,0.7,0.5038711
0.18,0.43,0.75,0.27,0.74,0.72,0.5038711
0.17,0.49,0.73,0.24,0.75,0.7,0.5038712
0.16,0.5,0.75,0.2,0.75,0.71,0.5038713
0.16,0.49,0.7,0.21,0.75,0.7,0.5038717
0.18,0.42,0.75,0.21,0.72,0.71,0.5038718
0.18,0.44,0.74,0.28,0.76,0.7,0.5038718
0.18,0.4,0.74,0.24,0.73,0.71,0.503872
0.16,0.41,0.72,0.26,0.73,0.71,0.5038722
0.18,0.44,0.7,0.3,0.75,0.72,0.5038722
0.17,0.42,0.74,0.27,0.73,0.7,0.5038725
0.17,0.42,0.74,0.25,0.75,0.7,0.5038729
0.18,0.41,0.73,0.26,0.74,0.71,0.503873
0.16,0.44,0.73,0.29,0.74,0.72,0.5038731
0.18,0.42,0.74,0.22,0.76,0.71,0.5038732
0.17,0.4,0.71,0.25,0.74,0.72,0.5038733
0.18,0.45,0.74,0.22,0.74,0.7,0.5038733
0.18,0.44,0.74,0.29,0.75,0.72,0.5038735
0.17,0.45,0.75,0.3,0.74,0.71,0.5038736
0.16,0.5,0.73,0.23,0.76,0.71,0.5038737
0.17,0.5,0.72,0.25,0.74,0.7,0.503874
0.18,0.44,0.7,0.28,0.72,0.72,0.503874
0.16,0.44,0.75,0.2,0.73,0.7,0.5038742
0.17,0.49,0.7,0.3,0.73,0.72,0.5038743
0.18,0.48,0.75,0.28,0.76,0.7,0.5038744
0.18,0.46,0.75,0.2,0.75,0.71,0.5038746
0.16,0.41,0.75,0.2,0.75,0.71,0.5038747
0.18,0.41,0.73,0.24,0.75,0.7,0.5038749
0.16,0.42,0.71,0.28,0.74,0.71,0.503875
0.17,0.43,0.73,0.29,0.74,0.7,0.503875
0.16,0.4,0.74,0.22,0.74,0.7,0.5038752
0.18,0.42,0.72,0.28,0.75,0.71,0.5038753
0.18,0.44,0.74,0.27,0.72,0.72,0.5038755
0.16,0.5,0.7,0.29,0.76,0.72,0.5038756
0.17,0.46,0.75,0.25,0.75,0.7,0.5038756
0.17,0.41,0.7,0.27,0.75,0.72,0.5038758
0.17,0.4,0.75,0.24,0.74,0.72,0.5038759
0.16,0.49,0.75,0.23,0.75,0.7,0.503876
0.17,0.49,0.71,0.27,0.76,0.7,0.5038761
0.18,0.49,0.75,0.2,0.73,0.7,0.5038763
0.18,0.42,0.75,0.23,0.73,0.71,0.5038764
0.16,0.42,0.75,0.27,0.74,0.71,0.5038768
0.18,0.42,0.72,0.26,0.72,0.71,0.5038772
0.17,0.41,0.74,0.26,0.75,0.72,0.5038773
0.18,0.49,0.7,0.2,0.76,0.71,0.5038773
0.17,0.42,0.75,0.26,0.72,0.7,0.5038774
0.18,0.4,0.7,0.27,0.75,0.7,0.5038775
0.18,0.46,0.75,0.22,0.76,0.71,0.5038775
0.18,0.45,0.74,0.24,0.75,0.7,0.5038776
0.18,0.5,0.75,0.28,0.74,0.7,0.5038777
0.18,0.45,0.73,0.29,0.73,0.72,0.5038778
0.16,0.43,0.75,0.28,0.76,0.7,0.5038779
0.16,0.45,0.72,0.29,0.72,0.72,0.503878
0.17,0.41,0.7,0.25,0.72,0.72,0.503878
0.17,0.46,0.74,0.3,0.72,0.71,0.503878
0.18,0.43,0.71,0.3,0.76,0.71,0.503878
0.16,0.44,0.75,0.22,0.74,0.7,0.5038781
0.16,0.43,0.7,0.3,0.75,0.71,0.5038784
0.16,0.5,0.74,0.24,0.74,0.7,0.5038786
0.16,0.4,0.73,0.26,0.74,0.7,0.5038788
0.16,0.41,0.75,0.22,0.76,0.71,0.5038788
0.16,0.43,0.74,0.29,0.75,0.71,0.5038792
0.17,0.49,0.7,0.3,0.74,0.72,0.5038792
0.17,0.44,0.72,0.29,0.72,0.7,0.5038793
0.18,0.43,0.71,0.28,0.73,0.71,0.5038793
0.17,0.42,0.74,0.27,0.76,0.7,0.5038794
0.18,0.4,0.7,0.25,0.72,0.7,0.5038794
0.18,0.41,0.74,0.25,0.72,0.7,0.5038794
0.16,0.43,0.7,0.28,0.72,0.71,0.5038795
0.17,0.42,0.73,0.28,0.76,0.72,0.5038795
0.17,0.5,0.7,0.28,0.75,0.7,0.5038797
0.18,0.48,0.72,0.2,0.75,0.7,0.5038797
0.16,0.49,0.73,0.26,0.76,0.7,0.5038798
0.17,0.41,0.74,0.24,0.72,0.72,0.50388
0.18,0.43,0.75,0.29,0.76,0.71,0.50388
0.17,0.43,0.74,0.21,0.74,0.7,0.5038803
0.18,0.45,0.75,0.25,0.72,0.7,0.5038803
0.18,0.49,0.74,0.3,0.76,0.7,0.5038804
0.16,0.43,0.74,0.27,0.72,0.71,0.5038808
0.17,0.4,0.75,0.2,0.72,0.71,0.5038809
0.17,0.46,0.75,0.27,0.76,0.7,0.5038809
0.16,0.41,0.72,0.28,0.75,0.7,0.5038811
0.16,0.4,0.74,0.24,0.75,0.7,0.5038812
0.17,0.42,0.73,0.26,0.73,0.72,0.5038812
0.18,0.41,0.73,0.26,0.76,0.7,0.5038812
0.17,0.4,0.74,0.21,0.76,0.71,0.5038813
0.16,0.49,0.7,0.3,0.72,0.71,0.5038815
0.18,0.42,0.75,0.25,0.74,0.71,0.5038816
0.18,0.49,0.71,0.21,0.74,0.7,0.5038816
0.18,0.49,0.75,0.22,0.76,0.71,0.5038816
0.18,0.48,0.7,0.23,0.76,0.7,0.5038817
0.17,0.4,0.71,0.27,0.76,0.71,0.5038818
0.18,0.43,0.75,0.27,0.73,0.71,0.5038818
0.18,0.41,0.73,0.28,0.76,0.7,0.503882
0.16,0.46,0.75,0.3,0.73,0.72,0.5038821
0.18,0.44,0.7,0.3,0.74,0.71,0.5038822
0.16,0.41,0.72,0.26,0.72,0.7,0.5038826
0.18,0.45,0.74,0.26,0.76,0.7,0.5038826
0.16,0.44,0.75,0.24,0.75,0.7,0.5038828
0.16,0.5,0.72,0.27,0.75,0.7,0.5038833
0.18,0.5,0.74,0.23,0.75,0.71,0.5038835
0.16,0.44,0.73,0.29,0.73,0.71,0.5038836
0.17,0.4,0.71,0.25,0.73,0.71,0.5038836
0.17,0.43,0.72,0.28,0.74,0.72,0.5038837
0.18,0.41,0.73,0.26,0.73,0.7,0.5038838
0.18,0.42,0.73,0.2,0.74,0.7,0.5038838
0.18,0.44,0.74,0.29,0.74,0.71,0.5038839
0.17,0.45,0.75,0.3,0.73,0.7,0.5038841
0.18,0.5,0.7,0.22,0.73,0.7,0.5038841
0.17,0.5,0.71,0.2,0.75,0.71,0.5038842
0.16,0.42,0.71,0.3,0.76,0.7,0.5038843
0.17,0.49,0.7,0.3,0.75,0.72,0.5038843
0.17,0.44,0.75,0.21,0.76,0.71,0.5038845
0.17,0.4,0.75,0.22,0.73,0.71,0.5038846
0.17,0.43,0.74,0.23,0.75,0.7,0.5038849
0.16,0.42,0.71,0.28,0.73,0.7,0.5038853
0.17,0.47,0.75,0.21,0.74,0.7,0.5038854
0.18,0.45,0.75,0.27,0.73,0.7,0.5038857
0.18,0.42,0.72,0.28,0.74,0.7,0.5038858
0.17,0.41,0.7,0.27,0.74,0.71,0.503886
0.17,0.48,0.72,0.22,0.76,0.7,0.5038861
0.16,0.49,0.7,0.3,0.73,0.71,0.5038864
0.17,0.49,0.73,0.2,0.74,0.7,0.5038864
0.17,0.44,0.71,0.3,0.75,0.72,0.5038867
0.17,0.4,0.75,0.24,0.73,0.71,0.5038868
0.18,0.5,0.72,0.26,0.76,0.71,0.5038869
0.18,0.47,0.75,0.3,0.72,0.72,0.503887
0.17,0.5,0.75,0.3,0.75,0.7,0.5038872
0.18,0.42,0.73,0.22,0.75,0.7,0.5038874
0.16,0.42,0.75,0.27,0.73,0.7,0.5038875
0.16,0.4,0.74,0.26,0.76,0.7,0.5038876
0.17,0.41,0.74,0.26,0.74,0.71,0.5038878
0.17,0.44,0.75,0.29,0.75,0.72,0.5038879
0.18,0.42,0.75,0.27,0.75,0.71,0.5038879
0.17,0.43,0.75,0.24,0.72,0.7,0.503888
0.18,0.43,0.74,0.2,0.76,0.71,0.5038882
0.16,0.44,0.75,0.26,0.76,0.7,0.5038883
0.18,0.43,0.71,0.3,0.75,0.7,0.5038883
0.18,0.45,0.73,0.29,0.72,0.71,0.5038883
0.16,0.4,0.72,0.25,0.74,0.72,0.5038884
0.17,0.44,0.71,0.28,0.72,0.72,0.5038884
0.16,0.43,0.7,0.3,0.74,0.7,0.5038886
0.17,0.49,0.71,0.23,0.75,0.7,0.5038886
0.16,0.41,0.74,0.2,0.74,0.7,0.5038887
0.17,0.5,0.72,0.21,0.73,0.7,0.5038887
0.18,0.4,0.73,0.25,0.75,0.72,0.5038888
0.18,0.46,0.74,0.2,0.74,0.7,0.5038888
0.17,0.47,0.75,0.23,0.75,0.7,0.5038889
0.18,0.43,0.75,0.21,0.73,0.71,0.5038891
0.18,0.5,0.75,0.24,0.73,0.7,0.5038893
0.17,0.49,0.7,0.3,0.76,0.72,0.5038896
0.16,0.43,0.74,0.29,0.74,0.7,0.5038898
0.17,0.42,0.73,0.28,0.75,0.71,0.5038899
0.17,0.43,0.74,0.25,0.76,0.7,0.50389
0.18,0.43,0.71,0.28,0.72,0.7,0.50389
0.17,0.4,0.75,0.24,0.74,0.71,0.5038901
0.17,0.44,0.75,0.27,0.72,0.72,0.5038901
0.18,0.49,0.74,0.26,0.75,0.7,0.5038901
0.18,0.41,0.72,0.27,0.76,0.72,0.5038905
0.18,0.42,0.74,0.23,0.72,0.7,0.5038906
0.16,0.41,0.71,0.27,0.75,0.72,0.5038907
0.18,0.4,0.75,0.21,0.75,0.72,0.5038907
0.17,0.5,0.74,0.25,0.76,0.71,0.5038908
0.16,0.48,0.74,0.21,0.76,0.7,0.5038912
0.16,0.49,0.7,0.3,0.74,0.71,0.5038915
0.17,0.45,0.7,0.3,0.73,0.72,0.5038915
0.17,0.5,0.7,0.24,0.74,0.7,0.5038915
0.16,0.5,0.71,0.22,0.76,0.71,0.5038917
0.17,0.42,0.73,0.26,0.72,0.71,0.5038918
0.18,0.46,0.74,0.22,0.75,0.7,0.5038918
0.16,0.41,0.75,0.26,0.75,0.72,0.503892
0.17,0.4,0.71,0.27,0.75,0.7,0.5038923
0.17,0.45,0.74,0.29,0.73,0.72,0.5038923
0.18,0.42,0.73,0.24,0.76,0.7,0.5038923
0.17,0.43,0.72,0.3,0.76,0.71,0.5038925
0.18,0.45,0.75,0.29,0.74,0.7,0.5038925
0.16,0.46,0.75,0.3,0.72,0.71,0.5038926
0.18,0.4,0.73,0.23,0.72,0.72,0.5038926
0.18,0.44,0.7,0.3,0.73,0.7,0.5038927
0.16,0.42,0.75,0.2,0.76,0.71,0.5038929
0.18,0.41,0.72,0.25,0.73,0.72,0.503893
0.18,0.5,0.73,0.27,0.74,0.7,0.503893
0.16,0.41,0.71,0.25,0.72,0.72,0.5038931
0.16,0.41,0.74,0.22,0.75,0.7,0.5038931
0.16,0.45,0.75,0.2,0.74,0.7,0.5038931
0.18,0.47,0.75,0.2,0.76,0.71,0.5038933
0.16,0.49,0.73,0.22,0.75,0.7,0.5038934
0.17,0.47,0.75,0.25,0.76,0.7,0.5038934
0.18,0.46,0.75,0.23,0.72,0.7,0.5038934
0.18,0.43,0.75,0.23,0.74,0.71,0.5038935
0.16,0.42,0.7,0.29,0.76,0.72,0.5038937
0.16,0.5,0.74,0.2,0.73,0.7,0.5038937
0.17,0.43,0.75,0.26,0.73,0.7,0.5038937
0.16,0.42,0.74,0.28,0.76,0.72,0.5038941
0.17,0.43,0.72,0.28,0.73,0.71,0.5038941
0.16,0.44,0.73,0.29,0.72,0.7,0.5038942
0.17,0.4,0.71,0.25,0.72,0.7,0.5038942
0.18,0.44,0.74,0.29,0.73,0.7,0.5038945
0.18,0.42,0.71,0.27,0.74,0.72,0.5038946
0.18,0.4,0.75,0.23,0.76,0.72,0.5038949
0.17,0.41,0.7,0.29,0.76,0.7,0.503895
0.16,0.41,0.75,0.24,0.72,0.72,0.5038951
0.16,0.42,0.7,0.27,0.73,0.72,0.5038952
0.17,0.4,0.73,0.21,0.75,0.7,0.5038955
0.18,0.46,0.74,0.24,0.76,0.7,0.5038955
0.18,0.42,0.74,0.25,0.73,0.7,0.5038957
0.18,0.49,0.72,0.29,0.76,0.7,0.5038957
0.16,0.42,0.74,0.26,0.73,0.72,0.5038961
0.16,0.45,0.75,0.22,0.75,0.7,0.5038961
0.16,0.5,0.72,0.23,0.74,0.7,0.5038961
0.16,0.41,0.75,0.23,0.72,0.7,0.5038964
0.17,0.41,0.7,0.27,0.73,0.7,0.5038964
0.16,0.4,0.72,0.27,0.76,0.71,0.5038967
0.16,0.49,0.7,0.3,0.75,0.71,0.5038967
0.16,0.49,0.71,0.25,0.76,0.7,0.5038969
0.17,0.44,0.71,0.3,0.74,0.71,0.5038969
0.17,0.5,0.75,0.26,0.74,0.7,0.5038969
0.18,0.42,0.75,0.26,0.74,0.72,0.5038969
0.18,0.43,0.7,0.29,0.75,0.72,0.5038973
0.18,0.46,0.75,0.25,0.73,0.7,0.5038977
0.17,0.41,0.75,0.2,0.73,0.71,0.5038978
0.18,0.43,0.75,0.25,0.75,0.71,0.5038983
0.16,0.41,0.74,0.24,0.76,0.7,0.5038984
0.16,0.43,0.73,0.28,0.74,0.72,0.5038984
0.17,0.44,0.75,0.29,0.74,0.71,0.5038984
0.18,0.43,0.74,0.28,0.75,0.72,0.5038985
0.17,0.41,0.74,0.26,0.73,0.7,0.5038987
0.16,0.4,0.72,0.25,0.73,0.71,0.5038988
0.17,0.4,0.74,0.22,0.72,0.7,0.5038988
0.18,0.49,0.73,0.21,0.76,0.71,0.5038988
0.17,0.44,0.74,0.21,0.75,0.7,0.5038989
0.17,0.49,0.74,0.28,0.76,0.7,0.503899
0.18,0.4,0.73,0.25,0.74,0.71,0.5038994
0.18,0.5,0.71,0.3,0.75,0.7,0.5038994
0.18,0.43,0.7,0.27,0.72,0.72,0.5038996
0.17,0.43,0.75,0.28,0.74,0.7,0.5039002
0.16,0.45,0.75,0.24,0.76,0.7,0.5039005
0.17,0.42,0.73,0.28,0.74,0.7,0.5039005
0.16,0.5,0.7,0.26,0.75,0.7,0.5039006
0.17,0.4,0.73,0.23,0.76,0.7,0.5039007
0.17,0.44,0.75,0.22,0.72,0.7,0.5039007
0.18,0.44,0.73,0.3,0.76,0.72,0.5039008
0.16,0.41,0.71,0.27,0.74,0.71,0.5039009
0.18,0.41,0.72,0.27,0.75,0.71,0.503901
0.18,0.5,0.72,0.22,0.75,0.71,0.503901
0.16,0.44,0.72,0.3,0.75,0.72,0.5039013
0.18,0.43,0.74,0.26,0.72,0.72,0.5039013
0.17,0.41,0.75,0.22,0.74,0.71,0.5039014
0.17,0.45,0.7,0.3,0.72,0.71,0.5039019
0.18,0.42,0.74,0.27,0.74,0.7,0.5039019
0.16,0.49,0.7,0.3,0.76,0.71,0.503902
0.17,0.4,0.7,0.26,0.75,0.72,0.503902
0.16,0.41,0.75,0.25,0.73,0.7,0.5039024
0.17,0.5,0.73,0.29,0.75,0.7,0.5039025
0.18,0.43,0.73,0.2,0.75,0.7,0.5039026
0.16,0.41,0.75,0.26,0.74,0.71,0.5039027
0.17,0.44,0.74,0.23,0.76,0.7,0.5039027
0.18,0.46,0.75,0.27,0.74,0.7,0.5039027
0.17,0.45,0.74,0.29,0.72,0.71,0.5039028
0.17,0.43,0.72,0.3,0.75,0.7,0.5039029
0.18,0.44,0.73,0.28,0.73,0.72,0.5039029
0.16,0.44,0.72,0.28,0.72,0.72,0.5039032
0.18,0.42,0.71,0.29,0.76,0.71,0.5039033
0.17,0.4,0.74,0.25,0.75,0.72,0.5039035
0.18,0.43,0.74,0.21,0.72,0.7,0.5039036
0.18,0.41,0.72,0.25,0.72,0.71,0.5039037
0.16,0.42,0.7,0.29,0.75,0.71,0.5039039
0.17,0.49,0.75,0.2,0.76,0.71,0.503904
0.18,0.48,0.73,0.24,0.76,0.7,0.503904
0.18,0.49,0.74,0.22,0.74,0.7,0.503904
0.18,0.5,0.7,0.25,0.76,0.71,0.5039041
0.18,0.43,0.75,0.27,0.76,0.71,0.5039042
0.17,0.4,0.74,0.24,0.73,0.7,0.5039043
0.17,0.48,0.7,0.21,0.76,0.7,0.5039044
0.17,0.48,0.75,0.21,0.75,0.7,0.5039044
0.16,0.42,0.74,0.28,0.75,0.71,0.5039045
0.17,0.43,0.72,0.28,0.72,0.7,0.5039048
0.18,0.4,0.74,0.21,0.74,0.71,0.5039048
0.17,0.4,0.7,0.24,0.72,0.72,0.5039049
0.18,0.42,0.71,0.27,0.73,0.71,0.503905
0.17,0.41,0.73,0.27,0.76,0.72,0.5039051
0.18,0.5,0.75,0.2,0.72,0.7,0.5039051
0.17,0.44,0.75,0.24,0.73,0.7,0.5039053
0.18,0.45,0.72,0.3,0.74,0.72,0.5039053
0.16,0.42,0.7,0.27,0.72,0.71,0.5039056
0.17,0.5,0.74,0.21,0.75,0.71,0.5039056
0.18,0.43,0.73,0.22,0.76,0.7,0.5039056
0.16,0.45,0.71,0.3,0.73,0.72,0.5039061
0.16,0.5,0.75,0.28,0.75,0.7,0.5039061
0.18,0.5,0.73,0.23,0.73,0.7,0.5039061
0.18,0.49,0.72,0.25,0.75,0.7,0.5039064
0.17,0.41,0.75,0.24,0.75,0.71,0.5039066
0.18,0.44,0.75,0.21,0.74,0.71,0.5039067
0.16,0.42,0.74,0.26,0.72,0.71,0.5039069
0.16,0.45,0.75,0.29,0.73,0.72,0.5039069
0.16,0.43,0.73,0.3,0.76,0.71,0.5039071
0.17,0.4,0.74,0.23,0.72,0.72,0.5039071
0.17,0.5,0.7,0.2,0.73,0.7,0.5039071
0.16,0.4,0.72,0.27,0.75,0.7,0.5039072
0.16,0.42,0.74,0.2,0.75,0.7,0.5039072
0.17,0.41,0.73,0.25,0.73,0.72,0.5039075
0.17,0.44,0.71,0.3,0.73,0.7,0.5039075
0.18,0.41,0.75,0.21,0.76,0.72,0.5039075
0.18,0.43,0.7,0.29,0.74,0.71,0.5039075
0.18,0.47,0.74,0.2,0.75,0.7,0.5039078
0.18,0.42,0.75,0.26,0.73,0.71,0.5039079
0.18,0.43,0.74,0.23,0.73,0.7,0.5039079
0.18,0.47,0.75,0.21,0.72,0.7,0.5039079
0.17,0.5,0.72,0.24,0.76,0.71,0.5039081
0.17,0.48,0.75,0.23,0.76,0.7,0.5039087
0.16,0.42,0.75,0.21,0.72,0.7,0.5039088
0.16,0.43,0.73,0.28,0.73,0.71,0.5039089
0.18,0.46,0.75,0.29,0.75,0.7,0.5039089
0.18,0.4,0.74,0.23,0.75,0.71,0.503909
0.17,0.44,0.75,0.29,0.73,0.7,0.5039092
0.18,0.43,0.74,0.28,0.74,0.71,0.5039092
0.16,0.4,0.72,0.25,0.72,0.7,0.5039093
0.16,0.48,0.72,0.2,0.76,0.7,0.5039093
0.17,0.42,0.72,0.27,0.74,0.72,0.5039093
0.18,0.5,0.75,0.27,0.76,0.71,0.5039093
0.18,0.5,0.71,0.26,0.74,0.7,0.5039095
0.16,0.41,0.71,0.29,0.76,0.7,0.5039098
0.17,0.44,0.75,0.26,0.74,0.7,0.5039103
0.18,0.47,0.74,0.22,0.76,0.7,0.5039103
0.18,0.4,0.73,0.25,0.73,0.7,0.5039104
0.17,0.49,0.74,0.24,0.75,0.7,0.5039107
0.18,0.44,0.75,0.23,0.75,0.71,0.5039107
0.18,0.46,0.71,0.3,0.72,0.72,0.5039107
0.16,0.42,0.74,0.22,0.76,0.7,0.5039108
0.17,0.5,0.75,0.22,0.73,0.7,0.5039108
0.18,0.47,0.75,0.23,0.73,0.7,0.5039111
0.18,0.44,0.73,0.3,0.75,0.71,0.5039113
0.16,0.41,0.71,0.27,0.73,0.7,0.5039114
0.16,0.44,0.72,0.3,0.74,0.71,0.5039116
0.16,0.49,0.71,0.21,0.75,0.7,0.5039116
0.18,0.46,0.75,0.29,0.72,0.72,0.5039116
0.18,0.49,0.7,0.28,0.76,0.7,0.5039116
0.18,0.41,0.72,0.27,0.74,0.7,0.5039117
0.16,0.46,0.75,0.2,0.75,0.7,0.5039119
0.17,0.43,0.71,0.29,0.75,0.72,0.5039119
0.17,0.41,0.74,0.2,0.72,0.7,0.5039121
0.17,0.4,0.7,0.26,0.74,0.71,0.5039124
0.17,0.41,0.75,0.26,0.76,0.71,0.5039126
0.18,0.43,0.74,0.25,0.74,0.7,0.5039126
0.16,0.5,0.74,0.23,0.76,0.71,0.5039128
0.17,0.43,0.75,0.28,0.75,0.72,0.503913
0.17,0.5,0.73,0.25,0.74,0.7,0.5039133
0.16,0.42,0.75,0.23,0.73,0.7,0.5039134
0.17,0.41,0.73,0.21,0.76,0.7,0.5039135
0.18,0.44,0.73,0.28,0.72,0.71,0.5039136
0.16,0.41,0.75,0.26,0.73,0.7,0.5039138
0.18,0.42,0.71,0.29,0.75,0.7,0.5039139
0.16,0.42,0.7,0.29,0.74,0.7,0.5039142
0.17,0.4,0.74,0.25,0.74,0.71,0.5039142
0.17,0.43,0.71,0.27,0.72,0.72,0.5039142
0.16,0.5,0.7,0.22,0.74,0.7,0.5039144
0.16,0.46,0.75,0.22,0.76,0.7,0.5039146
0.18,0.4,0.74,0.25,0.76,0.71,0.5039148
0.18,0.47,0.75,0.25,0.74,0.7,0.503915
0.17,0.42,0.75,0.2,0.74,0.71,0.5039151
0.17,0.49,0.72,0.27,0.76,0.7,0.5039151
0.17,0.44,0.74,0.3,0.76,0.72,0.5039152
0.18,0.44,0.75,0.25,0.76,0.71,0.5039152
0.16,0.42,0.74,0.28,0.74,0.7,0.5039153
0.17,0.45,0.75,0.2,0.72,0.7,0.5039153
0.17,0.41,0.73,0.27,0.75,0.71,0.5039157
0.17,0.43,0.75,0.26,0.72,0.72,0.5039159
0.18,0.45,0.72,0.3,0.73,0.71,0.5039159
0.16,0.49,0.7,0.3,0.72,0.72,0.503916
0.17,0.41,0.74,0.22,0.73,0.7,0.503916
0.18,0.42,0.71,0.27,0.72,0.7,0.503916
0.16,0.45,0.71,0.3,0.72,0.71,0.5039166
0.17,0.44,0.7,0.29,0.73,0.72,0.5039166
0.17,0.44,0.75,0.28,0.75,0.7,0.5039166
0.18,0.4,0.72,0.26,0.76,0.72,0.5039166
0.16,0.4,0.71,0.26,0.75,0.72,0.5039169
0.18,0.49,0.71,0.2,0.76,0.71,0.5039169
0.18,0.4,0.72,0.2,0.76,0.7,0.5039172
0.17,0.44,0.74,0.28,0.73,0.72,0.5039174
0.17,0.45,0.74,0.21,0.76,0.7,0.5039175
0.16,0.43,0.73,0.3,0.75,0.7,0.5039176
0.16,0.45,0.75,0.29,0.72,0.71,0.5039176
0.17,0.42,0.72,0.29,0.76,0.71,0.5039178
0.16,0.5,0.75,0.24,0.74,0.7,0.5039179
0.18,0.43,0.74,0.3,0.76,0.7,0.5039179
0.17,0.41,0.73,0.25,0.72,0.71,0.5039182
0.18,0.43,0.7,0.29,0.73,0.7,0.5039182
0.17,0.45,0.75,0.22,0.73,0.7,0.5039183
0.18,0.43,0.74,0.27,0.75,0.7,0.5039183
0.16,0.4,0.75,0.25,0.75,0.72,0.5039184
0.17,0.42,0.75,0.22,0.75,0.71,0.5039186
0.17,0.5,0.71,0.28,0.75,0.7,0.5039186
0.16,0.42,0.75,0.25,0.74,0.7,0.5039188
0.16,0.49,0.74,0.26,0.76,0.7,0.5039188
0.18,0.49,0.75,0.3,0.76,0.7,0.5039188
0.18,0.4,0.73,0.21,0.73,0.7,0.5039192
0.18,0.5,0.7,0.21,0.75,0.71,0.5039193
0.16,0.41,0.7,0.28,0.76,0.72,0.5039194
0.16,0.41,0.74,0.27,0.76,0.72,0.5039198
0.16,0.43,0.73,0.28,0.72,0.7,0.5039198
0.17,0.42,0.72,0.27,0.73,0.71,0.5039198
0.17,0.45,0.73,0.3,0.74,0.72,0.5039198
0.18,0.4,0.72,0.24,0.73,0.72,0.5039199
0.18,0.47,0.75,0.27,0.75,0.7,0.5039199
0.16,0.4,0.71,0.24,0.72,0.72,0.50392
0.18,0.43,0.74,0.28,0.73,0.7,0.50392
0.18,0.48,0.73,0.2,0.75,0.7,0.50392
0.16,0.49,0.7,0.3,0.73,0.72,0.5039206
0.18,0.41,0.71,0.26,0.74,0.72,0.5039208
0.17,0.4,0.7,0.28,0.76,0.7,0.503921
0.17,0.41,0.74,0.24,0.74,0.7,0.503921
0.18,0.48,0.71,0.23,0.76,0.7,0.5039212
0.18,0.44,0.73,0.2,0.76,0.7,0.5039213
0.18,0.44,0.74,0.21,0.73,0.7,0.5039214
0.16,0.41,0.7,0.26,0.73,0.72,0.5039216
0.18,0.49,0.72,0.21,0.74,0.7,0.5039216
0.18,0.41,0.74,0.21,0.75,0.71,0.5039217
0.18,0.44,0.73,0.3,0.74,0.7,0.5039221
0.16,0.4,0.75,0.23,0.72,0.72,0.5039222
0.16,0.5,0.73,0.27,0.75,0.7,0.5039222
0.16,0.44,0.72,0.3,0.73,0.7,0.5039223
0.17,0.43,0.71,0.29,0.74,0.71,0.5039223
0.16,0.41,0.74,0.25,0.73,0.72,0.5039225
0.17,0.45,0.75,0.24,0.74,0.7,0.5039226
0.18,0.5,0.75,0.23,0.75,0.71,0.5039226
0.17,0.4,0.7,0.26,0.73,0.7,0.5039229
0.18,0.42,0.7,0.28,0.75,0.72,0.5039229
0.18,0.41,0.75,0.25,0.74,0.72,0.5039231
0.17,0.44,0.75,0.3,0.76,0.7,0.5039232
0.17,0.42,0.75,0.24,0.76,0.71,0.5039234
0.18,0.4,0.73,0.23,0.74,0.7,0.5039235
0.17,0.43,0.75,0.28,0.74,0.71,0.5039237
0.17,0.5,0.72,0.2,0.75,0.71,0.5039238
0.18,0.49,0.7,0.24,0.75,0.7,0.5039238
0.18,0.5,0.71,0.22,0.73,0.7,0.5039239
0.18,0.42,0.74,0.27,0.75,0.72,0.503924
0.16,0.42,0.73,0.27,0.74,0.72,0.5039241
0.18,0.43,0.74,0.29,0.76,0.7,0.5039248
0.16,0.42,0.75,0.27,0.75,0.7,0.5039249
0.18,0.45,0.75,0.21,0.75,0.71,0.5039249
0.17,0.46,0.72,0.3,0.72,0.72,0.5039252
0.18,0.44,0.74,0.23,0.74,0.7,0.5039252
0.16,0.49,0.7,0.3,0.74,0.72,0.5039254
0.17,0.4,0.74,0.25,0.73,0.7,0.5039254
0.18,0.47,0.75,0.29,0.76,0.7,0.5039254
0.18,0.5,0.73,0.26,0.76,0.71,0.5039255
0.17,0.48,0.73,0.22,0.76,0.7,0.5039257
0.18,0.41,0.75,0.22,0.72,0.71,0.5039257
0.16,0.43,0.74,0.2,0.76,0.7,0.5039258
0.17,0.44,0.74,0.3,0.75,0.71,0.5039258
0.18,0.42,0.7,0.26,0.72,0.72,0.5039259
0.18,0.41,0.74,0.23,0.76,0.71,0.503926
0.18,0.43,0.73,0.29,0.76,0.72,0.503926
0.17,0.5,0.7,0.23,0.76,0.71,0.5039263
0.18,0.48,0.75,0.21,0.73,0.7,0.5039263
0.17,0.41,0.73,0.27,0.74,0.7,0.5039265
0.16,0.43,0.72,0.29,0.75,0.72,0.5039266
0.16,0.43,0.75,0.21,0.73,0.7,0.5039266
0.17,0.49,0.74,0.2,0.74,0.7,0.5039267
0.18,0.45,0.72,0.3,0.72,0.7,0.5039267
0.17,0.41,0.74,0.26,0.75,0.7,0.5039269
0.17,0.44,0.7,0.29,0.72,0.71,0.5039272
0.18,0.4,0.72,0.26,0.75,0.71,0.5039272
0.17,0.45,0.75,0.26,0.75,0.7,0.5039273
0.16,0.4,0.71,0.26,0.74,0.71,0.5039274
0.16,0.4,0.75,0.21,0.75,0.71,0.5039277
0.18,0.42,0.74,0.25,0.72,0.72,0.5039277
0.18,0.45,0.75,0.23,0.76,0.71,0.503928
0.17,0.49,0.72,0.23,0.75,0.7,0.5039281
0.17,0.44,0.74,0.28,0.72,0.71,0.5039282
0.17,0.42,0.72,0.29,0.75,0.7,0.5039284
0.18,0.43,0.73,0.27,0.73,0.72,0.5039284
0.16,0.5,0.71,0.3,0.76,0.7,0.5039285
0.17,0.5,0.73,0.21,0.73,0.7,0.5039285
0.16,0.43,0.72,0.27,0.72,0.72,0.5039289
0.18,0.4,0.73,0.25,0.75,0.7,0.5039291
0.18,0.41,0.71,0.28,0.76,0.71,0.5039291
0.16,0.4,0.75,0.25,0.74,0.71,0.5039292
0.18,0.48,0.75,0.23,0.74,0.7,0.5039292
0.18,0.49,0.75,0.26,0.75,0.7,0.5039292
0.17,0.5,0.75,0.25,0.76,0.71,0.5039296
0.18,0.44,0.74,0.25,0.75,0.7,0.5039296
0.16,0.41,0.7,0.28,0.75,0.71,0.5039297
0.16,0.44,0.75,0.3,0.76,0.72,0.5039297
0.17,0.42,0.74,0.2,0.73,0.7,0.5039297
0.18,0.41,0.75,0.24,0.73,0.71,0.5039302
0.16,0.41,0.74,0.27,0.75,0.71,0.5039304
0.16,0.49,0.7,0.3,0.75,0.72,0.5039304
0.18,0.44,0.72,0.29,0.74,0.72,0.5039304
0.17,0.45,0.73,0.3,0.73,0.71,0.5039305
0.16,0.43,0.75,0.23,0.74,0.7,0.5039308
0.17,0.42,0.72,0.27,0.72,0.7,0.5039308
0.18,0.4,0.72,0.24,0.72,0.71,0.5039308
0.16,0.47,0.75,0.2,0.76,0.7,0.5039309
0.16,0.5,0.72,0.22,0.76,0.71,0.5039309
0.17,0.5,0.71,0.24,0.74,0.7,0.5039309
0.16,0.48,0.75,0.21,0.76,0.7,0.5039312
0.17,0.4,0.73,0.26,0.76,0.72,0.5039312
0.16,0.44,0.71,0.29,0.73,0.72,0.5039313
0.16,0.42,0.75,0.29,0.76,0.7,0.5039314
0.18,0.41,0.71,0.26,0.73,0.71,0.5039314
0.18,0.5,0.74,0.27,0.74,0.7,0.5039319
0.16,0.44,0.75,0.28,0.73,0.72,0.5039321
0.16,0.41,0.7,0.26,0.72,0.71,0.5039322
0.17,0.49,0.7,0.26,0.76,0.7,0.5039322
0.16,0.4,0.75,0.23,0.76,0.71,0.5039324
0.16,0.42,0.73,0.29,0.76,0.71,0.5039324
0.18,0.48,0.75,0.25,0.75,0.7,0.5039327
0.16,0.49,0.74,0.22,0.75,0.7,0.503933
0.17,0.43,0.71,0.29,0.73,0.7,0.503933
0.17,0.45,0.75,0.28,0.76,0.7,0.503933
0.17,0.41,0.74,0.28,0.76,0.7,0.5039331
0.17,0.43,0.75,0.2,0.75,0.71,0.5039331
0.18,0.44,0.75,0.26,0.72,0.7,0.5039332
0.17,0.42,0.74,0.22,0.74,0.7,0.5039333
0.16,0.41,0.74,0.25,0.72,0.71,0.5039334
0.18,0.42,0.7,0.28,0.74,0.71,0.5039334
0.16,0.5,0.75,0.2,0.73,0.7,0.5039338
0.17,0.46,0.75,0.2,0.73,0.7,0.5039338
0.18,0.45,0.75,0.3,0.75,0.72,0.5039339
0.18,0.49,0.73,0.29,0.76,0.7,0.5039342
0.16,0.45,0.74,0.3,0.74,0.72,0.5039344
0.17,0.4,0.73,0.24,0.73,0.72,0.5039344
0.18,0.41,0.75,0.25,0.73,0.71,0.5039344
0.16,0.42,0.73,0.27,0.73,0.71,0.5039347
0.17,0.43,0.75,0.28,0.73,0.7,0.5039347
0.18,0.44,0.74,0.27,0.76,0.7,0.5039348
0.18,0.42,0.74,0.27,0.74,0.71,0.5039349
0.18,0.4,0.73,0.27,0.76,0.7,0.5039352
0.16,0.43,0.75,0.25,0.75,0.7,0.5039355
0.16,0.49,0.7,0.3,0.76,0.72,0.5039355
0.17,0.41,0.72,0.26,0.74,0.72,0.5039355
0.16,0.5,0.73,0.23,0.74,0.7,0.5039356
0.18,0.45,0.71,0.29,0.72,0.72,0.5039357
0.16,0.4,0.71,0.28,0.76,0.7,0.5039358
0.16,0.49,0.72,0.25,0.76,0.7,0.5039359
0.17,0.43,0.75,0.22,0.76,0.71,0.503936
0.17,0.46,0.75,0.22,0.74,0.7,0.5039363
0.18,0.41,0.73,0.21,0.74,0.7,0.5039364
0.17,0.44,0.74,0.3,0.74,0.7,0.5039367
0.18,0.43,0.73,0.29,0.75,0.71,0.5039367
0.18,0.45,0.75,0.28,0.72,0.72,0.5039367
0.16,0.43,0.72,0.29,0.74,0.71,0.503937
0.18,0.48,0.75,0.27,0.76,0.7,0.5039371
0.17,0.42,0.71,0.28,0.75,0.72,0.5039376
0.17,0.49,0.75,0.28,0.76,0.7,0.5039376
0.17,0.42,0.74,0.24,0.75,0.7,0.5039379
0.18,0.5,0.72,0.3,0.75,0.7,0.5039379
0.16,0.4,0.71,0.26,0.73,0.7,0.5039381
0.18,0.4,0.72,0.26,0.74,0.7,0.5039382
0.18,0.49,0.74,0.21,0.76,0.71,0.5039382
0.17,0.42,0.75,0.27,0.75,0.72,0.5039386
0.18,0.46,0.74,0.3,0.73,0.72,0.5039387
0.18,0.42,0.75,0.2,0.72,0.71,0.5039389
0.18,0.44,0.75,0.28,0.73,0.7,0.5039391
0.18,0.42,0.74,0.21,0.76,0.71,0.5039392
0.18,0.43,0.73,0.27,0.72,0.71,0.5039394
0.16,0.5,0.71,0.26,0.75,0.7,0.5039395
0.16,0.46,0.73,0.3,0.72,0.72,0.5039397
0.18,0.45,0.74,0.21,0.74,0.7,0.5039397
0.18,0.41,0.71,0.28,0.75,0.7,0.5039398
0.18,0.49,0.7,0.2,0.74,0.7,0.50394
0.17,0.46,0.75,0.24,0.75,0.7,0.5039401
0.18,0.5,0.73,0.22,0.75,0.71,0.5039401
0.17,0.43,0.7,0.3,0.76,0.72,0.5039402
0.16,0.41,0.7,0.28,0.74,0.7,0.5039403
0.17,0.43,0.74,0.29,0.76,0.72,0.5039403
0.16,0.44,0.75,0.3,0.75,0.71,0.5039404
0.17,0.42,0.71,0.26,0.72,0.72,0.5039405
0.18,0.41,0.73,0.23,0.75,0.7,0.5039407
0.17,0.5,0.74,0.29,0.75,0.7,0.5039411
0.18,0.44,0.72,0.29,0.73,0.71,0.5039412
0.16,0.41,0.74,0.27,0.74,0.7,0.5039413
0.16,0.43,0.75,0.27,0.76,0.7,0.5039413
0.17,0.45,0.73,0.3,0.72,0.7,0.5039414
0.16,0.44,0.71,0.29,0.72,0.71,0.503942
0.17,0.4,0.73,0.26,0.75,0.71,0.503942
0.18,0.42,0.7,0.3,0.76,0.7,0.503942
0.17,0.42,0.75,0.25,0.72,0.7,0.5039421
0.18,0.42,0.75,0.22,0.73,0.71,0.5039421
0.17,0.42,0.75,0.25,0.72,0.72,0.5039422
0.16,0.4,0.74,0.21,0.74,0.7,0.5039423
0.17,0.43,0.7,0.28,0.73,0.72,0.5039425
0.18,0.41,0.71,0.26,0.72,0.7,0.5039425
0.18,0.5,0.71,0.25,0.76,0.71,0.5039426
0.18,0.45,0.74,0.23,0.75,0.7,0.5039428
0.16,0.44,0.75,0.28,0.72,0.71,0.503943
0.17,0.43,0.74,0.27,0.73,0.72,0.503943
0.18,0.46,0.75,0.21,0.76,0.71,0.5039431
0.16,0.42,0.73,0.29,0.75,0.7,0.5039432
0.17,0.42,0.74,0.26,0.76,0.7,0.5039433
0.18,0.48,0.74,0.24,0.76,0.7,0.5039434
0.17,0.41,0.72,0.28,0.76,0.71,0.5039437
0.18,0.49,0.75,0.22,0.74,0.7,0.5039437
0.17,0.48,0.71,0.21,0.76,0.7,0.5039442
0.18,0.42,0.7,0.28,0.73,0.7,0.5039442
0.16,0.44,0.75,0.21,0.74,0.7,0.5039444
0.17,0.46,0.75,0.26,0.76,0.7,0.5039445
0.18,0.45,0.75,0.3,0.74,0.71,0.5039447
0.18,0.41,0.74,0.24,0.72,0.7,0.5039448
0.17,0.44,0.73,0.29,0.74,0.72,0.5039449
0.16,0.41,0.75,0.21,0.76,0.71,0.503945
0.17,0.5,0.75,0.21,0.75,0.71,0.503945
0.16,0.45,0.74,0.3,0.73,0.71,0.5039452
0.17,0.4,0.73,0.24,0.72,0.71,0.5039453
0.18,0.45,0.75,0.24,0.72,0.7,0.5039455
0.16,0.4,0.7,0.27,0.76,0.72,0.5039456
0.18,0.49,0.73,0.25,0.75,0.7,0.5039456
0.18,0.5,0.74,0.23,0.73,0.7,0.5039456
0.16,0.42,0.73,0.27,0.72,0.7,0.5039458
0.18,0.41,0.73,0.25,0.76,0.7,0.5039458
0.16,0.4,0.74,0.26,0.76,0.72,0.503946
0.18,0.42,0.74,0.27,0.73,0.7,0.503946
0.17,0.41,0.72,0.26,0.73,0.71,0.5039462
0.18,0.42,0.75,0.24,0.74,0.71,0.5039463
0.17,0.49,0.7,0.22,0.75,0.7,0.5039466
0.18,0.45,0.74,0.25,0.76,0.7,0.5039468
0.17,0.5,0.73,0.24,0.76,0.71,0.5039469
0.16,0.4,0.74,0.23,0.75,0.7,0.5039471
0.17,0.5,0.71,0.2,0.73,0.7,0.5039472
0.18,0.4,0.71,0.25,0.74,0.72,0.5039476
0.18,0.43,0.73,0.29,0.74,0.7,0.5039476
0.16,0.43,0.72,0.29,0.73,0.7,0.5039479
0.17,0.43,0.74,0.2,0.74,0.7,0.503948
0.17,0.42,0.71,0.28,0.74,0.71,0.5039481
0.16,0.44,0.75,0.23,0.75,0.7,0.5039482
0.18,0.5,0.72,0.26,0.74,0.7,0.5039485
0.16,0.4,0.7,0.25,0.73,0.72,0.5039486
0.17,0.4,0.74,0.2,0.76,0.71,0.5039486
0.16,0.48,0.73,0.2,0.76,0.7,0.5039491
0.18,0.41,0.7,0.27,0.75,0.72,0.5039491
0.16,0.4,0.74,0.24,0.73,0.72,0.5039495
0.17,0.42,0.75,0.27,0.74,0.71,0.5039495
0.18,0.46,0.74,0.3,0.72,0.71,0.5039496
0.18,0.45,0.75,0.26,0.73,0.7,0.5039497
0.16,0.5,0.7,0.21,0.76,0.71,0.5039498
0.18,0.4,0.75,0.24,0.74,0.72,0.5039499
0.17,0.49,0.75,0.24,0.75,0.7,0.5039501
0.18,0.41,0.74,0.26,0.75,0.72,0.5039501
0.17,0.45,0.72,0.29,0.72,0.72,0.5039503
0.16,0.41,0.73,0.26,0.74,0.72,0.5039504
0.18,0.49,0.71,0.28,0.76,0.7,0.5039504
0.17,0.43,0.7,0.3,0.75,0.71,0.5039506
0.17,0.43,0.74,0.22,0.75,0.7,0.5039508
0.17,0.43,0.74,0.29,0.75,0.71,0.5039511
0.17,0.44,0.75,0.2,0.76,0.71,0.5039512
0.16,0.44,0.75,0.3,0.74,0.7,0.5039513
0.16,0.49,0.72,0.21,0.75,0.7,0.5039514
0.17,0.4,0.75,0.21,0.73,0.71,0.5039514
0.18,0.42,0.73,0.28,0.76,0.72,0.5039515
0.18,0.42,0.75,0.26,0.75,0.71,0.5039515
0.16,0.5,0.75,0.23,0.76,0.71,0.5039516
0.16,0.4,0.75,0.24,0.72,0.7,0.5039518
0.18,0.44,0.72,0.29,0.72,0.7,0.5039522
0.16,0.42,0.72,0.28,0.75,0.72,0.5039523
0.17,0.47,0.75,0.2,0.74,0.7,0.5039523
0.16,0.44,0.75,0.25,0.76,0.7,0.5039524
0.16,0.4,0.74,0.25,0.76,0.7,0.5039525
0.17,0.5,0.74,0.25,0.74,0.7,0.5039525
0.18,0.41,0.7,0.25,0.72,0.72,0.5039528
0.17,0.4,0.73,0.26,0.74,0.7,0.503953
0.17,0.46,0.75,0.3,0.73,0.72,0.503953
0.17,0.43,0.7,0.28,0.72,0.71,0.5039531
0.17,0.49,0.73,0.27,0.76,0.7,0.5039538
0.17,0.43,0.75,0.23,0.72,0.7,0.5039539
0.17,0.43,0.74,0.27,0.72,0.71,0.503954
0.16,0.5,0.71,0.22,0.74,0.7,0.5039541
0.18,0.5,0.7,0.29,0.75,0.7,0.5039541
0.16,0.49,0.7,0.24,0.76,0.7,0.5039542
0.18,0.42,0.73,0.21,0.75,0.7,0.5039542
0.17,0.47,0.75,0.22,0.75,0.7,0.5039544
0.17,0.41,0.72,0.28,0.75,0.7,0.5039545
0.18,0.42,0.73,0.26,0.73,0.72,0.5039545
0.18,0.41,0.74,0.24,0.72,0.72,0.5039546
0.16,0.43,0.71,0.3,0.76,0.72,0.5039548
0.16,0.43,0.75,0.29,0.76,0.72,0.5039548
0.17,0.43,0.74,0.24,0.76,0.7,0.5039549
0.18,0.45,0.75,0.28,0.74,0.7,0.5039551
0.18,0.4,0.71,0.27,0.76,0.71,0.5039552
0.17,0.4,0.75,0.23,0.74,0.71,0.5039553
0.16,0.42,0.72,0.26,0.72,0.72,0.5039554
0.18,0.45,0.75,0.3,0.73,0.7,0.5039557
0.17,0.44,0.73,0.29,0.73,0.71,0.5039559
0.18,0.43,0.72,0.28,0.74,0.72,0.5039559
0.18,0.43,0.75,0.2,0.73,0.71,0.503956
0.16,0.4,0.7,0.27,0.75,0.71,0.5039561
0.16,0.45,0.74,0.3,0.72,0.7,0.5039561
0.18,0.49,0.72,0.2,0.76,0.71,0.5039564
0.17,0.42,0.71,0.3,0.76,0.7,0.5039566
0.16,0.4,0.74,0.26,0.75,0.71,0.5039568
0.18,0.42,0.74,0.22,0.72,0.7,0.5039571
0.16,0.43,0.71,0.28,0.73,0.72,0.5039572
0.17,0.41,0.72,0.26,0.72,0.7,0.5039573
0.17,0.5,0.72,0.28,0.75,0.7,0.5039573
0.18,0.42,0.75,0.28,0.76,0.71,0.5039573
0.18,0.4,0.75,0.2,0.75,0.72,0.5039575
0.16,0.49,0.75,0.26,0.76,0.7,0.5039577
0.16,0.43,0.75,0.27,0.73,0.72,0.5039578
0.17,0.47,0.75,0.24,0.76,0.7,0.5039578
0.18,0.42,0.73,0.23,0.76,0.7,0.5039578
0.18,0.46,0.74,0.21,0.75,0.7,0.503958
0.18,0.44,0.71,0.3,0.75,0.72,0.5039581
0.16,0.41,0.73,0.28,0.76,0.71,0.5039584
0.17,0.43,0.75,0.25,0.73,0.7,0.5039584
0.18,0.4,0.71,0.25,0.73,0.71,0.5039586
0.18,0.5,0.71,0.21,0.75,0.71,0.5039586
0.18,0.43,0.75,0.22,0.74,0.71,0.5039589
0.17,0.42,0.71,0.28,0.73,0.7,0.503959
0.18,0.44,0.75,0.29,0.75,0.72,0.503959
0.16,0.4,0.7,0.25,0.72,0.71,0.5039592
0.18,0.46,0.75,0.22,0.72,0.7,0.5039592
0.16,0.44,0.74,0.29,0.74,0.72,0.5039596
0.16,0.44,0.7,0.3,0.74,0.72,0.5039597
0.18,0.41,0.7,0.27,0.74,0.71,0.5039597
0.16,0.41,0.74,0.21,0.75,0.7,0.5039598
0.18,0.48,0.74,0.2,0.75,0.7,0.50396
0.18,0.4,0.75,0.22,0.76,0.72,0.5039603
0.16,0.4,0.74,0.24,0.72,0.71,0.5039606
0.18,0.48,0.72,0.23,0.76,0.7,0.5039606
0.18,0.46,0.74,0.23,0.76,0.7,0.5039607
0.17,0.4,0.75,0.25,0.75,0.71,0.5039608
0.17,0.42,0.75,0.27,0.73,0.7,0.5039608
0.16,0.5,0.74,0.27,0.75,0.7,0.5039609
0.18,0.42,0.74,0.24,0.73,0.7,0.5039611
0.16,0.41,0.73,0.26,0.73,0.71,0.5039612
0.18,0.41,0.74,0.26,0.74,0.71,0.5039612
0.18,0.44,0.71,0.28,0.72,0.72,0.5039613
0.17,0.43,0.7,0.3,0.74,0.7,0.5039614
0.18,0.45,0.75,0.3,0.75,0.7,0.5039614
0.18,0.49,0.73,0.21,0.74,0.7,0.5039614
0.17,0.43,0.74,0.29,0.74,0.7,0.5039622
0.17,0.4,0.72,0.25,0.74,0.72,0.5039623
0.18,0.42,0.73,0.28,0.75,0.71,0.5039624
0.18,0.44,0.75,0.27,0.72,0.72,0.5039624
0.18,0.46,0.75,0.24,0.73,0.7,0.5039625
0.16,0.45,0.75,0.21,0.75,0.7,0.5039626
0.18,0.43,0.75,0.24,0.75,0.71,0.5039629
0.16,0.41,0.75,0.22,0.72,0.7,0.503963
0.16,0.42,0.72,0.28,0.74,0.71,0.503963
0.18,0.49,0.71,0.24,0.75,0.7,0.503963
0.17,0.5,0.73,0.2,0.75,0.71,0.5039632
0.17,0.4,0.73,0.2,0.75,0.7,0.5039634
0.18,0.45,0.7,0.3,0.73,0.72,0.5039634
0.18,0.5,0.72,0.22,0.73,0.7,0.5039635
0.17,0.41,0.71,0.27,0.75,0.72,0.5039638
0.18,0.45,0.74,0.29,0.73,0.72,0.5039638
0.17,0.43,0.75,0.27,0.74,0.7,0.5039639
0.17,0.46,0.75,0.3,0.72,0.71,0.5039639
0.18,0.5,0.74,0.26,0.76,0.71,0.503964
0.16,0.41,0.74,0.23,0.76,0.7,0.5039641
0.18,0.43,0.72,0.3,0.76,0.71,0.5039641
0.17,0.41,0.75,0.26,0.75,0.72,0.5039647
0.16,0.45,0.73,0.29,0.72,0.72,0.5039649
0.17,0.5,0.71,0.23,0.76,0.71,0.5039652
0.16,0.43,0.71,0.3,0.75,0.71,0.5039653
0.17,0.48,0.74,0.22,0.76,0.7,0.5039653
0.16,0.43,0.75,0.29,0.75,0.71,0.5039657
0.16,0.45,0.75,0.23,0.76,0.7,0.5039657
0.17,0.42,0.7,0.29,0.76,0.72,0.5039659
0.18,0.42,0.73,0.26,0.72,0.71,0.5039659
0.17,0.42,0.74,0.28,0.76,0.72,0.503966
0.18,0.5,0.7,0.25,0.74,0.7,0.5039661
0.17,0.4,0.74,0.21,0.72,0.7,0.5039662
0.17,0.44,0.74,0.2,0.75,0.7,0.5039662
0.18,0.42,0.74,0.26,0.74,0.7,0.5039662
0.18,0.4,0.71,0.27,0.75,0.7,0.5039663
0.18,0.46,0.75,0.26,0.74,0.7,0.5039665
0.16,0.5,0.72,0.3,0.76,0.7,0.5039667
0.17,0.49,0.75,0.2,0.74,0.7,0.5039668
0.16,0.4,0.7,0.27,0.74,0.7,0.5039669
0.17,0.4,0.73,0.22,0.76,0.7,0.5039669
0.17,0.44,0.73,0.29,0.72,0.7,0.503967
0.18,0.43,0.72,0.28,0.73,0.71,0.503967
0.17,0.44,0.75,0.21,0.72,0.7,0.5039672
0.17,0.41,0.71,0.25,0.72,0.72,0.5039673
0.17,0.49,0.73,0.23,0.75,0.7,0.5039674
0.18,0.43,0.75,0.26,0.76,0.71,0.5039675
0.16,0.41,0.75,0.24,0.73,0.7,0.5039676
0.17,0.41,0.75,0.21,0.74,0.71,0.5039678
0.16,0.4,0.74,0.26,0.74,0.7,0.5039679
0.16,0.43,0.71,0.28,0.72,0.71,0.503968
0.18,0.41,0.7,0.29,0.76,0.7,0.503968
0.17,0.5,0.74,0.21,0.73,0.7,0.5039683
0.17,0.44,0.74,0.22,0.76,0.7,0.5039686
0.17,0.42,0.7,0.27,0.73,0.72,0.5039688
0.18,0.44,0.71,0.3,0.74,0.71,0.5039688
0.16,0.43,0.75,0.27,0.72,0.71,0.5039691
0.17,0.41,0.75,0.24,0.72,0.72,0.5039691
0.17,0.42,0.74,0.26,0.73,0.72,0.5039691
0.16,0.41,0.73,0.28,0.75,0.7,0.5039692
0.17,0.43,0.75,0.29,0.75,0.7,0.5039698
0.18,0.4,0.71,0.25,0.72,0.7,0.5039698
0.16,0.5,0.73,0.22,0.76,0.71,0.5039699
0.17,0.4,0.72,0.27,0.76,0.71,0.5039699
0.18,0.44,0.75,0.29,0.74,0.71,0.50397
0.17,0.5,0.72,0.24,0.74,0.7,0.5039701
0.17,0.4,0.74,0.23,0.73,0.7,0.5039702
0.16,0.44,0.7,0.3,0.73,0.71,0.5039704
0.16,0.49,0.7,0.2,0.75,0.7,0.5039705
0.17,0.43,0.73,0.28,0.74,0.72,0.5039705
0.16,0.44,0.74,0.29,0.73,0.71,0.5039706
0.18,0.41,0.7,0.27,0.73,0.7,0.5039707
0.17,0.44,0.75,0.23,0.73,0.7,0.5039708
0.18,0.5,0.75,0.27,0.74,0.7,0.5039708
0.17,0.48,0.75,0.2,0.75,0.7,0.5039709
0.17,0.49,0.71,0.26,0.76,0.7,0.503971
0.18,0.43,0.74,0.2,0.72,0.7,0.5039711
0.16,0.42,0.72,0.3,0.76,0.7,0.5039713
0.18,0.46,0.75,0.28,0.75,0.7,0.5039714
0.17,0.41,0.75,0.23,0.75,0.71,0.5039718
0.18,0.42,0.74,0.28,0.75,0.7,0.5039719
0.18,0.4,0.74,0.2,0.74,0.71,0.5039721
0.16,0.41,0.73,0.26,0.72,0.7,0.5039724
0.16,0.49,0.75,0.22,0.75,0.7,0.5039724
0.18,0.43,0.73,0.21,0.76,0.7,0.5039724
0.17,0.44,0.72,0.3,0.75,0.72,0.5039726
0.18,0.49,0.74,0.29,0.76,0.7,0.5039726
0.18,0.41,0.74,0.26,0.73,0.7,0.5039727
0.16,0.41,0.75,0.26,0.74,0.7,0.5039732
0.17,0.4,0.72,0.25,0.73,0.71,0.5039733
0.18,0.42,0.73,0.28,0.74,0.7,0.5039736
0.18,0.44,0.75,0.2,0.74,0.71,0.5039738
0.16,0.42,0.72,0.28,0.73,0.7,0.5039739
0.18,0.43,0.74,0.22,0.73,0.7,0.503974
0.18,0.41,0.75,0.2,0.76,0.72,0.5039741
0.18,0.45,0.7,0.3,0.72,0.71,0.5039743
0.17,0.41,0.71,0.27,0.74,0.71,0.5039745
0.17,0.5,0.7,0.27,0.75,0.7,0.5039746
0.16,0.49,0.73,0.25,0.76,0.7,0.5039748
0.16,0.5,0.74,0.23,0.74,0.7,0.5039748
0.18,0.45,0.74,0.29,0.72,0.71,0.5039748
0.17,0.44,0.75,0.25,0.74,0.7,0.5039749
0.18,0.47,0.75,0.2,0.72,0.7,0.5039749
0.18,0.4,0.74,0.22,0.75,0.71,0.5039751
0.18,0.43,0.72,0.3,0.75,0.7,0.5039751
0.17,0.4,0.74,0.25,0.74,0.7,0.5039756
0.18,0.4,0.7,0.26,0.75,0.72,0.5039756
0.17,0.44,0.72,0.28,0.72,0.72,0.5039758
0.18,0.44,0.75,0.22,0.75,0.71,0.5039759
0.17,0.41,0.75,0.26,0.74,0.71,0.503976
0.16,0.43,0.71,0.3,0.74,0.7,0.5039762
0.18,0.47,0.74,0.21,0.76,0.7,0.5039763
0.18,0.5,0.73,0.3,0.75,0.7,0.5039763
0.17,0.42,0.7,0.29,0.75,0.71,0.5039765
0.16,0.42,0.75,0.2,0.72,0.7,0.5039766
0.17,0.41,0.75,0.25,0.76,0.71,0.5039767
0.18,0.4,0.74,0.25,0.75,0.72,0.5039768
0.18,0.47,0.75,0.22,0.73,0.7,0.5039768
0.16,0.43,0.75,0.29,0.74,0.7,0.5039769
0.17,0.42,0.74,0.28,0.75,0.71,0.5039769
0.16,0.4,0.73,0.25,0.74,0.72,0.5039773
0.18,0.46,0.75,0.3,0.76,0.7,0.5039773
0.16,0.42,0.74,0.21,0.76,0.7,0.5039775
0.18,0.41,0.73,0.27,0.76,0.72,0.5039775
0.18,0.49,0.75,0.21,0.76,0.71,0.5039775
0.18,0.43,0.74,0.24,0.74,0.7,0.5039778
0.17,0.45,0.71,0.3,0.73,0.72,0.5039779
0.16,0.5,0.72,0.26,0.75,0.7,0.5039782
0.17,0.45,0.75,0.29,0.73,0.72,0.5039782
0.18,0.43,0.72,0.28,0.72,0.7,0.5039782
0.16,0.41,0.72,0.27,0.75,0.72,0.5039785
0.17,0.43,0.73,0.3,0.76,0.71,0.5039785
0.18,0.5,0.74,0.22,0.75,0.71,0.5039791
0.18,0.48,0.7,0.22,0.76,0.7,0.5039792
0.17,0.5,0.75,0.29,0.75,0.7,0.5039794
0.18,0.4,0.74,0.24,0.76,0.71,0.5039794
0.18,0.44,0.75,0.24,0.76,0.71,0.5039795
0.17,0.42,0.7,0.27,0.72,0.71,0.5039796
0.18,0.47,0.75,0.24,0.74,0.7,0.5039797
0.16,0.42,0.75,0.22,0.73,0.7,0.5039799
0.17,0.44,0.75,0.27,0.75,0.7,0.5039799
0.18,0.49,0.71,0.2,0.74,0.7,0.5039799
0.18,0.44,0.71,0.3,0.73,0.7,0.50398
0.18,0.4,0.75,0.23,0.72,0.71,0.5039801
0.18,0.4,0.7,0.24,0.72,0.72,0.5039803
0.16,0.42,0.75,0.28,0.76,0.72,0.5039804
0.16,0.42,0.71,0.29,0.76,0.72,0.5039805
0.17,0.42,0.74,0.26,0.72,0.71,0.5039805
0.16,0.46,0.75,0.21,0.76,0.7,0.503981
0.17,0.4,0.72,0.27,0.75,0.7,0.503981
0.17,0.41,0.73,0.2,0.76,0.7,0.5039812
0.18,0.44,0.75,0.29,0.73,0.7,0.5039812
0.18,0.5,0.72,0.25,0.76,0.71,0.5039812
0.16,0.44,0.7,0.3,0.72,0.7,0.5039813
0.18,0.41,0.73,0.25,0.73,0.72,0.5039814
0.17,0.43,0.73,0.28,0.73,0.71,0.5039817
0.16,0.44,0.74,0.29,0.72,0.7,0.5039818
0.18,0.42,0.72,0.27,0.74,0.72,0.503982
0.16,0.41,0.72,0.25,0.72,0.72,0.5039823
0.18,0.4,0.74,0.23,0.72,0.72,0.5039823
0.18,0.43,0.74,0.26,0.75,0.7,0.5039823
0.18,0.5,0.7,0.21,0.73,0.7,0.5039824
0.17,0.41,0.71,0.29,0.76,0.7,0.5039826
0.17,0.41,0.74,0.21,0.73,0.7,0.503983
0.18,0.47,0.75,0.26,0.75,0.7,0.5039834
0.17,0.44,0.72,0.3,0.74,0.71,0.5039835
0.16,0.42,0.71,0.27,0.73,0.72,0.5039836
0.17,0.48,0.72,0.21,0.76,0.7,0.5039837
0.18,0.43,0.71,0.29,0.75,0.72,0.5039837
0.16,0.5,0.7,0.29,0.76,0.7,0.5039839
0.16,0.42,0.75,0.26,0.73,0.72,0.503984
0.16,0.42,0.75,0.24,0.74,0.7,0.5039841
0.17,0.4,0.72,0.25,0.72,0.7,0.5039845
0.18,0.43,0.75,0.28,0.75,0.72,0.5039845
0.17,0.45,0.74,0.2,0.76,0.7,0.5039846
0.16,0.4,0.73,0.27,0.76,0.71,0.5039847
0.17,0.42,0.75,0.21,0.75,0.71,0.5039847
0.18,0.49,0.74,0.25,0.75,0.7,0.5039847
0.17,0.45,0.75,0.21,0.73,0.7,0.5039848
0.18,0.5,0.75,0.23,0.73,0.7,0.503985
0.16,0.43,0.74,0.28,0.74,0.72,0.5039852
0.17,0.5,0.74,0.24,0.76,0.71,0.5039854
0.16,0.43,0.7,0.29,0.74,0.72,0.5039856
0.17,0.41,0.71,0.27,0.73,0.7,0.5039856
0.17,0.44,0.75,0.29,0.76,0.7,0.5039858
0.18,0.44,0.74,0.3,0.76,0.72,0.5039859
0.17,0.49,0.71,0.22,0.75,0.7,0.5039861
0.18,0.4,0.7,0.26,0.74,0.71,0.5039865
0.17,0.41,0.74,0.23,0.74,0.7,0.5039869
0.17,0.5,0.72,0.2,0.73,0.7,0.503987
0.18,0.43,0.75,0.27,0.72,0.7,0.503987
0.16,0.44,0.73,0.3,0.75,0.72,0.5039871
0.18,0.4,0.73,0.2,0.73,0.7,0.5039872
0.17,0.42,0.7,0.29,0.74,0.7,0.5039873
0.18,0.5,0.73,0.26,0.74,0.7,0.5039874
0.18,0.43,0.71,0.27,0.72,0.72,0.5039875
0.18,0.43,0.74,0.28,0.76,0.7,0.5039878
0.17,0.45,0.75,0.23,0.74,0.7,0.503988
0.18,0.47,0.75,0.28,0.76,0.7,0.503988
0.18,0.4,0.74,0.25,0.74,0.71,0.5039881
0.17,0.42,0.74,0.28,0.74,0.7,0.5039882
0.16,0.4,0.73,0.25,0.73,0.71,0.5039883
0.17,0.42,0.75,0.23,0.76,0.71,0.5039885
0.18,0.41,0.73,0.27,0.75,0.71,0.5039885
0.17,0.5,0.7,0.23,0.74,0.7,0.5039888
0.16,0.5,0.71,0.21,0.76,0.71,0.5039889
0.17,0.45,0.71,0.3,0.72,0.71,0.5039889
0.18,0.41,0.74,0.2,0.75,0.71,0.5039889
0.18,0.43,0.75,0.26,0.72,0.72,0.5039889
0.18,0.49,0.72,0.28,0.76,0.7,0.5039889
0.18,0.44,0.7,0.29,0.73,0.72,0.503989
0.16,0.48,0.74,0.2,0.76,0.7,0.5039891
0.18,0.44,0.74,0.2,0.73,0.7,0.5039891
0.16,0.42,0.75,0.26,0.75,0.7,0.5039892
0.17,0.45,0.75,0.29,0.72,0.71,0.5039893
0.16,0.41,0.72,0.27,0.74,0.71,0.5039894
0.18,0.44,0.74,0.28,0.73,0.72,0.5039894
0.17,0.43,0.73,0.3,0.75,0.7,0.5039896
0.18,0.42,0.72,0.29,0.76,0.71,0.5039899
0.18,0.4,0.73,0.22,0.74,0.7,0.5039903
0.17,0.4,0.71,0.26,0.75,0.72,0.5039904
0.16,0.44,0.73,0.28,0.72,0.72,0.5039906
0.16,0.49,0.73,0.21,0.75,0.7,0.5039909
0.18,0.45,0.73,0.3,0.74,0.72,0.5039909
0.18,0.44,0.74,0.22,0.74,0.7,0.5039912
0.16,0.42,0.71,0.29,0.75,0.71,0.5039913
0.17,0.4,0.75,0.25,0.75,0.72,0.5039914
0.16,0.42,0.75,0.28,0.75,0.71,0.5039915
0.17,0.45,0.75,0.25,0.75,0.7,0.5039916
0.17,0.5,0.75,0.25,0.74,0.7,0.5039916
0.18,0.45,0.75,0.2,0.75,0.71,0.5039916
0.17,0.41,0.74,0.25,0.75,0.7,0.5039917
0.18,0.41,0.74,0.22,0.76,0.71,0.5039917
0.17,0.41,0.7,0.28,0.76,0.72,0.5039921
0.17,0.41,0.74,0.27,0.76,0.72,0.5039921
0.17,0.49,0.74,0.27,0.76,0.7,0.5039924
0.18,0.41,0.75,0.21,0.72,0.71,0.5039924
0.16,0.45,0.72,0.3,0.73,0.72,0.5039925
0.18,0.5,0.71,0.29,0.75,0.7,0.5039927
0.18,0.41,0.73,0.25,0.72,0.71,0.5039929
0.18,0.48,0.75,0.2,0.73,0.7,0.5039929
0.17,0.43,0.73,0.28,0.72,0.7,0.503993
0.16,0.43,0.74,0.3,0.76,0.71,0.5039931
0.18,0.42,0.72,0.27,0.73,0.71,0.5039932
0.16,0.49,0.71,0.24,0.76,0.7,0.5039933
0.18,0.45,0.75,0.22,0.76,0.71,0.5039934
0.16,0.5,0.72,0.22,0.74,0.7,0.5039936
0.16,0.43,0.75,0.2,0.73,0.7,0.5039942
0.18,0.4,0.7,0.28,0.76,0.7,0.5039944
0.16,0.42,0.71,0.27,0.72,0.71,0.5039945
0.18,0.4,0.73,0.24,0.75,0.7,0.5039945
0.18,0.44,0.74,0.24,0.75,0.7,0.5039946
0.16,0.42,0.75,0.28,0.76,0.7,0.5039947
0.17,0.4,0.71,0.24,0.72,0.72,0.5039947
0.17,0.44,0.72,0.3,0.73,0.7,0.5039947
0.18,0.43,0.71,0.29,0.74,0.71,0.5039947
0.18,0.48,0.75,0.22,0.74,0.7,0.5039947
0.16,0.4,0.75,0.2,0.75,0.71,0.5039953
0.16,0.42,0.75,0.26,0.72,0.71,0.5039956
0.17,0.41,0.7,0.26,0.73,0.72,0.5039956
0.18,0.41,0.75,0.23,0.73,0.71,0.5039956
0.18,0.43,0.75,0.28,0.74,0.71,0.5039957
0.18,0.49,0.73,0.2,0.76,0.71,0.5039957
0.16,0.4,0.73,0.27,0.75,0.7,0.5039958
0.17,0.5,0.73,0.28,0.75,0.7,0.5039958
0.17,0.41,0.74,0.25,0.73,0.72,0.503996
0.17,0.45,0.75,0.27,0.76,0.7,0.5039961
0.16,0.43,0.7,0.29,0.73,0.71,0.5039964
0.16,0.43,0.74,0.28,0.73,0.71,0.5039964
0.17,0.42,0.73,0.27,0.74,0.72,0.5039966
0.18,0.46,0.72,0.3,0.72,0.72,0.5039966
0.16,0.5,0.7,0.25,0.75,0.7,0.5039967
0.17,0.4,0.75,0.23,0.72,0.72,0.5039969
0.16,0.43,0.75,0.22,0.74,0.7,0.503997
0.18,0.44,0.74,0.3,0.75,0.71,0.503997
0.17,0.41,0.74,0.27,0.76,0.7,0.5039971
0.18,0.48,0.75,0.24,0.75,0.7,0.5039972
0.16,0.41,0.72,0.29,0.76,0.7,0.5039973
0.18,0.4,0.7,0.26,0.73,0.7,0.5039977
0.18,0.5,0.72,0.21,0.75,0.71,0.5039977
0.18,0.44,0.75,0.25,0.72,0.7,0.5039981
0.16,0.4,0.75,0.22,0.76,0.71,0.5039982
0.16,0.44,0.73,0.3,0.74,0.71,0.5039982
0.17,0.43,0.72,0.29,0.75,0.72,0.5039982
0.18,0.44,0.74,0.26,0.76,0.7,0.5039986
0.16,0.5,0.75,0.27,0.75,0.7,0.5039995
0.16,0.4,0.73,0.25,0.72,0.7,0.5039997
0.18,0.5,0.7,0.24,0.76,0.71,0.5039997
0.18,0.4,0.73,0.26,0.76,0.7,0.5039998
0.18,0.41,0.75,0.25,0.74,0.71,0.5039999
0.18,0.41,0.73,0.27,0.74,0.7,0.504
0.18,0.48,0.73,0.23,0.76,0.7,0.504
0.17,0.42,0.74,0.21,0.74,0.7,0.5040001
0.18,0.44,0.7,0.29,0.72,0.71,0.5040001
0.17,0.44,0.75,0.3,0.76,0.72,0.5040002
0.16,0.41,0.72,0.27,0.73,0.7,0.5040005
0.18,0.48,0.75,0.26,0.76,0.7,0.5040005
0.18,0.44,0.74,0.28,0.72,0.71,0.5040006
0.16,0.43,0.75,0.24,0.75,0.7,0.5040007
0.18,0.42,0.72,0.29,0.75,0.7,0.5040011
0.18,0.49,0.74,0.21,0.74,0.7,0.5040011
0.17,0.4,0.71,0.26,0.74,0.71,0.5040014
0.17,0.43,0.72,0.27,0.72,0.72,0.504002
0.17,0.43,0.75,0.21,0.76,0.71,0.504002
0.18,0.45,0.73,0.3,0.73,0.71,0.504002
0.16,0.42,0.71,0.29,0.74,0.7,0.5040022
0.18,0.49,0.72,0.24,0.75,0.7,0.5040022
0.18,0.5,0.75,0.26,0.76,0.71,0.5040023
0.17,0.5,0.74,0.2,0.75,0.71,0.5040025
0.18,0.44,0.75,0.27,0.73,0.7,0.5040026
0.17,0.46,0.75,0.21,0.74,0.7,0.5040027
0.16,0.42,0.75,0.28,0.74,0.7,0.5040029
0.17,0.4,0.75,0.25,0.74,0.71,0.5040029
0.17,0.41,0.7,0.28,0.75,0.71,0.5040029
0.18,0.5,0.73,0.22,0.73,0.7,0.5040029
0.17,0.48,0.7,0.2,0.76,0.7,0.5040031
0.17,0.41,0.74,0.27,0.75,0.71,0.5040032
0.17,0.44,0.71,0.29,0.73,0.72,0.5040035
0.16,0.45,0.72,0.3,0.72,0.71,0.5040036
0.17,0.42,0.74,0.23,0.75,0.7,0.5040037
0.17,0.44,0.75,0.28,0.73,0.72,0.5040038
0.17,0.5,0.72,0.23,0.76,0.71,0.5040039
0.18,0.4,0.73,0.26,0.76,0.72,0.5040041
0.16,0.43,0.74,0.3,0.75,0.7,0.5040043
0.17,0.42,0.73,0.29,0.76,0.71,0.5040043
0.18,0.41,0.73,0.2,0.74,0.7,0.5040043
0.18,0.42,0.72,0.27,0.72,0.7,0.5040047
0.17,0.48,0.75,0.22,0.76,0.7,0.5040048
0.16,0.5,0.73,0.3,0.76,0.7,0.5040049
0.18,0.5,0.71,0.25,0.74,0.7,0.5040051
0.16,0.43,0.75,0.26,0.76,0.7,0.5040052
0.17,0.46,0.75,0.23,0.75,0.7,0.5040052
0.16,0.4,0.72,0.26,0.75,0.72,0.5040053
0.17,0.45,0.74,0.3,0.74,0.72,0.5040053
0.18,0.43,0.71,0.29,0.73,0.7,0.5040059
0.18,0.49,0.7,0.27,0.76,0.7,0.5040062
0.18,0.42,0.74,0.2,0.76,0.71,0.5040065
0.17,0.41,0.7,0.26,0.72,0.71,0.5040066
0.17,0.49,0.74,0.23,0.75,0.7,0.5040066
0.16,0.41,0.71,0.28,0.76,0.72,0.5040067
0.16,0.41,0.75,0.27,0.76,0.72,0.5040067
0.18,0.5,0.7,0.3,0.72,0.7,0.5040067
0.18,0.41,0.73,0.22,0.75,0.7,0.504007
0.18,0.45,0.74,0.2,0.74,0.7,0.504007
0.16,0.43,0.7,0.29,0.72,0.7,0.5040075
0.17,0.41,0.74,0.25,0.72,0.71,0.5040075
0.17,0.42,0.75,0.24,0.72,0.7,0.5040076
0.16,0.43,0.74,0.28,0.72,0.7,0.5040079
0.17,0.42,0.73,0.27,0.73,0.71,0.5040079
0.17,0.5,0.75,0.21,0.73,0.7,0.5040079
0.17,0.42,0.74,0.25,0.76,0.7,0.504008
0.18,0.44,0.75,0.29,0.74,0.7,0.5040082
0.18,0.44,0.74,0.3,0.74,0.7,0.5040083
0.18,0.42,0.75,0.21,0.73,0.71,0.5040084
0.16,0.5,0.74,0.22,0.76,0.71,0.5040087
0.17,0.46,0.75,0.25,0.76,0.7,0.5040087
0.18,0.41,0.72,0.26,0.74,0.72,0.5040087
0.18,0.45,0.74,0.22,0.75,0.7,0.5040088
0.18,0.4,0.73,0.24,0.73,0.72,0.5040089
0.17,0.4,0.71,0.28,0.76,0.7,0.5040091
0.17,0.5,0.73,0.24,0.74,0.7,0.5040092
0.17,0.43,0.72,0.29,0.74,0.71,0.5040093
0.18,0.46,0.75,0.2,0.76,0.71,0.5040094
0.16,0.44,0.73,0.3,0.73,0.7,0.5040095
0.17,0.49,0.72,0.26,0.76,0.7,0.5040097
0.16,0.4,0.72,0.24,0.72,0.72,0.5040098
0.18,0.42,0.71,0.28,0.75,0.72,0.5040098
0.16,0.49,0.71,0.2,0.75,0.7,0.5040102
0.16,0.41,0.71,0.26,0.73,0.72,0.5040104
0.16,0.4,0.74,0.2,0.74,0.7,0.5040105
0.18,0.42,0.75,0.27,0.75,0.72,0.5040106
0.18,0.49,0.75,0.29,0.76,0.7,0.5040108
0.16,0.41,0.75,0.25,0.73,0.72,0.504011
0.17,0.46,0.73,0.3,0.72,0.72,0.504011
0.18,0.41,0.73,0.24,0.76,0.7,0.504011
0.18,0.41,0.74,0.23,0.72,0.7,0.5040111
0.18,0.45,0.75,0.23,0.72,0.7,0.5040112
0.16,0.42,0.74,0.27,0.74,0.72,0.5040114
0.17,0.44,0.75,0.3,0.75,0.71,0.5040114
0.18,0.5,0.7,0.3,0.73,0.7,0.5040114
0.18,0.43,0.74,0.29,0.76,0.72,0.5040115
0.18,0.45,0.74,0.24,0.76,0.7,0.5040115
0.18,0.43,0.7,0.3,0.76,0.72,0.5040116
0.18,0.42,0.75,0.23,0.74,0.71,0.5040118
0.16,0.42,0.7,0.28,0.74,0.72,0.5040119
0.16,0.44,0.75,0.2,0.74,0.7,0.5040121
0.16,0.41,0.75,0.2,0.76,0.71,0.5040122
0.17,0.42,0.75,0.26,0.73,0.7,0.5040124
0.17,0.4,0.71,0.26,0.73,0.7,0.5040126
0.16,0.43,0.73,0.29,0.75,0.72,0.5040128
0.16,0.5,0.7,0.21,0.74,0.7,0.5040129
0.17,0.5,0.71,0.27,0.75,0.7,0.5040132
0.18,0.45,0.73,0.3,0.72,0.7,0.5040134
0.16,0.4,0.74,0.22,0.75,0.7,0.5040136
0.16,0.49,0.74,0.25,0.76,0.7,0.5040137
0.16,0.5,0.75,0.23,0.74,0.7,0.5040139
0.17,0.41,0.7,0.28,0.74,0.7,0.5040139
0.16,0.44,0.75,0.22,0.75,0.7,0.5040141
0.18,0.42,0.71,0.26,0.72,0.72,0.5040142
0.18,0.5,0.74,0.3,0.75,0.7,0.5040143
0.18,0.45,0.75,0.25,0.73,0.7,0.5040144
0.17,0.41,0.74,0.27,0.74,0.7,0.5040147
0.17,0.44,0.71,0.29,0.72,0.71,0.5040147
0.18,0.41,0.74,0.25,0.73,0.7,0.5040151
0.18,0.43,0.7,0.28,0.73,0.72,0.5040152
0.17,0.44,0.75,0.28,0.72,0.71,0.5040153
0.18,0.43,0.74,0.27,0.73,0.72,0.5040153
0.18,0.4,0.73,0.26,0.75,0.71,0.5040154
0.17,0.42,0.73,0.29,0.75,0.7,0.5040156
0.18,0.42,0.75,0.25,0.75,0.71,0.5040156
0.18,0.42,0.75,0.25,0.72,0.72,0.5040159
0.18,0.41,0.72,0.28,0.76,0.71,0.5040162
0.18,0.5,0.7,0.3,0.74,0.7,0.5040163
0.16,0.4,0.72,0.26,0.74,0.71,0.5040164
0.18,0.44,0.73,0.29,0.74,0.72,0.5040164
0.17,0.45,0.74,0.3,0.73,0.71,0.5040165
0.16,0.43,0.73,0.27,0.72,0.72,0.5040168
0.16,0.5,0.73,0.26,0.75,0.7,0.5040168
0.18,0.5,0.7,0.2,0.75,0.71,0.504017
0.16,0.44,0.75,0.24,0.76,0.7,0.5040174
0.17,0.43,0.74,0.21,0.75,0.7,0.5040176
0.16,0.41,0.71,0.28,0.75,0.71,0.5040177
0.16,0.4,0.75,0.23,0.72,0.7,0.5040178
0.16,0.41,0.75,0.27,0.75,0.71,0.5040179
0.16,0.4,0.74,0.24,0.76,0.7,0.504018
0.18,0.5,0.75,0.22,0.75,0.71,0.504018
0.16,0.44,0.72,0.29,0.73,0.72,0.5040182
0.18,0.45,0.75,0.27,0.74,0.7,0.5040185
0.18,0.48,0.71,0.22,0.76,0.7,0.5040185
0.17,0.4,0.7,0.27,0.76,0.72,0.5040187
0.17,0.4,0.74,0.26,0.76,0.72,0.5040187
0.16,0.42,0.74,0.29,0.76,0.71,0.5040188
0.17,0.4,0.75,0.2,0.73,0.71,0.5040191
0.17,0.42,0.73,0.27,0.72,0.7,0.5040195
0.16,0.42,0.7,0.3,0.76,0.71,0.5040196
0.18,0.5,0.73,0.25,0.76,0.71,0.5040196
0.16,0.45,0.75,0.3,0.74,0.72,0.5040198
0.18,0.49,0.72,0.2,0.74,0.7,0.5040198
0.18,0.41,0.72,0.26,0.73,0.71,0.50402
0.17,0.43,0.75,0.22,0.72,0.7,0.5040203
0.17,0.43,0.74,0.23,0.76,0.7,0.5040205
0.17,0.47,0.75,0.21,0.75,0.7,0.5040206
0.18,0.4,0.73,0.24,0.72,0.71,0.5040206
0.18,0.42,0.75,0.27,0.76,0.71,0.5040206
0.17,0.43,0.72,0.29,0.73,0.7,0.5040207
0.18,0.42,0.71,0.28,0.74,0.71,0.504021
0.18,0.49,0.7,0.23,0.75,0.7,0.504021
0.18,0.5,0.7,0.3,0.75,0.7,0.5040212
0.17,0.4,0.75,0.22,0.74,0.71,0.5040214
0.16,0.41,0.71,0.26,0.72,0.71,0.5040216
0.18,0.5,0.71,0.21,0.73,0.7,0.5040219
0.16,0.5,0.71,0.29,0.76,0.7,0.5040221
0.18,0.42,0.75,0.27,0.74,0.71,0.5040221
0.18,0.45,0.72,0.29,0.72,0.72,0.5040221
0.18,0.42,0.73,0.2,0.75,0.7,0.5040222
0.18,0.43,0.7,0.3,0.75,0.71,0.5040225
0.16,0.41,0.75,0.25,0.72,0.71,0.5040227
0.16,0.4,0.75,0.25,0.73,0.7,0.5040228
0.16,0.42,0.74,0.27,0.73,0.71,0.5040228
0.17,0.4,0.7,0.25,0.73,0.72,0.5040228
0.17,0.44,0.75,0.3,0.74,0.7,0.5040228
0.18,0.43,0.74,0.29,0.75,0.71,0.5040228
0.16,0.42,0.7,0.28,0.73,0.71,0.5040229
0.17,0.47,0.75,0.23,0.76,0.7,0.5040229
0.17,0.48,0.73,0.21,0.76,0.7,0.5040231
0.17,0.5,0.7,0.22,0.76,0.71,0.5040232
0.17,0.4,0.74,0.24,0.73,0.72,0.5040234
0.17,0.41,0.73,0.26,0.74,0.72,0.5040234
0.18,0.46,0.75,0.3,0.73,0.72,0.5040236
0.18,0.49,0.75,0.25,0.75,0.7,0.5040237
0.16,0.4,0.72,0.28,0.76,0.7,0.5040238
0.18,0.45,0.75,0.29,0.75,0.7,0.5040238
0.17,0.43,0.75,0.24,0.73,0.7,0.5040239
0.17,0.5,0.75,0.24,0.76,0.71,0.5040239
0.16,0.43,0.73,0.29,0.74,0.71,0.504024
0.18,0.42,0.74,0.21,0.72,0.7,0.504024
0.18,0.42,0.73,0.22,0.76,0.7,0.5040241
0.17,0.42,0.72,0.28,0.75,0.72,0.5040245
0.18,0.43,0.75,0.21,0.74,0.71,0.504025
0.18,0.46,0.74,0.2,0.75,0.7,0.504025
0.17,0.49,0.72,0.22,0.75,0.7,0.5040253
0.16,0.46,0.74,0.3,0.72,0.72,0.5040256
0.17,0.4,0.75,0.24,0.75,0.71,0.5040256
0.18,0.46,0.75,0.21,0.72,0.7,0.5040257
0.17,0.43,0.75,0.29,0.76,0.72,0.5040258
0.17,0.43,0.71,0.3,0.76,0.72,0.5040261
0.18,0.5,0.74,0.26,0.74,0.7,0.5040261
0.18,0.43,0.7,0.28,0.72,0.71,0.5040264
0.18,0.4,0.75,0.21,0.76,0.72,0.5040265
0.18,0.46,0.74,0.22,0.76,0.7,0.5040265
0.17,0.5,0.73,0.2,0.73,0.7,0.5040267
0.18,0.43,0.74,0.27,0.72,0.71,0.5040269
0.18,0.4,0.73,0.26,0.74,0.7,0.504027
0.18,0.49,0.73,0.28,0.76,0.7,0.5040272
0.18,0.42,0.74,0.23,0.73,0.7,0.5040273
0.18,0.41,0.72,0.28,0.75,0.7,0.5040275
0.16,0.4,0.72,0.26,0.73,0.7,0.5040277
0.16,0.41,0.74,0.2,0.75,0.7,0.5040277
0.16,0.5,0.72,0.21,0.76,0.71,0.5040278
0.18,0.44,0.73,0.29,0.73,0.71,0.5040278
0.17,0.45,0.74,0.3,0.72,0.7,0.504028
0.17,0.5,0.71,0.23,0.74,0.7,0.504028
0.18,0.43,0.75,0.23,0.75,0.71,0.504028
0.18,0.46,0.75,0.23,0.73,0.7,0.504028
0.17,0.43,0.75,0.26,0.74,0.7,0.5040281
0.17,0.49,0.7,0.25,0.76,0.7,0.5040281
0.17,0.42,0.72,0.26,0.72,0.72,0.5040287
0.18,0.42,0.71,0.3,0.76,0.7,0.5040287
0.16,0.41,0.71,0.28,0.74,0.7,0.5040288
0.16,0.48,0.75,0.2,0.76,0.7,0.5040289
0.16,0.41,0.75,0.27,0.74,0.7,0.5040295
0.16,0.44,0.72,0.29,0.72,0.71,0.5040296
0.17,0.4,0.7,0.27,0.75,0.71,0.5040297
0.17,0.43,0.71,0.28,0.73,0.72,0.5040298
0.17,0.43,0.75,0.27,0.73,0.72,0.5040299
0.16,0.45,0.75,0.2,0.75,0.7,0.50403
0.17,0.4,0.74,0.26,0.75,0.71,0.5040301
0.16,0.41,0.75,0.21,0.72,0.7,0.5040302
0.16,0.42,0.74,0.29,0.75,0.7,0.5040303
0.16,0.49,0.74,0.21,0.75,0.7,0.5040303
0.16,0.41,0.74,0.22,0.76,0.7,0.5040305
0.17,0.4,0.75,0.26,0.76,0.71,0.5040306
0.16,0.42,0.7,0.3,0.75,0.7,0.5040307
0.17,0.41,0.73,0.28,0.76,0.71,0.5040307
0.17,0.49,0.75,0.27,0.76,0.7,0.5040308
0.17,0.44,0.74,0.29,0.74,0.72,0.5040309
0.18,0.42,0.74,0.25,0.74,0.7,0.5040309
0.18,0.46,0.75,0.25,0.74,0.7,0.5040309
0.18,0.5,0.72,0.29,0.75,0.7,0.5040309
0.16,0.45,0.75,0.3,0.73,0.71,0.5040312
0.17,0.44,0.7,0.3,0.74,0.72,0.5040315
0.18,0.43,0.75,0.25,0.76,0.71,0.5040315
0.16,0.45,0.75,0.22,0.76,0.7,0.5040316
0.18,0.41,0.72,0.26,0.72,0.7,0.5040319
0.16,0.49,0.72,0.24,0.76,0.7,0.5040321
0.18,0.42,0.71,0.28,0.73,0.7,0.5040325
0.16,0.5,0.73,0.22,0.74,0.7,0.5040328
0.17,0.43,0.75,0.28,0.75,0.7,0.5040332
0.16,0.4,0.75,0.26,0.76,0.72,0.5040333
0.16,0.4,0.71,0.27,0.76,0.72,0.5040334
0.18,0.43,0.7,0.3,0.74,0.7,0.5040337
0.16,0.41,0.75,0.23,0.73,0.7,0.5040338
0.17,0.4,0.73,0.21,0.76,0.7,0.5040339
0.17,0.4,0.7,0.25,0.72,0.71,0.504034
0.17,0.5,0.74,0.28,0.75,0.7,0.5040341
0.16,0.42,0.7,0.28,0.72,0.7,0.5040342
0.18,0.43,0.74,0.29,0.74,0.7,0.5040343
0.16,0.42,0.74,0.27,0.72,0.7,0.5040345
0.17,0.4,0.74,0.2,0.72,0.7,0.5040346
0.17,0.41,0.73,0.26,0.73,0.71,0.5040348
0.18,0.46,0.75,0.27,0.75,0.7,0.5040348
0.17,0.44,0.75,0.2,0.72,0.7,0.5040349
0.18,0.46,0.75,0.3,0.72,0.71,0.504035
0.18,0.49,0.74,0.2,0.76,0.71,0.504035
0.17,0.4,0.74,0.24,0.72,0.71,0.5040351
0.16,0.5,0.71,0.25,0.75,0.7,0.5040353
0.17,0.41,0.75,0.2,0.74,0.71,0.5040353
0.17,0.44,0.74,0.21,0.76,0.7,0.5040354
0.16,0.43,0.73,0.29,0.73,0.7,0.5040356
0.17,0.42,0.72,0.28,0.74,0.71,0.5040356
0.18,0.42,0.74,0.27,0.75,0.7,0.5040358
0.18,0.4,0.72,0.25,0.74,0.72,0.5040361
0.18,0.41,0.71,0.27,0.75,0.72,0.5040364
0.17,0.45,0.73,0.29,0.72,0.72,0.5040366
0.18,0.5,0.73,0.21,0.75,0.71,0.5040367
0.17,0.44,0.75,0.22,0.73,0.7,0.504037
0.17,0.4,0.74,0.22,0.73,0.7,0.5040371
0.17,0.43,0.71,0.3,0.75,0.71,0.5040371
0.18,0.41,0.75,0.26,0.75,0.72,0.5040371
0.17,0.43,0.75,0.29,0.75,0.71,0.5040372
0.18,0.42,0.74,0.28,0.76,0.72,0.5040375
0.17,0.41,0.75,0.22,0.75,0.71,0.5040377
0.18,0.42,0.7,0.29,0.76,0.72,0.5040377
0.16,0.4,0.71,0.25,0.73,0.72,0.5040379
0.16,0.41,0.74,0.26,0.74,0.72,0.5040381
0.18,0.5,0.71,0.24,0.76,0.71,0.5040381
0.16,0.41,0.75,0.25,0.74,0.7,0.5040383
0.16,0.4,0.75,0.24,0.73,0.72,0.5040385
0.17,0.43,0.75,0.3,0.76,0.7,0.5040387
0.16,0.41,0.7,0.27,0.74,0.72,0.5040388
0.16,0.42,0.73,0.28,0.75,0.72,0.5040391
0.18,0.48,0.74,0.23,0.76,0.7,0.5040393
0.18,0.44,0.73,0.29,0.72,0.7,0.5040394
0.18,0.46,0.75,0.29,0.76,0.7,0.5040395
0.18,0.43,0.73,0.2,0.76,0.7,0.50404
0.18,0.5,0.7,0.3,0.72,0.71,0.50404
0.17,0.44,0.75,0.24,0.74,0.7,0.5040402
0.16,0.43,0.72,0.3,0.76,0.72,0.5040406
0.18,0.49,0.75,0.21,0.74,0.7,0.5040407
0.18,0.43,0.74,0.21,0.73,0.7,0.5040408
0.17,0.4,0.7,0.27,0.74,0.7,0.504041
0.17,0.4,0.74,0.24,0.74,0.7,0.5040411
0.17,0.43,0.71,0.28,0.72,0.71,0.5040411
0.18,0.42,0.74,0.29,0.76,0.7,0.5040411
0.18,0.49,0.73,0.24,0.75,0.7,0.5040412
0.17,0.41,0.75,0.24,0.76,0.71,0.5040415
0.18,0.41,0.71,0.25,0.72,0.72,0.5040416
0.17,0.43,0.75,0.27,0.72,0.71,0.5040417
0.17,0.5,0.75,0.2,0.75,0.71,0.5040417
0.17,0.4,0.74,0.26,0.74,0.7,0.5040418
0.18,0.4,0.74,0.21,0.75,0.71,0.5040419
0.18,0.42,0.7,0.27,0.73,0.72,0.504042
0.17,0.41,0.73,0.28,0.75,0.7,0.5040421
0.18,0.42,0.74,0.26,0.73,0.72,0.5040421
0.18,0.44,0.75,0.21,0.75,0.71,0.5040422
0.18,0.5,0.74,0.22,0.73,0.7,0.5040422
0.17,0.44,0.74,0.29,0.73,0.71,0.5040424
0.17,0.5,0.73,0.23,0.76,0.71,0.5040425
0.18,0.43,0.73,0.28,0.74,0.72,0.5040425
0.17,0.44,0.7,0.3,0.73,0.71,0.5040426
0.17,0.48,0.71,0.2,0.76,0.7,0.5040426
0.16,0.45,0.75,0.3,0.72,0.7,0.5040427
0.18,0.4,0.72,0.27,0.76,0.71,0.5040428
0.16,0.5,0.74,0.3,0.76,0.7,0.5040429
0.18,0.47,0.74,0.2,0.76,0.7,0.504043
0.16,0.41,0.75,0.27,0.75,0.7,0.5040432
0.17,0.42,0.72,0.3,0.76,0.7,0.5040432
0.18,0.41,0.75,0.24,0.72,0.72,0.5040433
0.18,0.47,0.75,0.21,0.73,0.7,0.5040433
0.18,0.44,0.72,0.3,0.75,0.72,0.5040435
0.18,0.43,0.74,0.23,0.74,0.7,0.5040436
0.16,0.42,0.73,0.26,0.72,0.72,0.5040437
0.17,0.44,0.75,0.26,0.75,0.7,0.5040439
0.18,0.5,0.72,0.25,0.74,0.7,0.5040439
0.18,0.44,0.75,0.23,0.76,0.71,0.5040443
0.16,0.4,0.71,0.27,0.75,0.71,0.5040445
0.16,0.43,0.72,0.28,0.73,0.72,0.5040445
0.18,0.5,0.7,0.3,0.73,0.71,0.5040445
0.18,0.49,0.71,0.27,0.76,0.7,0.5040446
0.16,0.4,0.75,0.26,0.75,0.71,0.5040448
0.18,0.4,0.74,0.23,0.76,0.71,0.5040448
0.17,0.49,0.7,0.21,0.75,0.7,0.504045
0.18,0.47,0.75,0.23,0.74,0.7,0.504045
0.16,0.41,0.74,0.28,0.76,0.71,0.5040453
0.16,0.42,0.74,0.2,0.76,0.7,0.5040453
0.16,0.44,0.75,0.29,0.74,0.72,0.5040455
0.17,0.49,0.75,0.23,0.75,0.7,0.5040459
0.16,0.41,0.7,0.29,0.76,0.71,0.504046
0.17,0.4,0.74,0.26,0.75,0.7,0.504046
0.16,0.44,0.71,0.3,0.74,0.72,0.5040461
0.17,0.41,0.73,0.26,0.72,0.7,0.5040467
0.18,0.4,0.75,0.22,0.72,0.71,0.5040467
0.16,0.42,0.75,0.21,0.73,0.7,0.504047
0.18,0.43,0.74,0.25,0.75,0.7,0.504047
0.17,0.42,0.72,0.28,0.73,0.7,0.5040472
0.16,0.5,0.75,0.22,0.76,0.71,0.5040473
0.18,0.4,0.72,0.25,0.73,0.71,0.5040476
0.18,0.47,0.75,0.25,0.75,0.7,0.5040476
0.16,0.5,0.7,0.2,0.76,0.71,0.5040478
0.18,0.41,0.71,0.27,0.74,0.71,0.5040478
0.16,0.46,0.75,0.2,0.76,0.7,0.5040481
0.17,0.5,0.74,0.24,0.74,0.7,0.5040481
0.18,0.44,0.72,0.28,0.72,0.72,0.5040482
0.18,0.5,0.7,0.28,0.75,0.7,0.5040482
0.17,0.49,0.73,0.26,0.76,0.7,0.5040483
0.17,0.43,0.71,0.3,0.74,0.7,0.5040484
0.17,0.43,0.75,0.29,0.74,0.7,0.5040488
0.17,0.44,0.75,0.28,0.76,0.7,0.5040488
0.18,0.42,0.7,0.29,0.75,0.71,0.5040488
0.18,0.41,0.75,0.26,0.74,0.71,0.504049
0.18,0.42,0.74,0.28,0.75,0.71,0.504049
0.18,0.5,0.7,0.3,0.74,0.71,0.5040491
0.16,0.4,0.71,0.25,0.72,0.71,0.5040492
0.18,0.45,0.75,0.29,0.73,0.72,0.5040492
0.18,0.45,0.71,0.3,0.73,0.72,0.5040494
0.16,0.41,0.74,0.26,0.73,0.71,0.5040497
0.16,0.49,0.72,0.2,0.75,0.7,0.5040497
0.18,0.43,0.73,0.3,0.76,0.71,0.5040497
0.18,0.4,0.75,0.24,0.73,0.71,0.5040499
0.16,0.41,0.7,0.27,0.73,0.71,0.5040501
0.16,0.42,0.75,0.23,0.74,0.7,0.5040502
0.16,0.4,0.75,0.24,0.72,0.71,0.5040503
0.16,0.42,0.73,0.28,0.74,0.71,0.5040504
0.17,0.4,0.73,0.25,0.74,0.72,0.5040507
0.17,0.41,0.72,0.27,0.75,0.72,0.5040511
0.17,0.41,0.74,0.2,0.73,0.7,0.5040511
0.18,0.47,0.75,0.27,0.76,0.7,0.5040511
0.16,0.45,0.74,0.29,0.72,0.72,0.5040512
0.18,0.43,0.74,0.27,0.76,0.7,0.5040514
0.18,0.43,0.75,0.26,0.72,0.7,0.5040515
0.16,0.49,0.7,0.23,0.76,0.7,0.5040516
0.17,0.5,0.72,0.27,0.75,0.7,0.5040516
0.16,0.43,0.72,0.3,0.75,0.71,0.5040518
0.17,0.42,0.75,0.28,0.76,0.72,0.5040518
0.17,0.42,0.75,0.2,0.75,0.71,0.504052
0.18,0.5,0.75,0.3,0.75,0.7,0.5040522
0.17,0.42,0.71,0.29,0.76,0.72,0.5040523
0.16,0.5,0.71,0.21,0.74,0.7,0.5040524
0.16,0.45,0.7,0.3,0.72,0.72,0.5040525
0.16,0.49,0.75,0.25,0.76,0.7,0.5040525
0.17,0.45,0.75,0.2,0.73,0.7,0.5040525
0.17,0.5,0.7,0.3,0.72,0.7,0.5040532
0.18,0.42,0.7,0.27,0.72,0.71,0.5040533
0.17,0.41,0.74,0.22,0.74,0.7,0.5040535
0.18,0.5,0.7,0.3,0.75,0.71,0.5040537
0.17,0.45,0.75,0.22,0.74,0.7,0.5040539
0.16,0.42,0.75,0.25,0.75,0.7,0.504054
0.17,0.44,0.7,0.3,0.72,0.7,0.504054
0.17,0.42,0.75,0.22,0.76,0.71,0.5040541
0.17,0.44,0.74,0.29,0.72,0.7,0.5040541
0.18,0.42,0.74,0.26,0.72,0.71,0.5040541
0.18,0.43,0.73,0.28,0.73,0.71,0.5040541
0.18,0.4,0.72,0.27,0.75,0.7,0.5040544
0.18,0.44,0.72,0.3,0.74,0.71,0.504055
0.18,0.41,0.71,0.29,0.76,0.7,0.5040551
0.16,0.5,0.74,0.26,0.75,0.7,0.5040553
0.16,0.4,0.71,0.27,0.74,0.7,0.504056
0.16,0.43,0.72,0.28,0.72,0.71,0.504056
0.17,0.41,0.72,0.25,0.72,0.72,0.504056
0.18,0.5,0.71,0.2,0.75,0.71,0.5040561
0.18,0.43,0.75,0.28,0.73,0.7,0.5040563
0.17,0.42,0.71,0.27,0.73,0.72,0.5040566
0.17,0.42,0.75,0.26,0.73,0.72,0.5040567
0.17,0.45,0.75,0.24,0.75,0.7,0.5040567
0.16,0.41,0.74,0.28,0.75,0.7,0.5040568
0.17,0.43,0.74,0.28,0.74,0.72,0.504057
0.16,0.44,0.75,0.29,0.73,0.71,0.5040571
0.17,0.41,0.74,0.24,0.75,0.7,0.5040572
0.16,0.41,0.7,0.29,0.75,0.7,0.5040573
0.16,0.44,0.71,0.3,0.73,0.71,0.5040573
0.17,0.4,0.73,0.27,0.76,0.71,0.5040574
0.18,0.48,0.72,0.22,0.76,0.7,0.5040576
0.16,0.42,0.73,0.3,0.76,0.7,0.5040577
0.17,0.43,0.7,0.29,0.74,0.72,0.5040577
0.18,0.4,0.73,0.21,0.74,0.7,0.5040577
0.17,0.5,0.7,0.3,0.73,0.7,0.5040579
0.18,0.5,0.74,0.25,0.76,0.71,0.5040579
0.17,0.44,0.73,0.3,0.75,0.72,0.504058
0.18,0.41,0.74,0.21,0.76,0.71,0.5040581
0.18,0.44,0.74,0.21,0.74,0.7,0.5040582
0.18,0.5,0.7,0.3,0.76,0.71,0.5040584
0.16,0.42,0.75,0.27,0.76,0.7,0.5040587
0.18,0.41,0.71,0.27,0.73,0.7,0.5040595
0.18,0.45,0.75,0.21,0.76,0.71,0.5040595
0.18,0.49,0.73,0.2,0.74,0.7,0.5040595
0.18,0.4,0.72,0.25,0.72,0.7,0.5040596
0.17,0.45,0.75,0.26,0.76,0.7,0.50406
0.18,0.41,0.75,0.2,0.72,0.71,0.50406
0.18,0.49,0.71,0.23,0.75,0.7,0.50406
0.16,0.5,0.72,0.29,0.76,0.7,0.5040601
0.18,0.44,0.74,0.23,0.75,0.7,0.5040602
0.18,0.42,0.7,0.29,0.74,0.7,0.5040603
0.18,0.4,0.73,0.23,0.75,0.7,0.5040607
0.18,0.42,0.74,0.28,0.74,0.7,0.5040607
0.18,0.45,0.75,0.29,0.72,0.71,0.5040608
0.18,0.48,0.75,0.21,0.74,0.7,0.5040608
0.18,0.45,0.71,0.3,0.72,0.71,0.5040609
0.18,0.43,0.73,0.3,0.75,0.7,0.5040613
0.18,0.5,0.72,0.21,0.73,0.7,0.5040613
0.16,0.41,0.7,0.27,0.72,0.7,0.5040616
0.17,0.41,0.74,0.26,0.76,0.7,0.5040616
0.16,0.41,0.74,0.26,0.72,0.7,0.5040618
0.18,0.41,0.75,0.22,0.73,0.71,0.5040618
0.17,0.5,0.71,0.22,0.76,0.71,0.5040619
0.16,0.42,0.73,0.28,0.73,0.7,0.5040621
0.17,0.4,0.73,0.25,0.73,0.71,0.5040622
0.17,0.41,0.75,0.25,0.72,0.7,0.5040623
0.17,0.41,0.72,0.27,0.74,0.71,0.5040624
0.18,0.48,0.75,0.23,0.75,0.7,0.5040624
0.17,0.5,0.7,0.3,0.74,0.7,0.5040625
0.17,0.48,0.74,0.21,0.76,0.7,0.5040626
0.17,0.44,0.73,0.28,0.72,0.72,0.5040627
0.18,0.5,0.7,0.24,0.74,0.7,0.5040628
0.16,0.43,0.72,0.3,0.74,0.7,0.5040632
0.18,0.44,0.74,0.25,0.76,0.7,0.5040633
0.17,0.42,0.71,0.29,0.75,0.71,0.5040634
0.17,0.42,0.75,0.28,0.75,0.71,0.5040635
0.18,0.4,0.71,0.26,0.75,0.72,0.5040635
0.16,0.43,0.75,0.21,0.74,0.7,0.5040638
0.17,0.45,0.72,0.3,0.73,0.72,0.5040638
0.18,0.44,0.75,0.24,0.72,0.7,0.5040638
0.17,0.43,0.74,0.3,0.76,0.71,0.504064
0.18,0.41,0.74,0.27,0.76,0.72,0.504064
0.18,0.4,0.75,0.25,0.75,0.72,0.5040643
0.18,0.41,0.7,0.28,0.76,0.72,0.5040643
0.17,0.49,0.73,0.22,0.75,0.7,0.5040644
0.18,0.48,0.75,0.25,0.76,0.7,0.5040646
0.18,0.4,0.73,0.25,0.76,0.7,0.5040648
0.18,0.41,0.75,0.24,0.74,0.71,0.5040648
0.18,0.5,0.75,0.26,0.74,0.7,0.5040648
0.16,0.4,0.75,0.21,0.76,0.71,0.5040649
0.18,0.49,0.74,0.28,0.76,0.7,0.5040653
0.16,0.4,0.74,0.25,0.74,0.72,0.5040657
0.16,0.41,0.73,0.27,0.75,0.72,0.5040658
0.18,0.4,0.74,0.24,0.72,0.7,0.5040658
0.18,0.43,0.73,0.28,0.72,0.7,0.5040659
0.16,0.4,0.7,0.26,0.74,0.72,0.504066
0.17,0.5,0.74,0.2,0.73,0.7,0.5040664
0.16,0.43,0.75,0.23,0.75,0.7,0.5040666
0.16,0.5,0.73,0.21,0.76,0.71,0.5040666
0.17,0.49,0.71,0.25,0.76,0.7,0.5040666
0.18,0.44,0.72,0.3,0.73,0.7,0.5040667
0.16,0.42,0.72,0.29,0.76,0.72,0.5040668
0.17,0.5,0.72,0.23,0.74,0.7,0.504067
0.18,0.44,0.75,0.26,0.73,0.7,0.504067
0.17,0.5,0.7,0.3,0.75,0.7,0.5040673
0.17,0.42,0.71,0.27,0.72,0.71,0.504068
0.17,0.42,0.74,0.2,0.74,0.7,0.5040681
0.17,0.43,0.74,0.28,0.73,0.71,0.5040687
0.17,0.42,0.75,0.26,0.72,0.71,0.5040688
0.16,0.44,0.75,0.29,0.72,0.7,0.5040689
0.18,0.42,0.73,0.27,0.74,0.72,0.5040689
0.16,0.44,0.71,0.3,0.72,0.7,0.504069
0.17,0.43,0.7,0.29,0.73,0.71,0.504069
0.18,0.5,0.73,0.29,0.75,0.7,0.504069
0.17,0.4,0.73,0.27,0.75,0.7,0.5040691
0.18,0.41,0.75,0.26,0.75,0.71,0.5040691
0.18,0.41,0.7,0.26,0.73,0.72,0.5040692
0.17,0.43,0.75,0.2,0.76,0.71,0.5040693
0.18,0.41,0.74,0.25,0.73,0.72,0.5040695
0.16,0.49,0.75,0.21,0.75,0.7,0.5040696
0.17,0.41,0.72,0.29,0.76,0.7,0.5040696
0.17,0.44,0.73,0.3,0.74,0.71,0.5040696
0.18,0.4,0.71,0.24,0.72,0.72,0.5040697
0.18,0.43,0.72,0.29,0.75,0.72,0.5040697
0.16,0.43,0.75,0.25,0.76,0.7,0.5040699
0.17,0.46,0.75,0.2,0.74,0.7,0.5040699
0.17,0.42,0.74,0.22,0.75,0.7,0.50407
0.17,0.5,0.7,0.26,0.75,0.7,0.5040701
0.18,0.44,0.75,0.3,0.76,0.72,0.5040704
0.16,0.49,0.73,0.24,0.76,0.7,0.5040709
0.16,0.41,0.73,0.25,0.72,0.72,0.5040711
0.17,0.46,0.75,0.22,0.75,0.7,0.5040711
0.16,0.42,0.72,0.27,0.73,0.72,0.5040713
0.18,0.4,0.75,0.23,0.72,0.72,0.5040715
0.18,0.44,0.75,0.28,0.74,0.7,0.5040715
0.16,0.43,0.75,0.28,0.74,0.72,0.5040716
0.16,0.5,0.74,0.22,0.74,0.7,0.5040718
0.16,0.4,0.74,0.27,0.76,0.71,0.5040721
0.17,0.5,0.7,0.3,0.76,0.7,0.5040721
0.17,0.5,0.75,0.28,0.75,0.7,0.5040722
0.16,0.43,0.71,0.29,0.74,0.72,0.5040724
0.16,0.44,0.74,0.3,0.75,0.72,0.5040725
0.16,0.4,0.7,0.28,0.76,0.71,0.5040729
0.17,0.42,0.74,0.24,0.76,0.7,0.5040732
0.18,0.5,0.7,0.3,0.72,0.72,0.5040733
0.17,0.46,0.75,0.24,0.76,0.7,0.5040734
0.16,0.5,0.72,0.25,0.75,0.7,0.5040739
0.17,0.42,0.75,0.23,0.72,0.7,0.5040739
0.18,0.41,0.73,0.21,0.75,0.7,0.5040741
0.18,0.49,0.75,0.2,0.76,0.71,0.5040742
0.17,0.41,0.72,0.27,0.73,0.7,0.5040743
0.17,0.4,0.73,0.25,0.72,0.7,0.5040744
0.18,0.43,0.72,0.27,0.72,0.72,0.5040748
0.17,0.42,0.71,0.29,0.74,0.7,0.504075
0.18,0.4,0.71,0.26,0.74,0.71,0.5040751
0.17,0.42,0.75,0.28,0.74,0.7,0.5040753
0.18,0.44,0.75,0.28,0.73,0.72,0.5040753
0.17,0.45,0.72,0.3,0.72,0.71,0.5040754
0.18,0.44,0.71,0.29,0.73,0.72,0.5040754
0.18,0.5,0.74,0.21,0.75,0.71,0.5040755
0.18,0.41,0.7,0.28,0.75,0.71,0.5040756
0.18,0.45,0.74,0.21,0.75,0.7,0.5040756
0.18,0.41,0.74,0.27,0.75,0.71,0.5040757
0.18,0.42,0.75,0.2,0.73,0.71,0.5040757
0.17,0.43,0.74,0.3,0.75,0.7,0.5040758
0.18,0.45,0.74,0.3,0.74,0.72,0.5040758
0.18,0.42,0.73,0.29,0.76,0.71,0.504076
0.18,0.5,0.72,0.24,0.76,0.71,0.5040764
0.18,0.44,0.75,0.3,0.75,0.7,0.5040766
0.18,0.41,0.73,0.23,0.76,0.7,0.5040768
0.18,0.45,0.74,0.23,0.76,0.7,0.5040771
0.16,0.41,0.73,0.27,0.74,0.71,0.5040772
0.16,0.4,0.74,0.25,0.73,0.71,0.5040773
0.16,0.44,0.74,0.28,0.72,0.72,0.5040774
0.17,0.42,0.75,0.25,0.73,0.7,0.5040774
0.18,0.45,0.75,0.22,0.72,0.7,0.5040774
0.18,0.48,0.7,0.21,0.76,0.7,0.5040774
0.18,0.5,0.7,0.3,0.73,0.72,0.5040775
0.16,0.4,0.7,0.26,0.73,0.71,0.5040776
0.18,0.42,0.75,0.22,0.74,0.71,0.5040776
0.18,0.41,0.74,0.22,0.72,0.7,0.504078
0.16,0.42,0.72,0.29,0.75,0.71,0.5040781
0.17,0.4,0.72,0.26,0.75,0.72,0.5040783
0.16,0.45,0.73,0.3,0.73,0.72,0.5040784
0.17,0.41,0.75,0.27,0.76,0.72,0.5040784
0.16,0.43,0.75,0.3,0.76,0.71,0.5040785
0.16,0.44,0.7,0.29,0.72,0.72,0.5040785
0.16,0.5,0.7,0.28,0.76,0.7,0.5040786
0.17,0.41,0.71,0.28,0.76,0.72,0.5040789
0.18,0.45,0.75,0.24,0.73,0.7,0.5040798
0.18,0.49,0.74,0.24,0.75,0.7,0.5040802
0.18,0.42,0.75,0.24,0.75,0.71,0.5040805
0.17,0.43,0.74,0.28,0.72,0.7,0.5040806
0.17,0.43,0.7,0.29,0.72,0.7,0.5040807
0.16,0.5,0.75,0.3,0.76,0.7,0.5040808
0.18,0.41,0.7,0.26,0.72,0.71,0.5040808
0.18,0.42,0.73,0.27,0.73,0.71,0.5040808
0.16,0.4,0.74,0.21,0.75,0.7,0.5040809
0.17,0.5,0.74,0.23,0.76,0.71,0.5040809
0.18,0.41,0.74,0.24,0.73,0.7,0.5040809
0.16,0.44,0.75,0.21,0.75,0.7,0.504081
0.18,0.5,0.7,0.2,0.73,0.7,0.5040812
0.17,0.44,0.73,0.3,0.73,0.7,0.5040813
0.18,0.43,0.72,0.29,0.74,0.71,0.5040813
0.18,0.5,0.75,0.22,0.73,0.7,0.5040815
0.18,0.41,0.74,0.25,0.72,0.71,0.5040817
0.17,0.42,0.75,0.27,0.74,0.7,0.5040818
0.18,0.5,0.7,0.3,0.74,0.72,0.5040819
0.17,0.48,0.72,0.2,0.76,0.7,0.504082
0.18,0.46,0.73,0.3,0.72,0.72,0.504082
0.18,0.4,0.71,0.28,0.76,0.7,0.5040821
0.18,0.44,0.75,0.3,0.75,0.71,0.5040821
0.18,0.5,0.73,0.25,0.74,0.7,0.5040826
0.18,0.45,0.75,0.26,0.74,0.7,0.5040827
0.16,0.42,0.72,0.27,0.72,0.71,0.5040829
0.18,0.49,0.72,0.27,0.76,0.7,0.5040829
0.16,0.44,0.75,0.23,0.76,0.7,0.5040831
0.16,0.43,0.75,0.28,0.73,0.71,0.5040834
0.17,0.42,0.74,0.27,0.74,0.72,0.5040835
0.16,0.43,0.71,0.29,0.73,0.71,0.5040838
0.17,0.41,0.71,0.26,0.73,0.72,0.5040838
0.16,0.4,0.74,0.27,0.75,0.7,0.5040839
0.17,0.41,0.75,0.25,0.73,0.72,0.504084
0.17,0.4,0.72,0.24,0.72,0.72,0.5040841
0.17,0.43,0.73,0.29,0.75,0.72,0.5040841
0.16,0.4,0.74,0.23,0.76,0.7,0.5040842
0.16,0.41,0.73,0.29,0.76,0.7,0.5040842
0.16,0.44,0.74,0.3,0.74,0.71,0.5040842
0.17,0.49,0.71,0.21,0.75,0.7,0.5040842
0.18,0.42,0.75,0.26,0.76,0.71,0.5040843
0.16,0.4,0.7,0.28,0.75,0.7,0.5040844
0.17,0.42,0.7,0.28,0.74,0.72,0.5040845
0.16,0.4,0.75,0.22,0.72,0.7,0.5040849
0.18,0.41,0.74,0.26,0.74,0.7,0.504085
0.17,0.43,0.74,0.2,0.75,0.7,0.5040855
0.18,0.5,0.7,0.3,0.75,0.72,0.5040864
0.17,0.5,0.7,0.3,0.72,0.71,0.5040865
0.18,0.5,0.71,0.28,0.75,0.7,0.5040865
0.16,0.5,0.71,0.2,0.76,0.71,0.5040867
0.17,0.49,0.74,0.26,0.76,0.7,0.5040867
0.17,0.43,0.74,0.22,0.76,0.7,0.5040868
0.18,0.45,0.75,0.28,0.75,0.7,0.5040868
0.17,0.5,0.7,0.22,0.74,0.7,0.5040869
0.17,0.5,0.75,0.24,0.74,0.7,0.504087
0.18,0.4,0.71,0.26,0.73,0.7,0.504087
0.18,0.44,0.71,0.29,0.72,0.71,0.5040871
0.18,0.44,0.75,0.28,0.72,0.71,0.5040871
0.17,0.43,0.75,0.21,0.72,0.7,0.5040873
0.18,0.41,0.7,0.28,0.74,0.7,0.5040873
0.17,0.47,0.75,0.2,0.75,0.7,0.5040876
0.18,0.45,0.74,0.3,0.73,0.71,0.5040876
0.18,0.41,0.74,0.27,0.74,0.7,0.5040877
0.18,0.42,0.73,0.29,0.75,0.7,0.5040878
0.17,0.4,0.75,0.21,0.74,0.71,0.5040885
0.17,0.47,0.75,0.22,0.76,0.7,0.5040885
0.16,0.4,0.75,0.24,0.73,0.7,0.5040886
0.16,0.49,0.73,0.2,0.75,0.7,0.5040891
0.16,0.41,0.73,0.27,0.73,0.7,0.5040892
0.16,0.4,0.7,0.26,0.72,0.7,0.5040893
0.17,0.43,0.73,0.27,0.72,0.72,0.5040893
0.16,0.4,0.74,0.25,0.72,0.7,0.5040896
0.16,0.42,0.72,0.29,0.74,0.7,0.5040897
0.17,0.4,0.72,0.26,0.74,0.71,0.5040898
0.17,0.5,0.73,0.27,0.75,0.7,0.5040898
0.17,0.43,0.75,0.23,0.73,0.7,0.5040899
0.17,0.44,0.72,0.29,0.73,0.72,0.5040899
0.16,0.45,0.73,0.3,0.72,0.71,0.5040901
0.17,0.41,0.75,0.27,0.75,0.71,0.5040902
0.17,0.45,0.75,0.3,0.74,0.72,0.5040902
0.16,0.43,0.75,0.3,0.75,0.7,0.5040903
0.17,0.41,0.71,0.28,0.75,0.71,0.5040903
0.17,0.42,0.74,0.29,0.76,0.71,0.5040904
0.16,0.49,0.71,0.23,0.76,0.7,0.5040905
0.17,0.5,0.7,0.3,0.73,0.71,0.5040909
0.18,0.5,0.7,0.3,0.76,0.72,0.5040909
0.18,0.4,0.74,0.26,0.76,0.72,0.5040911
0.17,0.4,0.75,0.23,0.75,0.71,0.5040912
0.17,0.42,0.7,0.3,0.76,0.71,0.5040913
0.18,0.4,0.7,0.27,0.76,0.72,0.5040913
0.18,0.42,0.73,0.21,0.76,0.7,0.5040913
0.16,0.5,0.72,0.21,0.74,0.7,0.5040916
0.18,0.45,0.75,0.3,0.76,0.7,0.5040917
0.18,0.42,0.74,0.2,0.72,0.7,0.504092
0.18,0.43,0.75,0.2,0.74,0.71,0.5040924
0.16,0.4,0.75,0.26,0.74,0.7,0.5040929
0.18,0.42,0.73,0.27,0.72,0.7,0.5040929
0.18,0.46,0.74,0.21,0.76,0.7,0.5040929
0.17,0.43,0.75,0.25,0.74,0.7,0.504093
0.16,0.4,0.73,0.26,0.75,0.72,0.5040931
0.18,0.43,0.72,0.29,0.73,0.7,0.5040932
0.18,0.46,0.75,0.2,0.72,0.7,0.5040933
0.16,0.41,0.72,0.28,0.76,0.72,0.5040935
0.18,0.4,0.75,0.2,0.76,0.72,0.5040935
0.16,0.5,0.7,0.24,0.75,0.7,0.5040936
0.18,0.43,0.75,0.22,0.75,0.71,0.5040936
0.16,0.5,0.75,0.26,0.75,0.7,0.5040937
0.18,0.42,0.74,0.22,0.73,0.7,0.5040939
0.18,0.44,0.75,0.3,0.74,0.7,0.504094
0.18,0.46,0.75,0.22,0.73,0.7,0.5040941
0.17,0.5,0.71,0.3,0.76,0.7,0.504095
0.18,0.5,0.72,0.2,0.75,0.71,0.5040951
0.17,0.4,0.75,0.25,0.76,0.71,0.5040952
0.17,0.41,0.71,0.26,0.72,0.71,0.5040954
0.16,0.43,0.75,0.28,0.72,0.7,0.5040955
0.17,0.42,0.74,0.27,0.73,0.71,0.5040955
0.17,0.5,0.7,0.3,0.74,0.71,0.5040955
0.16,0.43,0.71,0.29,0.72,0.7,0.5040957
0.17,0.43,0.73,0.29,0.74,0.71,0.5040958
0.16,0.44,0.74,0.3,0.73,0.7,0.504096
0.17,0.42,0.7,0.28,0.73,0.71,0.504096
0.18,0.46,0.75,0.24,0.74,0.7,0.504096
0.18,0.41,0.73,0.26,0.74,0.72,0.5040961
0.18,0.5,0.7,0.23,0.76,0.71,0.5040961
0.18,0.5,0.75,0.25,0.76,0.71,0.5040961
0.18,0.42,0.72,0.28,0.75,0.72,0.5040962
0.18,0.43,0.75,0.24,0.76,0.71,0.5040962
0.17,0.41,0.75,0.25,0.72,0.71,0.5040964
0.17,0.46,0.74,0.3,0.72,0.72,0.5040964
0.18,0.43,0.75,0.29,0.76,0.72,0.5040965
0.17,0.4,0.72,0.28,0.76,0.7,0.5040967
0.18,0.42,0.74,0.24,0.74,0.7,0.5040967
0.18,0.48,0.73,0.22,0.76,0.7,0.5040968
0.17,0.43,0.75,0.27,0.75,0.7,0.504097
0.18,0.43,0.71,0.3,0.76,0.72,0.504097
0.18,0.4,0.7,0.25,0.73,0.72,0.5040971
0.18,0.4,0.74,0.24,0.73,0.72,0.5040974
0.16,0.41,0.74,0.21,0.76,0.7,0.5040976
0.16,0.5,0.73,0.29,0.76,0.7,0.5040981
0.16,0.42,0.75,0.27,0.74,0.72,0.5040982
0.16,0.45,0.75,0.21,0.76,0.7,0.5040984
0.16,0.41,0.75,0.2,0.72,0.7,0.5040986
0.16,0.43,0.74,0.29,0.75,0.72,0.5040986
0.16,0.41,0.72,0.26,0.73,0.72,0.5040987
0.18,0.46,0.75,0.26,0.75,0.7,0.5040987
0.18,0.49,0.72,0.23,0.75,0.7,0.5040989
0.18,0.49,0.74,0.2,0.74,0.7,0.504099
0.16,0.4,0.73,0.24,0.72,0.72,0.5040992
0.16,0.42,0.71,0.28,0.74,0.72,0.5040992
0.18,0.45,0.74,0.3,0.72,0.7,0.5040995
0.17,0.5,0.7,0.3,0.75,0.71,0.5041
0.16,0.5,0.7,0.3,0.72,0.7,0.5041002
0.18,0.42,0.74,0.26,0.75,0.7,0.5041003
0.16,0.43,0.7,0.3,0.75,0.72,0.5041004
0.17,0.5,0.72,0.22,0.76,0.71,0.5041004
0.18,0.5,0.73,0.21,0.73,0.7,0.5041006
0.16,0.41,0.75,0.22,0.73,0.7,0.5041007
0.18,0.49,0.7,0.26,0.76,0.7,0.5041015
0.18,0.5,0.71,0.24,0.74,0.7,0.5041016
0.17,0.43,0.75,0.29,0.76,0.7,0.5041017
0.17,0.44,0.72,0.29,0.72,0.71,0.5041017
0.18,0.43,0.75,0.27,0.73,0.72,0.5041018
0.17,0.4,0.72,0.26,0.73,0.7,0.5041019
0.17,0.48,0.75,0.21,0.76,0.7,0.5041019
0.18,0.44,0.74,0.29,0.74,0.72,0.5041019
0.17,0.41,0.71,0.28,0.74,0.7,0.504102
0.17,0.45,0.75,0.3,0.73,0.71,0.504102
0.18,0.43,0.71,0.28,0.73,0.72,0.504102
0.17,0.4,0.73,0.2,0.76,0.7,0.5041021
0.18,0.42,0.72,0.26,0.72,0.72,0.5041021
0.17,0.42,0.74,0.29,0.75,0.7,0.5041023
0.18,0.46,0.75,0.28,0.76,0.7,0.5041023
0.18,0.41,0.73,0.28,0.76,0.71,0.5041027
0.18,0.44,0.7,0.3,0.74,0.72,0.5041028
0.17,0.42,0.7,0.3,0.75,0.7,0.5041029
0.17,0.44,0.74,0.2,0.76,0.7,0.5041029
0.18,0.4,0.7,0.27,0.75,0.71,0.5041029
0.18,0.4,0.74,0.26,0.75,0.71,0.504103
0.17,0.49,0.74,0.22,0.75,0.7,0.5041034
0.18,0.49,0.75,0.28,0.76,0.7,0.5041034
0.17,0.44,0.75,0.21,0.73,0.7,0.5041038
0.16,0.41,0.75,0.24,0.74,0.7,0.5041039
0.16,0.43,0.74,0.27,0.72,0.72,0.5041041
0.17,0.41,0.75,0.21,0.75,0.71,0.5041044
0.17,0.5,0.7,0.3,0.76,0.71,0.5041045
0.16,0.44,0.73,0.29,0.73,0.72,0.5041046
0.16,0.5,0.7,0.3,0.73,0.7,0.5041047
0.18,0.42,0.74,0.28,0.76,0.7,0.5041047
0.16,0.4,0.73,0.26,0.74,0.71,0.5041048
0.16,0.42,0.75,0.29,0.76,0.71,0.5041048
0.17,0.4,0.74,0.21,0.73,0.7,0.5041048
0.16,0.41,0.72,0.28,0.75,0.71,0.504105
0.16,0.5,0.74,0.21,0.76,0.71,0.5041052
0.17,0.49,0.72,0.25,0.76,0.7,0.5041052
0.16,0.43,0.7,0.28,0.72,0.72,0.5041053
0.17,0.4,0.75,0.26,0.76,0.72,0.5041056
0.17,0.5,0.73,0.23,0.74,0.7,0.5041058
0.17,0.5,0.75,0.2,0.73,0.7,0.5041058
0.16,0.42,0.71,0.3,0.76,0.71,0.504106
0.17,0.4,0.71,0.27,0.76,0.72,0.504106
0.17,0.44,0.75,0.23,0.74,0.7,0.504106
0.18,0.5,0.74,0.29,0.75,0.7,0.5041068
0.17,0.41,0.75,0.23,0.76,0.71,0.504107
0.17,0.4,0.74,0.23,0.74,0.7,0.5041075
0.17,0.42,0.74,0.27,0.72,0.7,0.5041077
0.17,0.42,0.7,0.28,0.72,0.7,0.5041078
0.17,0.43,0.73,0.29,0.73,0.7,0.5041078
0.16,0.41,0.75,0.26,0.75,0.7,0.504108
0.18,0.42,0.72,0.28,0.74,0.71,0.504108
0.18,0.45,0.73,0.29,0.72,0.72,0.504108
0.18,0.41,0.73,0.26,0.73,0.71,0.5041082
0.18,0.43,0.75,0.29,0.75,0.71,0.5041083
0.17,0.5,0.71,0.26,0.75,0.7,0.5041084
0.18,0.43,0.71,0.3,0.75,0.71,0.5041085
0.17,0.44,0.75,0.25,0.75,0.7,0.5041087
0.18,0.43,0.74,0.2,0.73,0.7,0.5041089
0.18,0.4,0.7,0.25,0.72,0.71,0.504109
0.16,0.5,0.7,0.3,0.74,0.7,0.5041093
0.16,0.49,0.74,0.24,0.76,0.7,0.5041094
0.18,0.44,0.75,0.2,0.75,0.71,0.5041094
0.18,0.4,0.74,0.2,0.75,0.71,0.5041096
0.18,0.4,0.74,0.24,0.72,0.71,0.5041099
0.18,0.43,0.74,0.22,0.74,0.7,0.50411
0.18,0.44,0.75,0.22,0.76,0.71,0.50411
0.16,0.41,0.72,0.26,0.72,0.71,0.5041104
0.16,0.42,0.75,0.27,0.73,0.71,0.5041104
0.18,0.47,0.75,0.2,0.73,0.7,0.5041104
0.16,0.43,0.74,0.29,0.74,0.71,0.5041105
0.16,0.5,0.75,0.22,0.74,0.7,0.5041107
0.17,0.41,0.74,0.26,0.74,0.72,0.5041107
0.17,0.42,0.73,0.28,0.75,0.72,0.5041107
0.16,0.42,0.71,0.28,0.73,0.71,0.5041109
0.16,0.46,0.75,0.3,0.72,0.72,0.5041109
0.18,0.4,0.74,0.22,0.76,0.71,0.504111
0.18,0.47,0.75,0.22,0.74,0.7,0.504111
0.17,0.4,0.74,0.25,0.75,0.7,0.5041113
0.16,0.4,0.73,0.28,0.76,0.7,0.5041114
0.17,0.43,0.72,0.3,0.76,0.72,0.5041114
0.17,0.4,0.71,0.25,0.73,0.72,0.5041116
0.17,0.41,0.7,0.27,0.74,0.72,0.5041118
0.16,0.43,0.7,0.3,0.74,0.71,0.5041119
0.17,0.4,0.75,0.24,0.73,0.72,0.504112
0.16,0.5,0.7,0.2,0.74,0.7,0.5041121
0.17,0.44,0.75,0.27,0.76,0.7,0.5041122
0.16,0.41,0.75,0.28,0.76,0.7,0.5041123
0.16,0.5,0.73,0.25,0.75,0.7,0.5041124
0.18,0.47,0.75,0.24,0.75,0.7,0.5041124
0.18,0.43,0.74,0.24,0.75,0.7,0.5041125
0.16,0.5,0.7,0.3,0.75,0.7,0.5041138
0.18,0.44,0.74,0.29,0.73,0.71,0.5041139
0.17,0.45,0.75,0.3,0.72,0.7,0.504114
0.18,0.4,0.75,0.21,0.72,0.71,0.504114
0.18,0.43,0.71,0.28,0.72,0.71,0.504114
0.18,0.43,0.75,0.27,0.72,0.71,0.5041141
0.18,0.5,0.75,0.21,0.75,0.71,0.5041142
0.18,0.44,0.7,0.3,0.73,0.71,0.5041144
0.18,0.41,0.73,0.28,0.75,0.7,0.5041147
0.18,0.5,0.73,0.24,0.76,0.71,0.5041147
0.18,0.4,0.7,0.27,0.74,0.7,0.5041148
0.18,0.42,0.72,0.3,0.76,0.7,0.5041148
0.18,0.47,0.75,0.26,0.76,0.7,0.5041148
0.16,0.42,0.75,0.2,0.73,0.7,0.5041151
0.17,0.4,0.74,0.27,0.76,0.7,0.5041156
0.18,0.4,0.75,0.23,0.73,0.71,0.5041157
0.18,0.43,0.74,0.26,0.76,0.7,0.5041157
0.17,0.44,0.75,0.29,0.74,0.72,0.5041163
0.16,0.44,0.73,0.29,0.72,0.71,0.5041165
0.16,0.5,0.71,0.28,0.76,0.7,0.5041165
0.17,0.42,0.73,0.26,0.72,0.72,0.5041165
0.18,0.48,0.71,0.21,0.76,0.7,0.5041165
0.17,0.43,0.72,0.28,0.73,0.72,0.5041166
0.16,0.4,0.73,0.26,0.73,0.7,0.5041168
0.16,0.41,0.72,0.28,0.74,0.7,0.5041168
0.16,0.42,0.75,0.22,0.74,0.7,0.5041168
0.18,0.43,0.75,0.25,0.72,0.7,0.5041168
0.16,0.42,0.75,0.29,0.75,0.7,0.5041169
0.17,0.41,0.74,0.28,0.76,0.71,0.5041171
0.17,0.44,0.71,0.3,0.74,0.72,0.5041173
0.17,0.4,0.71,0.27,0.75,0.71,0.5041176
0.17,0.4,0.75,0.26,0.75,0.71,0.5041176
0.16,0.42,0.71,0.3,0.75,0.7,0.5041177
0.17,0.41,0.7,0.29,0.76,0.71,0.5041182
0.16,0.5,0.7,0.3,0.76,0.7,0.5041185
0.18,0.49,0.7,0.22,0.75,0.7,0.5041188
0.18,0.49,0.75,0.24,0.75,0.7,0.504119
0.17,0.5,0.75,0.23,0.76,0.71,0.5041191
0.18,0.4,0.75,0.25,0.74,0.71,0.5041191
0.16,0.42,0.75,0.24,0.75,0.7,0.5041196
0.17,0.5,0.7,0.3,0.72,0.72,0.5041198
0.18,0.42,0.72,0.28,0.73,0.7,0.5041202
0.18,0.43,0.75,0.27,0.73,0.7,0.5041203
0.18,0.43,0.71,0.3,0.74,0.7,0.5041204
0.16,0.4,0.72,0.27,0.76,0.72,0.5041206
0.17,0.42,0.75,0.21,0.76,0.71,0.5041206
0.18,0.5,0.71,0.2,0.73,0.7,0.5041206
0.18,0.41,0.73,0.26,0.72,0.7,0.5041207
0.17,0.41,0.74,0.21,0.74,0.7,0.5041208
0.17,0.45,0.75,0.21,0.74,0.7,0.5041208
0.17,0.5,0.7,0.21,0.76,0.71,0.5041208
0.18,0.49,0.73,0.27,0.76,0.7,0.504121
0.18,0.5,0.74,0.25,0.74,0.7,0.5041211
0.17,0.48,0.73,0.2,0.76,0.7,0.5041213
0.17,0.45,0.75,0.23,0.75,0.7,0.5041223
0.17,0.45,0.74,0.29,0.72,0.72,0.5041224
0.16,0.43,0.74,0.29,0.73,0.7,0.5041226
0.17,0.42,0.73,0.28,0.74,0.71,0.5041226
0.16,0.42,0.71,0.28,0.72,0.7,0.5041228
0.16,0.42,0.75,0.27,0.72,0.7,0.5041228
0.17,0.41,0.74,0.26,0.73,0.71,0.5041229
0.18,0.42,0.75,0.28,0.76,0.72,0.5041229
0.17,0.43,0.72,0.3,0.75,0.71,0.504123
0.16,0.42,0.75,0.26,0.76,0.7,0.5041231
0.17,0.49,0.72,0.21,0.75,0.7,0.5041232
0.17,0.41,0.74,0.23,0.75,0.7,0.5041233
0.18,0.41,0.72,0.27,0.75,0.72,0.5041233
0.17,0.4,0.71,0.25,0.72,0.71,0.5041235
0.17,0.41,0.7,0.27,0.73,0.71,0.5041235
0.18,0.42,0.71,0.29,0.76,0.72,0.5041236
0.16,0.43,0.7,0.3,0.73,0.7,0.5041237
0.17,0.5,0.7,0.3,0.73,0.72,0.504124
0.18,0.4,0.73,0.25,0.74,0.72,0.504124
0.17,0.45,0.7,0.3,0.72,0.72,0.5041241
0.17,0.4,0.75,0.24,0.72,0.71,0.5041244
0.18,0.5,0.72,0.28,0.75,0.7,0.5041246
0.17,0.45,0.75,0.25,0.76,0.7,0.5041247
0.17,0.49,0.7,0.24,0.76,0.7,0.5041248
0.18,0.43,0.75,0.29,0.74,0.7,0.5041248
0.17,0.49,0.75,0.26,0.76,0.7,0.5041249
0.16,0.42,0.74,0.28,0.75,0.72,0.5041253
0.16,0.5,0.72,0.2,0.76,0.71,0.5041254
0.16,0.41,0.75,0.26,0.74,0.72,0.5041255
0.18,0.41,0.74,0.2,0.76,0.71,0.5041258
0.16,0.43,0.73,0.3,0.76,0.72,0.5041259
0.17,0.5,0.71,0.22,0.74,0.7,0.5041259
0.18,0.4,0.73,0.2,0.74,0.7,0.504126
0.18,0.44,0.74,0.2,0.74,0.7,0.504126
0.18,0.44,0.74,0.29,0.72,0.7,0.504126
0.18,0.45,0.75,0.2,0.76,0.71,0.5041263
0.18,0.44,0.7,0.3,0.72,0.7,0.5041265
0.16,0.4,0.72,0.25,0.73,0.72,0.5041266
0.16,0.41,0.71,0.27,0.74,0.72,0.5041266
0.18,0.44,0.74,0.22,0.75,0.7,0.5041266
0.17,0.41,0.74,0.25,0.76,0.7,0.5041267
0.16,0.42,0.7,0.29,0.75,0.72,0.5041272
0.18,0.4,0.73,0.22,0.75,0.7,0.5041276
0.18,0.48,0.75,0.2,0.74,0.7,0.5041278
0.17,0.5,0.74,0.27,0.75,0.7,0.5041279
0.17,0.41,0.75,0.24,0.72,0.7,0.5041281
0.18,0.48,0.75,0.22,0.75,0.7,0.5041281
0.17,0.5,0.7,0.3,0.74,0.72,0.5041283
0.16,0.49,0.74,0.2,0.75,0.7,0.5041284
0.17,0.44,0.75,0.29,0.73,0.71,0.5041284
0.18,0.43,0.74,0.28,0.74,0.72,0.5041284
0.18,0.44,0.74,0.24,0.76,0.7,0.5041285
0.17,0.43,0.72,0.28,0.72,0.71,0.5041286
0.18,0.44,0.73,0.3,0.75,0.72,0.5041286
0.18,0.41,0.75,0.21,0.73,0.71,0.5041288
0.17,0.44,0.71,0.3,0.73,0.71,0.5041291
0.16,0.49,0.72,0.23,0.76,0.7,0.5041292
0.17,0.41,0.74,0.28,0.75,0.7,0.5041292
0.17,0.42,0.73,0.3,0.76,0.7,0.5041292
0.18,0.42,0.71,0.27,0.73,0.72,0.5041292
0.18,0.42,0.75,0.26,0.73,0.72,0.5041292
0.18,0.43,0.7,0.29,0.74,0.72,0.5041294
0.18,0.48,0.75,0.24,0.76,0.7,0.5041294
0.17,0.4,0.71,0.27,0.74,0.7,0.5041296
0.18,0.4,0.73,0.27,0.76,0.71,0.5041299
0.18,0.44,0.75,0.23,0.72,0.7,0.5041299
0.17,0.41,0.7,0.29,0.75,0.7,0.50413
0.18,0.41,0.72,0.25,0.72,0.72,0.50413
0.18,0.4,0.73,0.24,0.76,0.7,0.5041305
0.16,0.5,0.73,0.21,0.74,0.7,0.5041307
0.18,0.41,0.75,0.23,0.74,0.71,0.5041308
0.16,0.43,0.73,0.28,0.73,0.72,0.5041313
0.16,0.42,0.74,0.26,0.72,0.72,0.5041314
0.16,0.41,0.75,0.28,0.76,0.71,0.5041316
0.16,0.43,0.75,0.2,0.74,0.7,0.5041319
0.16,0.44,0.72,0.3,0.74,0.72,0.5041319
0.17,0.41,0.75,0.26,0.73,0.7,0.5041319
0.16,0.5,0.71,0.24,0.75,0.7,0.5041321
0.18,0.44,0.75,0.25,0.73,0.7,0.5041321
0.18,0.4,0.74,0.23,0.72,0.7,0.5041323
0.16,0.4,0.72,0.27,0.75,0.71,0.5041324
0.17,0.5,0.7,0.3,0.75,0.72,0.5041326
0.17,0.5,0.72,0.3,0.76,0.7,0.5041326
0.16,0.4,0.75,0.2,0.76,0.71,0.5041327
0.16,0.41,0.71,0.29,0.76,0.71,0.5041329
0.16,0.42,0.7,0.27,0.72,0.72,0.5041329
0.16,0.43,0.75,0.22,0.75,0.7,0.504133
0.16,0.5,0.7,0.3,0.72,0.71,0.5041335
0.18,0.41,0.75,0.25,0.75,0.71,0.5041337
0.18,0.5,0.73,0.2,0.75,0.71,0.5041339
0.18,0.5,0.71,0.23,0.76,0.71,0.5041344
0.18,0.44,0.73,0.28,0.72,0.72,0.5041345
0.18,0.43,0.74,0.3,0.76,0.71,0.5041348
0.18,0.45,0.72,0.3,0.73,0.72,0.5041348
0.17,0.42,0.73,0.28,0.73,0.7,0.5041349
0.18,0.42,0.75,0.28,0.75,0.71,0.504135
0.17,0.43,0.72,0.3,0.74,0.7,0.5041351
0.18,0.44,0.75,0.27,0.74,0.7,0.5041352
0.16,0.43,0.75,0.24,0.76,0.7,0.5041353
0.18,0.41,0.72,0.27,0.74,0.71,0.5041353
0.18,0.42,0.71,0.29,0.75,0.71,0.5041353
0.17,0.41,0.7,0.27,0.72,0.7,0.5041355
0.17,0.41,0.74,0.26,0.72,0.7,0.5041355
0.18,0.4,0.74,0.25,0.73,0.7,0.5041355
0.18,0.48,0.74,0.22,0.76,0.7,0.5041358
0.16,0.5,0.74,0.29,0.76,0.7,0.5041359
0.18,0.4,0.73,0.25,0.73,0.71,0.5041362
0.17,0.5,0.7,0.3,0.76,0.72,0.504137
0.16,0.45,0.75,0.29,0.72,0.72,0.5041371
0.17,0.42,0.74,0.21,0.75,0.7,0.5041371
0.16,0.42,0.74,0.28,0.74,0.71,0.5041373
0.16,0.43,0.73,0.3,0.75,0.71,0.5041376
0.18,0.41,0.75,0.27,0.76,0.71,0.5041376
0.18,0.49,0.73,0.23,0.75,0.7,0.5041377
0.16,0.5,0.7,0.3,0.73,0.71,0.5041378
0.17,0.41,0.73,0.27,0.75,0.72,0.5041378
0.17,0.46,0.75,0.21,0.75,0.7,0.5041378
0.16,0.41,0.75,0.26,0.73,0.71,0.5041379
0.17,0.42,0.72,0.29,0.76,0.72,0.504138
0.16,0.41,0.71,0.27,0.73,0.71,0.5041384
0.18,0.49,0.75,0.2,0.74,0.7,0.5041384
0.17,0.4,0.74,0.25,0.74,0.72,0.5041385
0.16,0.4,0.72,0.25,0.72,0.71,0.5041386
0.16,0.45,0.71,0.3,0.72,0.72,0.5041387
0.17,0.5,0.73,0.22,0.76,0.71,0.5041388
0.16,0.42,0.7,0.29,0.74,0.71,0.5041389
0.17,0.46,0.75,0.23,0.76,0.7,0.5041389
0.17,0.42,0.74,0.23,0.76,0.7,0.5041392
0.17,0.4,0.7,0.26,0.74,0.72,0.5041394
0.18,0.44,0.75,0.29,0.75,0.7,0.5041396
0.18,0.5,0.74,0.21,0.73,0.7,0.5041396
0.18,0.49,0.71,0.26,0.76,0.7,0.5041397
0.18,0.5,0.72,0.24,0.74,0.7,0.5041402
0.17,0.44,0.75,0.29,0.72,0.7,0.5041406
0.18,0.43,0.74,0.28,0.73,0.71,0.5041406
0.18,0.44,0.73,0.3,0.74,0.71,0.5041406
0.17,0.42,0.75,0.22,0.72,0.7,0.5041408
0.17,0.44,0.71,0.3,0.72,0.7,0.5041413
0.18,0.42,0.71,0.27,0.72,0.71,0.5041413
0.18,0.43,0.7,0.29,0.73,0.71,0.5041413
0.18,0.41,0.72,0.29,0.76,0.7,0.5041418
0.18,0.42,0.75,0.26,0.72,0.71,0.5041418
0.18,0.4,0.73,0.27,0.75,0.7,0.5041421
0.16,0.5,0.7,0.3,0.74,0.71,0.5041422
0.17,0.49,0.75,0.22,0.75,0.7,0.5041424
0.18,0.41,0.73,0.2,0.75,0.7,0.5041425
0.17,0.43,0.75,0.28,0.74,0.72,0.5041429
0.17,0.44,0.74,0.3,0.75,0.72,0.504143
0.18,0.45,0.74,0.2,0.75,0.7,0.504143
0.18,0.5,0.7,0.27,0.75,0.7,0.5041432
0.17,0.42,0.75,0.24,0.73,0.7,0.5041433
0.16,0.43,0.73,0.28,0.72,0.71,0.5041434
0.18,0.41,0.73,0.22,0.76,0.7,0.5041434
0.17,0.49,0.73,0.25,0.76,0.7,0.5041435
0.18,0.45,0.74,0.22,0.76,0.7,0.5041435
0.16,0.5,0.75,0.21,0.76,0.71,0.5041436
0.16,0.42,0.74,0.3,0.76,0.7,0.5041437
0.16,0.44,0.72,0.3,0.73,0.71,0.5041438
0.17,0.42,0.72,0.27,0.73,0.72,0.5041438
0.16,0.41,0.75,0.28,0.75,0.7,0.5041439
0.17,0.43,0.71,0.29,0.74,0.72,0.504144
0.17,0.49,0.7,0.2,0.75,0.7,0.504144
0.18,0.42,0.75,0.21,0.74,0.71,0.5041443
0.18,0.45,0.75,0.21,0.72,0.7,0.5041443
0.17,0.4,0.74,0.27,0.76,0.71,0.5041444
0.17,0.41,0.73,0.25,0.72,0.72,0.5041444
0.17,0.5,0.74,0.23,0.74,0.7,0.5041444
0.16,0.4,0.72,0.27,0.74,0.7,0.5041445
0.18,0.5,0.75,0.29,0.75,0.7,0.5041445
0.16,0.41,0.71,0.29,0.75,0.7,0.5041447
0.18,0.41,0.74,0.21,0.72,0.7,0.5041455
0.17,0.4,0.7,0.28,0.76,0.71,0.5041456
0.18,0.45,0.75,0.23,0.73,0.7,0.5041457
0.18,0.42,0.75,0.23,0.75,0.71,0.5041461
0.16,0.5,0.7,0.3,0.75,0.71,0.5041465
0.17,0.42,0.75,0.26,0.74,0.7,0.5041466
0.17,0.5,0.72,0.26,0.75,0.7,0.5041466
0.18,0.45,0.72,0.3,0.72,0.71,0.5041469
0.18,0.43,0.74,0.3,0.75,0.7,0.504147
0.18,0.42,0.71,0.29,0.74,0.7,0.5041475
0.18,0.41,0.74,0.23,0.73,0.7,0.5041476
0.18,0.41,0.72,0.27,0.73,0.7,0.5041477
0.18,0.45,0.75,0.25,0.74,0.7,0.5041477
0.16,0.49,0.75,0.24,0.76,0.7,0.504148
0.18,0.42,0.75,0.25,0.76,0.71,0.5041487
0.16,0.44,0.75,0.2,0.75,0.7,0.5041489
0.17,0.44,0.74,0.28,0.72,0.72,0.504149
0.18,0.4,0.73,0.25,0.72,0.7,0.504149
0.17,0.43,0.75,0.3,0.76,0.71,0.5041491
0.17,0.45,0.73,0.3,0.73,0.72,0.5041491
0.16,0.4,0.74,0.2,0.75,0.7,0.5041493
0.16,0.44,0.75,0.22,0.76,0.7,0.5041494
0.16,0.42,0.74,0.28,0.73,0.7,0.5041497
0.16,0.43,0.73,0.3,0.74,0.7,0.5041498
0.16,0.49,0.7,0.22,0.76,0.7,0.5041498
0.17,0.42,0.72,0.29,0.75,0.71,0.5041498
0.17,0.41,0.73,0.27,0.74,0.71,0.5041499
0.18,0.41,0.75,0.27,0.76,0.72,0.5041499
0.18,0.41,0.74,0.25,0.74,0.7,0.5041502
0.18,0.45,0.75,0.27,0.75,0.7,0.5041504
0.16,0.41,0.71,0.27,0.72,0.7,0.5041505
0.16,0.41,0.75,0.26,0.72,0.7,0.5041506
0.16,0.5,0.74,0.25,0.75,0.7,0.5041506
0.17,0.42,0.75,0.28,0.75,0.7,0.5041506
0.17,0.44,0.7,0.29,0.72,0.72,0.5041506
0.18,0.41,0.71,0.28,0.76,0.72,0.5041506
0.16,0.42,0.7,0.29,0.73,0.7,0.5041509
0.18,0.4,0.72,0.26,0.75,0.72,0.5041509
0.16,0.4,0.74,0.22,0.76,0.7,0.504151
0.16,0.5,0.7,0.3,0.76,0.71,0.504151
0.17,0.4,0.74,0.25,0.73,0.71,0.504151
0.17,0.5,0.7,0.29,0.76,0.7,0.5041511
0.16,0.5,0.71,0.2,0.74,0.7,0.5041512
0.17,0.4,0.7,0.26,0.73,0.71,0.5041515
0.16,0.41,0.74,0.27,0.75,0.72,0.5041525
0.16,0.42,0.73,0.29,0.76,0.72,0.5041525
0.16,0.4,0.75,0.21,0.72,0.7,0.5041527
0.18,0.5,0.74,0.24,0.76,0.71,0.5041527
0.18,0.44,0.73,0.3,0.73,0.7,0.5041529
0.18,0.43,0.74,0.28,0.72,0.7,0.504153
0.16,0.4,0.75,0.25,0.74,0.72,0.5041535
0.18,0.43,0.7,0.29,0.72,0.7,0.5041535
0.17,0.43,0.74,0.21,0.76,0.7,0.504154
0.18,0.41,0.74,0.27,0.75,0.7,0.504154
0.16,0.5,0.72,0.28,0.76,0.7,0.5041542
0.18,0.45,0.75,0.29,0.76,0.7,0.5041543
0.16,0.4,0.71,0.26,0.74,0.72,0.5041544
0.16,0.41,0.7,0.28,0.75,0.72,0.5041546
0.17,0.47,0.75,0.21,0.76,0.7,0.5041548
0.16,0.4,0.75,0.23,0.73,0.7,0.504155
0.17,0.44,0.74,0.3,0.74,0.71,0.5041551
0.18,0.43,0.73,0.29,0.75,0.72,0.5041551
0.17,0.43,0.75,0.28,0.73,0.71,0.5041552
0.17,0.43,0.75,0.2,0.72,0.7,0.5041554
0.18,0.42,0.74,0.27,0.74,0.72,0.5041554
0.18,0.48,0.72,0.21,0.76,0.7,0.5041554
0.17,0.42,0.72,0.27,0.72,0.71,0.504156
0.17,0.43,0.71,0.29,0.73,0.71,0.504156
0.16,0.44,0.72,0.3,0.72,0.7,0.5041561
0.17,0.41,0.73,0.29,0.76,0.7,0.5041562
0.17,0.4,0.75,0.2,0.74,0.71,0.5041565
0.17,0.43,0.75,0.22,0.73,0.7,0.5041565
0.17,0.4,0.74,0.27,0.75,0.7,0.5041567
0.18,0.42,0.7,0.28,0.74,0.72,0.5041567
0.18,0.41,0.71,0.26,0.73,0.72,0.5041569
0.18,0.41,0.75,0.25,0.73,0.72,0.5041571
0.16,0.44,0.75,0.3,0.75,0.72,0.5041574
0.17,0.4,0.7,0.28,0.75,0.7,0.5041575
0.17,0.4,0.75,0.22,0.75,0.71,0.5041576
0.18,0.49,0.71,0.22,0.75,0.7,0.5041576
0.16,0.4,0.75,0.25,0.74,0.7,0.5041585
0.16,0.42,0.73,0.27,0.73,0.72,0.5041585
0.16,0.43,0.72,0.29,0.74,0.72,0.5041586
0.18,0.4,0.72,0.24,0.72,0.72,0.5041586
0.17,0.43,0.75,0.24,0.74,0.7,0.5041587
0.16,0.4,0.75,0.27,0.76,0.71,0.504159
0.18,0.49,0.74,0.27,0.76,0.7,0.504159
0.17,0.5,0.71,0.21,0.76,0.71,0.5041592
0.18,0.42,0.73,0.2,0.76,0.7,0.5041595
0.16,0.41,0.74,0.25,0.72,0.72,0.5041596
0.18,0.5,0.75,0.25,0.74,0.7,0.5041596
0.18,0.5,0.72,0.2,0.73,0.7,0.5041598
0.18,0.43,0.75,0.21,0.75,0.71,0.5041602
0.18,0.46,0.74,0.2,0.76,0.7,0.5041602
0.16,0.4,0.71,0.28,0.76,0.71,0.5041603
0.17,0.4,0.75,0.24,0.76,0.71,0.5041603
0.18,0.45,0.75,0.3,0.74,0.72,0.5041603
0.18,0.5,0.7,0.23,0.74,0.7,0.5041603
0.17,0.48,0.74,0.2,0.76,0.7,0.5041606
0.16,0.41,0.7,0.26,0.72,0.72,0.5041609
0.18,0.46,0.75,0.21,0.73,0.7,0.504161
0.18,0.42,0.74,0.21,0.73,0.7,0.5041612
0.18,0.44,0.72,0.29,0.73,0.72,0.5041613
0.17,0.43,0.75,0.3,0.75,0.7,0.5041614
0.17,0.45,0.73,0.3,0.72,0.71,0.5041614
0.18,0.43,0.75,0.23,0.76,0.71,0.5041614
0.17,0.43,0.75,0.26,0.75,0.7,0.5041615
0.18,0.42,0.74,0.29,0.76,0.71,0.5041615
0.18,0.46,0.75,0.23,0.74,0.7,0.5041616
0.18,0.43,0.73,0.27,0.72,0.72,0.5041617
0.17,0.42,0.72,0.29,0.74,0.7,0.504162
0.17,0.49,0.73,0.21,0.75,0.7,0.5041621
0.18,0.41,0.75,0.27,0.75,0.71,0.5041623
0.17,0.41,0.73,0.27,0.73,0.7,0.5041624
0.18,0.5,0.73,0.28,0.75,0.7,0.5041624
0.18,0.41,0.71,0.28,0.75,0.71,0.5041626
0.18,0.42,0.7,0.3,0.76,0.71,0.5041627
0.18,0.42,0.74,0.23,0.74,0.7,0.504163
0.18,0.4,0.72,0.26,0.74,0.71,0.5041631
0.17,0.49,0.71,0.24,0.76,0.7,0.5041632
0.18,0.46,0.75,0.25,0.75,0.7,0.5041633
0.16,0.44,0.75,0.28,0.72,0.72,0.5041637
0.16,0.45,0.74,0.3,0.73,0.72,0.5041637
0.17,0.4,0.7,0.26,0.72,0.7,0.5041637
0.17,0.4,0.74,0.25,0.72,0.7,0.5041639
0.16,0.5,0.73,0.2,0.76,0.71,0.504164
0.16,0.42,0.73,0.29,0.75,0.71,0.5041644
0.16,0.41,0.74,0.27,0.74,0.71,0.5041646
0.17,0.5,0.72,0.22,0.74,0.7,0.5041647
0.17,0.41,0.72,0.28,0.76,0.72,0.5041651
0.16,0.44,0.71,0.29,0.72,0.72,0.5041653
0.17,0.43,0.75,0.28,0.76,0.7,0.5041653
0.18,0.42,0.74,0.25,0.75,0.7,0.5041654
0.17,0.4,0.73,0.26,0.75,0.72,0.5041656
0.16,0.41,0.74,0.2,0.76,0.7,0.5041658
0.18,0.46,0.75,0.27,0.76,0.7,0.5041658
0.17,0.5,0.75,0.27,0.75,0.7,0.5041659
0.16,0.4,0.75,0.25,0.73,0.71,0.504166
0.16,0.45,0.75,0.2,0.76,0.7,0.5041661
0.17,0.5,0.7,0.25,0.75,0.7,0.5041664
0.16,0.4,0.71,0.26,0.73,0.71,0.5041665
0.16,0.41,0.7,0.28,0.74,0.71,0.5041665
0.16,0.5,0.7,0.3,0.72,0.72,0.5041668
0.18,0.46,0.74,0.3,0.72,0.72,0.5041668
0.17,0.44,0.74,0.3,0.73,0.7,0.5041674
0.18,0.43,0.73,0.29,0.74,0.71,0.5041674
0.16,0.49,0.75,0.2,0.75,0.7,0.5041676
0.16,0.49,0.73,0.23,0.76,0.7,0.5041677
0.17,0.43,0.75,0.28,0.72,0.7,0.5041677
0.18,0.42,0.74,0.27,0.73,0.71,0.5041679
0.16,0.41,0.75,0.21,0.73,0.7,0.5041683
0.17,0.43,0.71,0.29,0.72,0.7,0.5041684
0.18,0.42,0.7,0.28,0.73,0.71,0.5041687
0.18,0.42,0.74,0.27,0.76,0.7,0.5041688
0.18,0.4,0.72,0.28,0.76,0.7,0.5041692
0.18,0.41,0.71,0.26,0.72,0.71,0.5041693
0.16,0.5,0.74,0.21,0.74,0.7,0.5041695
0.17,0.43,0.74,0.29,0.75,0.72,0.5041695
0.16,0.44,0.75,0.3,0.74,0.71,0.5041696
0.17,0.42,0.75,0.27,0.74,0.72,0.5041699
0.18,0.41,0.75,0.25,0.72,0.71,0.50417
0.17,0.5,0.73,0.3,0.76,0.7,0.5041701
0.16,0.41,0.75,0.23,0.74,0.7,0.5041703
0.16,0.5,0.72,0.24,0.75,0.7,0.5041705
0.16,0.41,0.74,0.29,0.76,0.7,0.5041708
0.16,0.43,0.72,0.29,0.73,0.71,0.5041708
0.16,0.5,0.7,0.3,0.73,0.72,0.5041708
0.18,0.42,0.75,0.26,0.72,0.7,0.5041708
0.16,0.42,0.73,0.27,0.72,0.71,0.5041709
0.17,0.42,0.71,0.28,0.74,0.72,0.5041713
0.16,0.4,0.75,0.27,0.75,0.7,0.5041714
0.17,0.41,0.72,0.26,0.73,0.72,0.5041715
0.17,0.43,0.7,0.3,0.75,0.72,0.5041716
0.17,0.41,0.75,0.2,0.75,0.71,0.504172
0.17,0.44,0.75,0.2,0.73,0.7,0.504172
0.16,0.4,0.71,0.28,0.75,0.7,0.5041723
0.17,0.44,0.75,0.22,0.74,0.7,0.5041723
0.18,0.45,0.75,0.3,0.73,0.71,0.5041725
0.18,0.5,0.72,0.23,0.76,0.71,0.5041725
0.16,0.41,0.7,0.3,0.76,0.7,0.5041726
0.18,0.5,0.74,0.2,0.75,0.71,0.5041726
0.17,0.4,0.73,0.24,0.72,0.72,0.504173
0.17,0.41,0.75,0.22,0.76,0.71,0.5041731
0.16,0.41,0.75,0.25,0.75,0.7,0.5041733
0.17,0.4,0.74,0.2,0.73,0.7,0.5041734
0.16,0.5,0.75,0.29,0.76,0.7,0.5041736
0.18,0.44,0.72,0.29,0.72,0.71,0.5041737
0.16,0.5,0.7,0.27,0.76,0.7,0.504174
0.18,0.42,0.74,0.29,0.75,0.7,0.504174
0.17,0.44,0.75,0.24,0.75,0.7,0.5041742
0.17,0.4,0.74,0.22,0.74,0.7,0.5041746
0.18,0.42,0.7,0.3,0.75,0.7,0.5041748
0.16,0.5,0.7,0.3,0.74,0.72,0.504175
0.18,0.41,0.71,0.28,0.74,0.7,0.504175
0.18,0.4,0.72,0.26,0.73,0.7,0.5041757
0.17,0.44,0.73,0.29,0.73,0.72,0.5041758
0.17,0.42,0.75,0.29,0.76,0.71,0.5041759
0.16,0.45,0.74,0.3,0.72,0.71,0.504176
0.17,0.43,0.74,0.27,0.72,0.72,0.5041762
0.18,0.48,0.7,0.2,0.76,0.7,0.5041763
0.18,0.49,0.74,0.23,0.75,0.7,0.5041764
0.17,0.44,0.75,0.26,0.76,0.7,0.5041765
0.18,0.44,0.75,0.21,0.76,0.71,0.5041767
0.16,0.41,0.75,0.27,0.76,0.7,0.5041768
0.16,0.42,0.73,0.29,0.74,0.7,0.5041768
0.17,0.5,0.74,0.22,0.76,0.71,0.5041769
0.17,0.4,0.74,0.24,0.75,0.7,0.5041772
0.17,0.41,0.72,0.28,0.75,0.71,0.5041772
0.17,0.42,0.71,0.3,0.76,0.71,0.5041772
0.16,0.41,0.74,0.27,0.73,0.7,0.5041773
0.18,0.43,0.74,0.21,0.74,0.7,0.5041773
0.18,0.4,0.75,0.26,0.76,0.72,0.5041775
0.18,0.47,0.75,0.21,0.74,0.7,0.5041777
0.17,0.4,0.73,0.26,0.74,0.71,0.5041779
0.17,0.43,0.7,0.28,0.72,0.72,0.5041779
0.18,0.49,0.72,0.26,0.76,0.7,0.5041779
0.18,0.4,0.71,0.27,0.76,0.72,0.5041781
0.18,0.4,0.74,0.21,0.76,0.71,0.5041781
0.18,0.47,0.75,0.23,0.75,0.7,0.5041781
0.18,0.43,0.74,0.23,0.75,0.7,0.5041784
0.16,0.41,0.7,0.28,0.73,0.7,0.5041786
0.18,0.5,0.73,0.24,0.74,0.7,0.5041786
0.18,0.5,0.75,0.21,0.73,0.7,0.5041787
0.16,0.4,0.71,0.26,0.72,0.7,0.5041788
0.16,0.4,0.75,0.25,0.72,0.7,0.504179
0.16,0.5,0.7,0.3,0.75,0.72,0.5041792
0.18,0.47,0.75,0.25,0.76,0.7,0.5041793
0.16,0.41,0.73,0.28,0.76,0.72,0.5041797
0.18,0.43,0.73,0.29,0.73,0.7,0.5041799
0.16,0.4,0.74,0.26,0.75,0.72,0.5041803
0.18,0.43,0.74,0.25,0.76,0.7,0.5041806
0.17,0.4,0.74,0.26,0.76,0.7,0.5041807
0.18,0.42,0.74,0.27,0.72,0.7,0.5041807
0.18,0.42,0.7,0.28,0.72,0.7,0.5041811
0.18,0.5,0.71,0.27,0.75,0.7,0.5041811
0.17,0.46,0.75,0.3,0.72,0.72,0.5041812
0.17,0.49,0.74,0.25,0.76,0.7,0.5041818
0.18,0.43,0.72,0.3,0.76,0.72,0.5041818
0.17,0.43,0.74,0.29,0.74,0.71,0.5041819
0.16,0.44,0.75,0.3,0.73,0.7,0.504182
0.18,0.42,0.73,0.28,0.75,0.72,0.5041821
0.18,0.4,0.75,0.2,0.72,0.71,0.5041822
0.16,0.4,0.7,0.27,0.75,0.72,0.5041823
0.18,0.4,0.75,0.22,0.73,0.71,0.5041824
0.17,0.42,0.75,0.27,0.73,0.71,0.5041826
0.18,0.43,0.75,0.24,0.72,0.7,0.5041828
0.17,0.49,0.71,0.2,0.75,0.7,0.504183
0.18,0.41,0.74,0.26,0.74,0.72,0.504183
0.17,0.5,0.75,0.23,0.74,0.7,0.5041831
0.16,0.43,0.72,0.29,0.72,0.7,0.5041833
0.17,0.42,0.71,0.28,0.73,0.71,0.5041834
0.16,0.5,0.7,0.3,0.76,0.72,0.5041835
0.17,0.43,0.7,0.3,0.74,0.71,0.5041836
0.17,0.4,0.73,0.28,0.76,0.7,0.5041837
0.17,0.41,0.72,0.26,0.72,0.71,0.5041838
0.16,0.43,0.75,0.29,0.75,0.72,0.504184
0.16,0.42,0.75,0.21,0.74,0.7,0.5041841
0.18,0.41,0.7,0.27,0.74,0.72,0.5041843
0.18,0.4,0.75,0.24,0.74,0.71,0.5041844
0.17,0.5,0.73,0.26,0.75,0.7,0.5041847
0.18,0.45,0.75,0.3,0.72,0.7,0.504185
0.18,0.43,0.75,0.26,0.73,0.7,0.5041851
0.18,0.4,0.71,0.25,0.73,0.72,0.5041855
0.18,0.4,0.75,0.24,0.73,0.72,0.5041855
0.17,0.5,0.7,0.21,0.74,0.7,0.5041856
0.16,0.42,0.75,0.23,0.75,0.7,0.5041859
0.16,0.42,0.72,0.28,0.74,0.72,0.504186
0.16,0.43,0.71,0.3,0.75,0.72,0.5041862
0.16,0.41,0.73,0.26,0.73,0.72,0.5041864
0.18,0.44,0.75,0.29,0.74,0.72,0.5041869
0.16,0.4,0.74,0.24,0.72,0.72,0.5041881
0.17,0.42,0.75,0.2,0.76,0.71,0.5041881
0.18,0.44,0.71,0.3,0.74,0.72,0.5041881
0.17,0.44,0.73,0.29,0.72,0.71,0.5041882
0.16,0.42,0.75,0.25,0.76,0.7,0.5041883
0.17,0.42,0.75,0.29,0.75,0.7,0.5041884
0.18,0.43,0.72,0.28,0.73,0.72,0.5041884
0.16,0.49,0.71,0.22,0.76,0.7,0.5041885
0.17,0.45,0.75,0.2,0.74,0.7,0.5041886
0.18,0.43,0.75,0.28,0.74,0.7,0.5041886
0.17,0.45,0.75,0.22,0.75,0.7,0.5041887
0.17,0.5,0.71,0.29,0.76,0.7,0.5041887
0.18,0.41,0.74,0.28,0.76,0.71,0.5041887
0.16,0.5,0.75,0.25,0.75,0.7,0.5041889
0.17,0.41,0.74,0.2,0.74,0.7,0.5041891
0.17,0.42,0.71,0.3,0.75,0.7,0.5041894
0.16,0.4,0.7,0.25,0.72,0.72,0.5041895
0.18,0.42,0.73,0.26,0.72,0.72,0.5041895
0.17,0.41,0.72,0.28,0.74,0.7,0.5041896
0.17,0.45,0.75,0.24,0.76,0.7,0.5041899
0.18,0.4,0.75,0.26,0.75,0.71,0.50419
0.18,0.41,0.7,0.29,0.76,0.71,0.5041901
0.17,0.41,0.74,0.22,0.75,0.7,0.5041902
0.16,0.5,0.72,0.2,0.74,0.7,0.5041903
0.16,0.44,0.74,0.29,0.73,0.72,0.5041904
0.18,0.4,0.71,0.27,0.75,0.71,0.5041904
0.17,0.4,0.73,0.26,0.73,0.7,0.5041905
0.18,0.5,0.75,0.24,0.76,0.71,0.5041907
0.16,0.43,0.75,0.27,0.72,0.72,0.504191
0.16,0.5,0.7,0.23,0.75,0.7,0.5041913
0.16,0.41,0.73,0.28,0.75,0.71,0.5041918
0.16,0.42,0.72,0.3,0.76,0.71,0.5041918
0.16,0.5,0.73,0.28,0.76,0.7,0.504192
0.17,0.41,0.74,0.24,0.76,0.7,0.5041924
0.16,0.4,0.74,0.26,0.74,0.71,0.5041926
0.16,0.43,0.71,0.28,0.72,0.72,0.5041926
0.17,0.4,0.72,0.27,0.76,0.72,0.5041927
0.16,0.44,0.7,0.3,0.73,0.72,0.5041928
0.18,0.5,0.7,0.22,0.76,0.71,0.5041932
0.18,0.45,0.74,0.29,0.72,0.72,0.5041934
0.18,0.44,0.74,0.21,0.75,0.7,0.5041939
0.18,0.43,0.72,0.3,0.75,0.71,0.504194
0.18,0.44,0.74,0.23,0.76,0.7,0.5041943
0.17,0.43,0.74,0.29,0.73,0.7,0.5041944
0.18,0.48,0.73,0.21,0.76,0.7,0.5041944
0.18,0.48,0.75,0.21,0.75,0.7,0.5041944
0.16,0.4,0.7,0.27,0.74,0.71,0.5041945
0.18,0.42,0.73,0.28,0.74,0.71,0.5041946
0.18,0.48,0.75,0.23,0.76,0.7,0.5041947
0.17,0.41,0.75,0.23,0.72,0.7,0.5041948
0.18,0.4,0.73,0.21,0.75,0.7,0.5041952
0.18,0.45,0.7,0.3,0.72,0.72,0.5041954
0.17,0.42,0.75,0.27,0.72,0.7,0.5041955
0.17,0.43,0.7,0.3,0.73,0.7,0.5041958
0.18,0.41,0.74,0.26,0.73,0.71,0.5041959
0.17,0.42,0.71,0.28,0.72,0.7,0.504196
0.17,0.43,0.73,0.3,0.76,0.72,0.5041962
0.18,0.49,0.72,0.22,0.75,0.7,0.5041962
0.16,0.43,0.75,0.29,0.74,0.71,0.5041964
0.17,0.42,0.74,0.28,0.75,0.72,0.5041965
0.18,0.41,0.7,0.27,0.73,0.71,0.5041965
0.18,0.44,0.75,0.22,0.72,0.7,0.5041965
0.18,0.41,0.75,0.2,0.73,0.71,0.5041966
0.18,0.4,0.73,0.23,0.76,0.7,0.5041968
0.18,0.49,0.75,0.27,0.76,0.7,0.504197
0.18,0.41,0.75,0.22,0.74,0.71,0.5041972
0.17,0.41,0.75,0.25,0.73,0.7,0.5041974
0.17,0.5,0.72,0.21,0.76,0.71,0.5041975
0.18,0.49,0.7,0.25,0.76,0.7,0.5041975
0.17,0.41,0.75,0.26,0.74,0.72,0.5041977
0.18,0.44,0.75,0.24,0.73,0.7,0.5041979
0.18,0.4,0.71,0.25,0.72,0.71,0.504198
0.16,0.42,0.72,0.28,0.73,0.71,0.5041982
0.16,0.4,0.74,0.28,0.76,0.7,0.5041983
0.16,0.43,0.71,0.3,0.74,0.71,0.5041983
0.18,0.4,0.75,0.24,0.72,0.71,0.5041986
0.16,0.41,0.73,0.26,0.72,0.71,0.5041988
0.17,0.42,0.7,0.29,0.75,0.72,0.5041989
0.18,0.41,0.75,0.24,0.75,0.71,0.5041989
0.18,0.5,0.71,0.23,0.74,0.7,0.5041989
0.18,0.5,0.73,0.2,0.73,0.7,0.504199
0.17,0.41,0.71,0.27,0.74,0.72,0.5041991
0.18,0.44,0.75,0.29,0.73,0.71,0.5041993
0.17,0.48,0.75,0.2,0.76,0.7,0.5041998
0.18,0.4,0.74,0.22,0.72,0.7,0.5041998
0.17,0.4,0.72,0.25,0.73,0.72,0.5041999
0.18,0.44,0.75,0.26,0.74,0.7,0.5041999
0.18,0.5,0.74,0.28,0.75,0.7,0.5042
0.16,0.43,0.75,0.21,0.75,0.7,0.5042002
0.16,0.4,0.7,0.29,0.76,0.7,0.5042003
0.18,0.42,0.73,0.3,0.76,0.7,0.5042005
0.18,0.44,0.71,0.3,0.73,0.71,0.5042005
0.17,0.41,0.75,0.27,0.74,0.7,0.5042006
0.17,0.49,0.74,0.21,0.75,0.7,0.504201
0.18,0.43,0.72,0.28,0.72,0.71,0.504201
0.16,0.43,0.75,0.23,0.76,0.7,0.5042014
0.18,0.41,0.74,0.28,0.75,0.7,0.5042014
0.17,0.49,0.72,0.24,0.76,0.7,0.5042015
0.18,0.4,0.74,0.24,0.73,0.7,0.5042016
0.18,0.41,0.75,0.26,0.76,0.71,0.5042019
0.16,0.5,0.74,0.2,0.76,0.71,0.5042024
0.18,0.41,0.7,0.29,0.75,0.7,0.5042024
0.17,0.44,0.72,0.3,0.74,0.72,0.5042026
0.17,0.43,0.73,0.28,0.73,0.72,0.5042029
0.16,0.44,0.74,0.29,0.72,0.71,0.504203
0.17,0.41,0.75,0.28,0.76,0.71,0.504203
0.18,0.4,0.71,0.27,0.74,0.7,0.504203
0.18,0.44,0.75,0.28,0.75,0.7,0.504203
0.17,0.5,0.73,0.22,0.74,0.7,0.5042032
0.17,0.42,0.74,0.26,0.72,0.72,0.504204
0.16,0.42,0.72,0.3,0.75,0.7,0.5042041
0.16,0.41,0.73,0.28,0.74,0.7,0.5042043
0.17,0.5,0.71,0.25,0.75,0.7,0.5042045
0.18,0.4,0.74,0.26,0.74,0.7,0.5042045
0.17,0.41,0.71,0.29,0.76,0.71,0.5042046
0.17,0.4,0.72,0.27,0.75,0.71,0.504205
0.16,0.44,0.7,0.3,0.72,0.71,0.5042051
0.17,0.46,0.75,0.22,0.76,0.7,0.5042052
0.17,0.46,0.75,0.2,0.75,0.7,0.5042053
0.16,0.4,0.74,0.26,0.73,0.7,0.5042055
0.17,0.42,0.74,0.2,0.75,0.7,0.5042056
0.17,0.42,0.74,0.22,0.76,0.7,0.5042058
0.17,0.42,0.7,0.27,0.72,0.72,0.5042059
0.16,0.49,0.74,0.23,0.76,0.7,0.504206
0.18,0.43,0.72,0.3,0.74,0.7,0.5042066
0.18,0.44,0.75,0.3,0.76,0.7,0.5042068
0.16,0.4,0.7,0.27,0.73,0.7,0.5042069
0.16,0.4,0.73,0.27,0.76,0.72,0.5042073
0.18,0.42,0.73,0.28,0.73,0.7,0.5042073
0.17,0.5,0.74,0.3,0.76,0.7,0.5042075
0.17,0.45,0.75,0.29,0.72,0.72,0.5042077
0.16,0.5,0.75,0.21,0.74,0.7,0.5042082
0.17,0.42,0.75,0.21,0.72,0.7,0.5042083
0.17,0.43,0.73,0.3,0.75,0.71,0.5042085
0.16,0.5,0.73,0.24,0.75,0.7,0.5042088
0.18,0.42,0.72,0.29,0.76,0.72,0.5042089
0.18,0.41,0.74,0.26,0.72,0.7,0.504209
0.16,0.43,0.75,0.29,0.73,0.7,0.5042091
0.17,0.42,0.74,0.28,0.74,0.71,0.5042091
0.18,0.41,0.7,0.27,0.72,0.7,0.5042092
0.18,0.41,0.73,0.27,0.75,0.72,0.5042096
0.17,0.42,0.75,0.23,0.73,0.7,0.5042099
0.17,0.45,0.71,0.3,0.72,0.72,0.5042099
0.18,0.45,0.74,0.21,0.76,0.7,0.5042104
0.18,0.5,0.73,0.23,0.76,0.71,0.5042105
0.16,0.43,0.74,0.3,0.76,0.72,0.5042106
0.16,0.43,0.71,0.3,0.73,0.7,0.5042107
0.17,0.41,0.75,0.26,0.73,0.71,0.5042107
0.16,0.42,0.72,0.28,0.72,0.7,0.5042109
0.16,0.42,0.75,0.28,0.75,0.72,0.504211
0.17,0.42,0.7,0.29,0.74,0.71,0.504211
0.18,0.41,0.73,0.21,0.76,0.7,0.5042111
0.18,0.4,0.74,0.25,0.74,0.72,0.5042113
0.18,0.5,0.75,0.2,0.75,0.71,0.5042113
0.17,0.41,0.71,0.27,0.73,0.71,0.5042114
0.16,0.5,0.71,0.27,0.76,0.7,0.5042116
0.17,0.42,0.75,0.25,0.74,0.7,0.5042119
0.18,0.42,0.75,0.2,0.74,0.71,0.5042119
0.18,0.44,0.75,0.29,0.72,0.7,0.5042121
0.18,0.42,0.75,0.22,0.75,0.71,0.5042122
0.18,0.45,0.75,0.22,0.73,0.7,0.5042122
0.17,0.4,0.72,0.25,0.72,0.71,0.5042124
0.18,0.45,0.75,0.2,0.72,0.7,0.5042124
0.18,0.4,0.7,0.26,0.74,0.72,0.5042125
0.18,0.44,0.71,0.3,0.72,0.7,0.5042131
0.18,0.44,0.74,0.3,0.75,0.72,0.5042131
0.18,0.45,0.75,0.24,0.74,0.7,0.5042131
0.16,0.42,0.71,0.29,0.75,0.72,0.5042135
0.16,0.41,0.72,0.27,0.74,0.72,0.5042138
0.18,0.42,0.75,0.24,0.76,0.71,0.5042138
0.18,0.43,0.75,0.28,0.74,0.72,0.5042138
0.18,0.41,0.74,0.2,0.72,0.7,0.504214
0.18,0.41,0.74,0.22,0.73,0.7,0.5042147
0.17,0.42,0.74,0.3,0.76,0.7,0.5042148
0.16,0.4,0.73,0.25,0.73,0.72,0.5042149
0.17,0.42,0.75,0.27,0.75,0.7,0.5042149
0.17,0.5,0.75,0.22,0.76,0.71,0.5042149
0.18,0.45,0.75,0.26,0.75,0.7,0.5042149
0.18,0.49,0.75,0.23,0.75,0.7,0.504215
0.17,0.44,0.72,0.3,0.73,0.71,0.5042151
0.18,0.48,0.71,0.2,0.76,0.7,0.5042152
0.18,0.43,0.71,0.29,0.74,0.72,0.5042153
0.17,0.43,0.73,0.28,0.72,0.71,0.5042156
0.18,0.49,0.73,0.26,0.76,0.7,0.5042158
0.18,0.42,0.72,0.27,0.73,0.72,0.5042159
0.18,0.41,0.74,0.24,0.74,0.7,0.5042162
0.18,0.4,0.74,0.27,0.76,0.71,0.5042164
0.16,0.44,0.75,0.21,0.76,0.7,0.5042167
0.17,0.41,0.71,0.29,0.75,0.7,0.5042169
0.18,0.5,0.74,0.24,0.74,0.7,0.504217
0.16,0.44,0.73,0.3,0.74,0.72,0.5042172
0.18,0.49,0.7,0.21,0.75,0.7,0.5042173
0.18,0.45,0.75,0.28,0.76,0.7,0.5042175
0.16,0.43,0.74,0.28,0.73,0.72,0.5042176
0.17,0.4,0.72,0.27,0.74,0.7,0.5042177
0.18,0.4,0.7,0.28,0.76,0.71,0.5042178
0.18,0.41,0.73,0.25,0.72,0.72,0.5042179
0.17,0.42,0.75,0.29,0.76,0.7,0.5042184
0.16,0.4,0.74,0.21,0.76,0.7,0.5042186
0.16,0.42,0.75,0.26,0.72,0.72,0.5042189
0.18,0.41,0.74,0.26,0.75,0.7,0.504219
0.18,0.5,0.72,0.27,0.75,0.7,0.504219
0.17,0.5,0.7,0.2,0.76,0.71,0.5042191
0.16,0.41,0.72,0.29,0.76,0.71,0.5042192
0.18,0.43,0.75,0.3,0.76,0.71,0.5042194
0.16,0.4,0.73,0.27,0.75,0.71,0.5042197
0.18,0.45,0.73,0.3,0.73,0.72,0.5042197
0.17,0.49,0.75,0.25,0.76,0.7,0.50422
0.16,0.43,0.7,0.29,0.73,0.72,0.5042201
0.18,0.44,0.74,0.28,0.72,0.72,0.5042204
0.16,0.42,0.71,0.27,0.72,0.72,0.5042206
0.17,0.43,0.73,0.3,0.74,0.7,0.5042211
0.18,0.42,0.72,0.29,0.75,0.71,0.5042214
0.16,0.4,0.75,0.2,0.72,0.7,0.5042216
0.17,0.49,0.72,0.2,0.75,0.7,0.5042219
0.17,0.42,0.74,0.28,0.73,0.7,0.504222
0.17,0.43,0.74,0.2,0.76,0.7,0.5042221
0.17,0.47,0.75,0.2,0.76,0.7,0.5042221
0.18,0.41,0.74,0.28,0.76,0.7,0.5042222
0.16,0.4,0.75,0.22,0.73,0.7,0.5042223
0.18,0.41,0.73,0.27,0.74,0.71,0.5042223
0.17,0.49,0.7,0.23,0.76,0.7,0.5042224
0.18,0.44,0.7,0.29,0.72,0.72,0.5042225
0.17,0.5,0.74,0.26,0.75,0.7,0.5042227
0.16,0.43,0.74,0.3,0.75,0.71,0.5042231
0.17,0.42,0.73,0.29,0.76,0.72,0.5042233
0.18,0.5,0.7,0.3,0.76,0.7,0.5042233
0.17,0.42,0.7,0.29,0.73,0.7,0.5042234
0.16,0.42,0.75,0.28,0.74,0.71,0.5042238
0.17,0.43,0.75,0.21,0.73,0.7,0.5042238
0.17,0.41,0.75,0.26,0.72,0.7,0.5042239
0.17,0.41,0.71,0.27,0.72,0.7,0.504224
0.17,0.41,0.74,0.27,0.75,0.72,0.5042241
0.17,0.5,0.71,0.21,0.74,0.7,0.5042244
0.16,0.4,0.75,0.24,0.74,0.7,0.5042245
0.16,0.45,0.72,0.3,0.72,0.72,0.5042245
0.18,0.4,0.74,0.25,0.73,0.71,0.5042245
0.17,0.4,0.75,0.21,0.75,0.71,0.5042249
0.17,0.43,0.75,0.23,0.74,0.7,0.5042249
0.18,0.4,0.7,0.26,0.73,0.71,0.5042251
0.18,0.44,0.74,0.3,0.74,0.71,0.5042256
0.16,0.42,0.71,0.29,0.74,0.71,0.5042257
0.17,0.4,0.75,0.25,0.74,0.72,0.504226
0.17,0.5,0.72,0.29,0.76,0.7,0.5042261
0.16,0.41,0.72,0.27,0.73,0.71,0.5042262
0.17,0.4,0.75,0.23,0.76,0.71,0.5042263
0.17,0.41,0.7,0.28,0.75,0.72,0.5042266
0.18,0.43,0.75,0.28,0.73,0.71,0.5042266
0.17,0.43,0.75,0.25,0.75,0.7,0.5042267
0.16,0.49,0.72,0.22,0.76,0.7,0.5042269
0.17,0.4,0.71,0.26,0.74,0.72,0.5042272
0.17,0.44,0.75,0.3,0.75,0.72,0.5042273
0.18,0.43,0.75,0.22,0.76,0.71,0.5042274
0.16,0.4,0.75,0.26,0.75,0.7,0.5042275
0.16,0.4,0.73,0.25,0.72,0.71,0.5042276
0.18,0.43,0.71,0.29,0.73,0.71,0.5042278
0.17,0.44,0.72,0.3,0.72,0.7,0.5042279
0.18,0.41,0.73,0.29,0.76,0.7,0.5042279
0.18,0.43,0.75,0.2,0.75,0.71,0.5042279
0.18,0.46,0.75,0.22,0.74,0.7,0.5042281
0.18,0.46,0.75,0.24,0.75,0.7,0.5042286
0.18,0.42,0.72,0.27,0.72,0.71,0.5042288
0.18,0.46,0.75,0.2,0.73,0.7,0.5042288
0.16,0.5,0.73,0.2,0.74,0.7,0.5042291
0.17,0.43,0.75,0.27,0.76,0.7,0.5042292
0.16,0.42,0.75,0.3,0.76,0.7,0.5042293
0.16,0.5,0.74,0.28,0.76,0.7,0.5042295
0.18,0.42,0.74,0.2,0.73,0.7,0.5042296
0.16,0.5,0.71,0.23,0.75,0.7,0.5042297
0.16,0.44,0.73,0.3,0.73,0.71,0.5042298
0.17,0.43,0.72,0.29,0.74,0.72,0.5042298
0.18,0.42,0.74,0.22,0.74,0.7,0.5042298
0.18,0.46,0.75,0.26,0.76,0.7,0.5042299
0.18,0.4,0.7,0.28,0.75,0.7,0.5042303
0.16,0.43,0.74,0.28,0.72,0.71,0.5042304
0.17,0.42,0.73,0.27,0.73,0.72,0.5042305
0.17,0.4,0.75,0.27,0.76,0.71,0.5042309
0.18,0.42,0.74,0.24,0.75,0.7,0.5042312
0.18,0.5,0.71,0.22,0.76,0.71,0.5042313
0.16,0.41,0.72,0.29,0.75,0.7,0.5042316
0.18,0.43,0.75,0.3,0.75,0.7,0.5042322
0.18,0.45,0.73,0.3,0.72,0.71,0.5042323
0.17,0.4,0.71,0.28,0.76,0.71,0.5042324
0.17,0.41,0.74,0.25,0.72,0.72,0.5042324
0.16,0.4,0.73,0.27,0.74,0.7,0.5042325
0.16,0.43,0.7,0.29,0.72,0.71,0.5042325
0.18,0.48,0.74,0.21,0.76,0.7,0.5042332
0.18,0.42,0.74,0.26,0.76,0.7,0.5042335
0.17,0.45,0.74,0.3,0.73,0.72,0.504234
0.18,0.42,0.72,0.29,0.74,0.7,0.5042341
0.17,0.41,0.7,0.26,0.72,0.72,0.5042342
0.17,0.44,0.75,0.28,0.72,0.72,0.5042349
0.18,0.49,0.73,0.22,0.75,0.7,0.5042349
0.18,0.41,0.73,0.27,0.73,0.7,0.5042354
0.18,0.49,0.71,0.25,0.76,0.7,0.5042356
0.17,0.42,0.73,0.29,0.75,0.71,0.5042357
0.17,0.5,0.73,0.21,0.76,0.71,0.5042357
0.16,0.43,0.74,0.3,0.74,0.7,0.5042358
0.18,0.41,0.72,0.28,0.76,0.72,0.5042364
0.18,0.42,0.75,0.25,0.72,0.7,0.5042364
0.16,0.42,0.75,0.28,0.73,0.7,0.5042367
0.16,0.41,0.75,0.2,0.73,0.7,0.5042369
0.17,0.41,0.74,0.27,0.74,0.71,0.5042369
0.17,0.44,0.71,0.29,0.72,0.72,0.504237
0.18,0.5,0.72,0.23,0.74,0.7,0.5042373
0.16,0.41,0.75,0.22,0.74,0.7,0.5042375
0.18,0.5,0.75,0.28,0.75,0.7,0.5042375
0.16,0.42,0.74,0.29,0.76,0.72,0.5042377
0.18,0.4,0.73,0.26,0.75,0.72,0.5042378
0.18,0.4,0.74,0.25,0.72,0.7,0.5042379
0.18,0.5,0.74,0.2,0.73,0.7,0.5042379
0.18,0.4,0.7,0.26,0.72,0.7,0.504238
0.16,0.42,0.71,0.29,0.73,0.7,0.5042383
0.18,0.44,0.74,0.3,0.73,0.7,0.5042384
0.16,0.41,0.75,0.27,0.75,0.72,0.5042387
0.18,0.42,0.75,0.27,0.73,0.7,0.5042388
0.18,0.5,0.7,0.26,0.75,0.7,0.5042388
0.16,0.41,0.72,0.27,0.72,0.7,0.504239
0.17,0.41,0.7,0.28,0.74,0.71,0.504239
0.16,0.41,0.75,0.24,0.75,0.7,0.5042392
0.17,0.4,0.75,0.25,0.73,0.71,0.5042392
0.17,0.49,0.73,0.24,0.76,0.7,0.5042396
0.17,0.44,0.75,0.21,0.74,0.7,0.5042397
0.18,0.43,0.75,0.28,0.72,0.7,0.5042397
0.17,0.4,0.71,0.26,0.73,0.71,0.5042398
0.17,0.49,0.75,0.21,0.75,0.7,0.5042398
0.17,0.44,0.75,0.3,0.74,0.71,0.50424
0.17,0.41,0.75,0.21,0.76,0.71,0.5042401
0.18,0.43,0.74,0.29,0.75,0.72,0.5042401
0.17,0.44,0.75,0.23,0.75,0.7,0.5042402
0.18,0.43,0.71,0.29,0.72,0.7,0.5042407
0.16,0.5,0.75,0.2,0.76,0.71,0.5042408
0.16,0.42,0.7,0.3,0.76,0.72,0.5042409
0.16,0.41,0.71,0.28,0.75,0.72,0.5042413
0.18,0.42,0.75,0.27,0.74,0.72,0.5042414
0.17,0.44,0.75,0.25,0.76,0.7,0.5042416
0.17,0.5,0.74,0.22,0.74,0.7,0.5042416
0.16,0.41,0.75,0.26,0.76,0.7,0.5042418
0.16,0.4,0.72,0.26,0.74,0.72,0.5042421
0.17,0.41,0.74,0.29,0.76,0.7,0.5042423
0.18,0.43,0.7,0.3,0.75,0.72,0.5042424
0.17,0.4,0.74,0.21,0.74,0.7,0.5042425
0.17,0.43,0.72,0.29,0.73,0.71,0.5042425
0.17,0.5,0.72,0.25,0.75,0.7,0.5042425
0.16,0.44,0.73,0.3,0.72,0.7,0.5042426
0.18,0.42,0.71,0.28,0.74,0.72,0.5042429
0.17,0.42,0.73,0.27,0.72,0.71,0.5042434
0.17,0.4,0.74,0.23,0.75,0.7,0.5042439
0.18,0.44,0.75,0.2,0.76,0.71,0.504244
0.16,0.49,0.75,0.23,0.76,0.7,0.5042442
0.18,0.41,0.72,0.26,0.73,0.72,0.5042442
0.18,0.47,0.75,0.22,0.75,0.7,0.5042443
0.16,0.43,0.73,0.29,0.74,0.72,0.5042444
0.17,0.41,0.7,0.3,0.76,0.7,0.5042444
0.18,0.47,0.75,0.24,0.76,0.7,0.5042445
0.17,0.5,0.75,0.3,0.76,0.7,0.5042447
0.17,0.4,0.71,0.28,0.75,0.7,0.504245
0.18,0.43,0.74,0.22,0.75,0.7,0.5042451
0.18,0.47,0.75,0.2,0.74,0.7,0.5042451
0.16,0.42,0.74,0.27,0.73,0.72,0.5042453
0.18,0.43,0.74,0.2,0.74,0.7,0.5042458
0.17,0.5,0.7,0.28,0.76,0.7,0.504246
0.17,0.4,0.74,0.25,0.76,0.7,0.5042461
0.18,0.4,0.74,0.2,0.76,0.71,0.5042461
0.18,0.43,0.74,0.24,0.76,0.7,0.5042462
0.18,0.42,0.75,0.29,0.76,0.71,0.5042466
0.18,0.44,0.73,0.29,0.73,0.72,0.5042467
0.17,0.45,0.74,0.3,0.72,0.71,0.5042468
0.16,0.5,0.74,0.24,0.75,0.7,0.5042469
0.16,0.4,0.72,0.28,0.76,0.71,0.504247
0.18,0.4,0.73,0.24,0.72,0.72,0.504247
0.16,0.41,0.75,0.25,0.72,0.72,0.5042474
0.16,0.42,0.7,0.28,0.73,0.72,0.5042481
0.18,0.43,0.74,0.27,0.72,0.72,0.5042481
0.18,0.42,0.71,0.3,0.76,0.71,0.5042482
0.18,0.5,0.74,0.23,0.76,0.71,0.5042482
0.16,0.45,0.75,0.3,0.73,0.72,0.5042486
0.16,0.49,0.7,0.21,0.76,0.7,0.5042486
0.17,0.42,0.73,0.29,0.74,0.7,0.5042487
0.16,0.41,0.71,0.26,0.72,0.72,0.5042491
0.18,0.41,0.72,0.28,0.75,0.71,0.5042491
0.16,0.5,0.72,0.27,0.76,0.7,0.5042492
0.18,0.43,0.75,0.23,0.72,0.7,0.5042494
0.17,0.4,0.75,0.24,0.72,0.7,0.5042495
0.17,0.41,0.74,0.27,0.73,0.7,0.50425
0.18,0.4,0.75,0.21,0.73,0.71,0.5042501
0.18,0.43,0.7,0.28,0.72,0.72,0.5042501
0.16,0.42,0.74,0.29,0.75,0.71,0.5042503
0.18,0.4,0.75,0.23,0.74,0.71,0.5042505
0.18,0.4,0.73,0.26,0.74,0.71,0.5042506
0.18,0.43,0.75,0.25,0.73,0.7,0.5042506
0.17,0.41,0.73,0.28,0.76,0.72,0.5042508
0.18,0.46,0.75,0.3,0.72,0.72,0.5042511
0.16,0.41,0.75,0.27,0.74,0.71,0.5042516
0.16,0.44,0.72,0.29,0.72,0.72,0.5042516
0.17,0.41,0.7,0.28,0.73,0.7,0.5042517
0.17,0.4,0.74,0.26,0.75,0.72,0.5042523
0.16,0.42,0.75,0.2,0.74,0.7,0.5042526
0.18,0.4,0.75,0.25,0.75,0.71,0.5042526
0.16,0.42,0.75,0.22,0.75,0.7,0.5042527
0.17,0.4,0.71,0.26,0.72,0.7,0.5042527
0.17,0.4,0.75,0.25,0.72,0.7,0.5042528
0.17,0.44,0.75,0.3,0.73,0.7,0.5042529
0.18,0.43,0.74,0.29,0.74,0.71,0.5042529
0.18,0.43,0.75,0.27,0.74,0.7,0.5042529
0.16,0.42,0.7,0.3,0.75,0.71,0.5042533
0.18,0.49,0.74,0.26,0.76,0.7,0.5042536
0.16,0.41,0.71,0.28,0.74,0.71,0.5042537
0.18,0.48,0.72,0.2,0.76,0.7,0.504254
0.16,0.42,0.75,0.24,0.76,0.7,0.5042541
0.17,0.43,0.75,0.29,0.75,0.72,0.5042544
0.18,0.42,0.75,0.27,0.73,0.71,0.5042546
0.16,0.4,0.72,0.26,0.73,0.71,0.5042547
0.17,0.4,0.7,0.27,0.75,0.72,0.5042547
0.18,0.43,0.7,0.3,0.74,0.71,0.5042548
0.18,0.5,0.75,0.24,0.74,0.7,0.5042552
0.17,0.43,0.72,0.29,0.72,0.7,0.5042555
0.18,0.42,0.71,0.28,0.73,0.71,0.5042556
0.17,0.45,0.75,0.21,0.75,0.7,0.5042558
0.17,0.45,0.75,0.23,0.76,0.7,0.5042558
0.18,0.4,0.73,0.28,0.76,0.7,0.5042558
0.18,0.49,0.71,0.21,0.75,0.7,0.5042559
0.18,0.43,0.75,0.29,0.75,0.7,0.504256
0.18,0.5,0.73,0.27,0.75,0.7,0.5042565
0.16,0.41,0.75,0.29,0.76,0.7,0.5042568
0.17,0.43,0.71,0.3,0.75,0.72,0.5042569
0.16,0.43,0.73,0.29,0.73,0.71,0.5042572
0.17,0.5,0.71,0.2,0.76,0.71,0.5042572
0.18,0.41,0.72,0.26,0.72,0.71,0.5042572
0.17,0.42,0.72,0.28,0.74,0.72,0.5042575
0.17,0.41,0.74,0.21,0.75,0.7,0.5042577
0.16,0.42,0.74,0.27,0.72,0.71,0.5042583
0.18,0.5,0.7,0.22,0.74,0.7,0.5042585
0.17,0.41,0.73,0.26,0.73,0.72,0.5042587
0.17,0.41,0.74,0.23,0.76,0.7,0.5042588
0.16,0.41,0.71,0.3,0.76,0.7,0.5042591
0.18,0.44,0.73,0.29,0.72,0.71,0.5042596
0.16,0.4,0.72,0.28,0.75,0.7,0.5042598
0.17,0.5,0.75,0.26,0.75,0.7,0.5042604
0.18,0.5,0.71,0.3,0.76,0.7,0.5042605
0.17,0.49,0.71,0.23,0.76,0.7,0.5042606
0.18,0.48,0.75,0.22,0.76,0.7,0.5042606
0.16,0.42,0.7,0.28,0.72,0.71,0.5042607
0.17,0.49,0.73,0.2,0.75,0.7,0.5042607
0.18,0.42,0.71,0.3,0.75,0.7,0.5042609
0.17,0.44,0.74,0.29,0.73,0.72,0.5042611
0.18,0.44,0.74,0.22,0.76,0.7,0.5042611
0.16,0.45,0.75,0.3,0.72,0.71,0.5042615
0.17,0.4,0.74,0.24,0.72,0.72,0.5042615
0.18,0.48,0.75,0.2,0.75,0.7,0.5042616
0.18,0.44,0.74,0.2,0.75,0.7,0.5042619
0.17,0.41,0.75,0.22,0.72,0.7,0.5042621
0.18,0.41,0.72,0.28,0.74,0.7,0.5042621
0.17,0.42,0.72,0.3,0.76,0.71,0.5042626
0.17,0.43,0.75,0.27,0.72,0.72,0.5042626
0.17,0.5,0.72,0.21,0.74,0.7,0.5042629
0.17,0.4,0.7,0.25,0.72,0.72,0.5042631
0.16,0.42,0.74,0.29,0.74,0.7,0.5042633
0.17,0.41,0.75,0.24,0.73,0.7,0.5042635
0.17,0.5,0.7,0.24,0.75,0.7,0.5042635
0.17,0.5,0.73,0.29,0.76,0.7,0.5042635
0.17,0.41,0.73,0.28,0.75,0.71,0.5042636
0.18,0.4,0.73,0.22,0.76,0.7,0.5042638
0.18,0.4,0.73,0.2,0.75,0.7,0.5042639
0.17,0.44,0.7,0.3,0.73,0.72,0.504264
0.18,0.4,0.73,0.26,0.73,0.7,0.504264
0.18,0.44,0.75,0.21,0.72,0.7,0.504264
0.18,0.44,0.75,0.23,0.73,0.7,0.5042642
0.18,0.4,0.72,0.27,0.76,0.72,0.5042644
0.18,0.41,0.75,0.21,0.74,0.71,0.5042644
0.17,0.43,0.71,0.28,0.72,0.72,0.5042647
0.16,0.41,0.75,0.27,0.73,0.7,0.504265
0.18,0.41,0.75,0.23,0.75,0.71,0.504265
0.16,0.49,0.73,0.22,0.76,0.7,0.5042652
0.18,0.44,0.75,0.25,0.74,0.7,0.5042652
0.17,0.4,0.74,0.26,0.74,0.71,0.5042653
0.16,0.41,0.74,0.28,0.76,0.72,0.5042654
0.17,0.41,0.75,0.26,0.74,0.7,0.5042659
0.18,0.43,0.74,0.29,0.73,0.7,0.5042659
0.16,0.42,0.7,0.3,0.74,0.7,0.504266
0.18,0.43,0.73,0.3,0.76,0.72,0.5042662
0.16,0.41,0.71,0.28,0.73,0.7,0.5042665
0.18,0.41,0.75,0.25,0.76,0.71,0.5042666
0.16,0.4,0.75,0.26,0.75,0.72,0.504267
0.16,0.5,0.75,0.28,0.76,0.7,0.504267
0.18,0.44,0.75,0.27,0.75,0.7,0.504267
0.17,0.43,0.75,0.29,0.74,0.71,0.5042673
0.17,0.4,0.7,0.27,0.74,0.71,0.5042674
0.18,0.42,0.74,0.28,0.75,0.72,0.5042675
0.16,0.4,0.72,0.26,0.72,0.7,0.5042677
0.18,0.43,0.7,0.3,0.73,0.7,0.5042677
0.16,0.5,0.72,0.23,0.75,0.7,0.5042679
0.16,0.5,0.74,0.2,0.74,0.7,0.5042679
0.16,0.43,0.75,0.22,0.76,0.7,0.504268
0.18,0.4,0.74,0.21,0.72,0.7,0.504268
0.18,0.42,0.75,0.27,0.72,0.7,0.504268
0.18,0.4,0.74,0.23,0.73,0.7,0.5042685
0.16,0.43,0.75,0.2,0.75,0.7,0.5042686
0.17,0.41,0.75,0.28,0.75,0.7,0.5042686
0.16,0.41,0.7,0.29,0.76,0.72,0.5042687
0.18,0.42,0.71,0.28,0.72,0.7,0.5042688
0.18,0.5,0.72,0.22,0.76,0.71,0.5042692
0.17,0.43,0.71,0.3,0.74,0.71,0.5042694
0.16,0.4,0.71,0.27,0.75,0.72,0.5042695
0.18,0.41,0.75,0.26,0.74,0.72,0.5042696
0.18,0.44,0.75,0.29,0.76,0.7,0.5042699
0.16,0.5,0.7,0.26,0.76,0.7,0.50427
0.18,0.42,0.7,0.29,0.75,0.72,0.5042701
0.17,0.4,0.74,0.28,0.76,0.7,0.5042702
0.16,0.43,0.73,0.29,0.72,0.7,0.5042703
0.17,0.42,0.72,0.28,0.73,0.71,0.5042703
0.18,0.4,0.74,0.25,0.74,0.7,0.5042703
0.18,0.41,0.71,0.27,0.74,0.72,0.5042711
0.16,0.43,0.72,0.3,0.75,0.72,0.5042714
0.17,0.41,0.73,0.26,0.72,0.71,0.5042718
0.17,0.46,0.75,0.21,0.76,0.7,0.504272
0.16,0.42,0.73,0.28,0.74,0.72,0.5042721
0.17,0.4,0.7,0.29,0.76,0.7,0.5042725
0.18,0.4,0.74,0.27,0.75,0.7,0.5042729
0.18,0.44,0.72,0.3,0.74,0.72,0.5042731
0.18,0.4,0.72,0.25,0.73,0.72,0.5042732
0.18,0.49,0.74,0.22,0.75,0.7,0.5042733
0.17,0.42,0.74,0.21,0.76,0.7,0.5042735
0.18,0.49,0.72,0.25,0.76,0.7,0.5042735
0.16,0.41,0.74,0.26,0.73,0.72,0.5042736
0.17,0.5,0.74,0.21,0.76,0.71,0.5042737
0.17,0.44,0.74,0.29,0.72,0.71,0.5042741
0.18,0.41,0.75,0.28,0.76,0.71,0.5042742
0.18,0.43,0.73,0.28,0.73,0.72,0.5042743
0.17,0.42,0.72,0.3,0.75,0.7,0.5042753
0.18,0.5,0.73,0.23,0.74,0.7,0.5042754
0.16,0.44,0.75,0.29,0.73,0.72,0.5042757
0.18,0.41,0.71,0.29,0.76,0.71,0.504276
0.18,0.42,0.74,0.26,0.72,0.72,0.5042764
0.16,0.4,0.75,0.24,0.72,0.72,0.5042765
0.16,0.41,0.7,0.27,0.73,0.72,0.5042765
0.18,0.5,0.71,0.26,0.75,0.7,0.5042766
0.17,0.41,0.73,0.28,0.74,0.7,0.5042767
0.17,0.42,0.75,0.2,0.72,0.7,0.5042768
0.17,0.42,0.75,0.22,0.73,0.7,0.5042768
0.17,0.44,0.7,0.3,0.72,0.71,0.5042768
0.18,0.5,0.75,0.2,0.73,0.7,0.5042768
0.16,0.42,0.73,0.3,0.76,0.71,0.5042771
0.18,0.4,0.72,0.27,0.75,0.71,0.5042774
0.17,0.49,0.74,0.24,0.76,0.7,0.5042777
0.17,0.42,0.75,0.24,0.74,0.7,0.504278
0.16,0.41,0.74,0.28,0.75,0.71,0.5042781
0.18,0.45,0.74,0.2,0.76,0.7,0.5042781
0.16,0.4,0.71,0.25,0.72,0.72,0.5042782
0.18,0.45,0.75,0.29,0.72,0.72,0.5042782
0.16,0.44,0.71,0.3,0.73,0.72,0.5042785
0.18,0.42,0.7,0.27,0.72,0.72,0.5042785
0.17,0.4,0.74,0.26,0.73,0.7,0.5042788
0.17,0.4,0.73,0.27,0.76,0.72,0.5042789
0.18,0.43,0.73,0.3,0.75,0.71,0.5042791
0.18,0.42,0.75,0.21,0.75,0.71,0.5042792
0.18,0.45,0.75,0.23,0.74,0.7,0.5042792
0.16,0.43,0.72,0.28,0.72,0.72,0.5042794
0.18,0.42,0.75,0.23,0.76,0.71,0.5042795
0.18,0.45,0.75,0.21,0.73,0.7,0.5042796
0.18,0.41,0.73,0.2,0.76,0.7,0.5042798
0.17,0.42,0.75,0.26,0.75,0.7,0.5042799
0.17,0.5,0.75,0.22,0.74,0.7,0.50428
0.18,0.45,0.75,0.25,0.75,0.7,0.50428
0.16,0.4,0.75,0.26,0.74,0.71,0.5042802
0.17,0.4,0.7,0.27,0.73,0.7,0.5042803
0.17,0.43,0.75,0.29,0.73,0.7,0.5042804
0.17,0.5,0.73,0.25,0.75,0.7,0.5042804
0.17,0.43,0.74,0.3,0.76,0.72,0.5042805
0.18,0.42,0.74,0.28,0.74,0.71,0.5042806
0.18,0.45,0.71,0.3,0.72,0.72,0.5042808
0.16,0.41,0.7,0.29,0.75,0.71,0.5042813
0.18,0.45,0.75,0.27,0.76,0.7,0.5042814
0.17,0.42,0.75,0.28,0.75,0.72,0.5042819
0.16,0.4,0.71,0.27,0.74,0.71,0.5042822
0.17,0.43,0.71,0.3,0.73,0.7,0.5042824
0.17,0.42,0.75,0.28,0.76,0.7,0.5042825
0.18,0.41,0.74,0.21,0.73,0.7,0.5042825
0.18,0.42,0.7,0.29,0.74,0.71,0.5042827
0.18,0.41,0.74,0.23,0.74,0.7,0.5042831
0.18,0.41,0.75,0.26,0.73,0.71,0.5042831
0.17,0.5,0.71,0.28,0.76,0.7,0.5042832
0.17,0.42,0.72,0.28,0.72,0.7,0.5042836
0.18,0.41,0.71,0.27,0.73,0.71,0.5042839
0.16,0.43,0.72,0.3,0.74,0.71,0.5042841
0.18,0.41,0.74,0.25,0.75,0.7,0.5042845
0.17,0.42,0.71,0.29,0.75,0.72,0.5042846
0.16,0.4,0.75,0.28,0.76,0.7,0.5042847
0.16,0.44,0.75,0.2,0.76,0.7,0.5042848
0.16,0.5,0.75,0.24,0.75,0.7,0.5042848
0.17,0.5,0.7,0.2,0.74,0.7,0.5042849
0.16,0.42,0.73,0.28,0.73,0.71,0.5042851
0.17,0.41,0.72,0.27,0.74,0.72,0.5042857
0.18,0.42,0.74,0.3,0.76,0.7,0.5042857
0.18,0.5,0.75,0.23,0.76,0.71,0.504286
0.18,0.44,0.72,0.3,0.73,0.71,0.5042861
0.18,0.4,0.72,0.25,0.72,0.71,0.5042865
0.16,0.5,0.73,0.27,0.76,0.7,0.5042867
0.16,0.41,0.74,0.26,0.72,0.71,0.5042869
0.18,0.41,0.74,0.27,0.76,0.7,0.5042869
0.16,0.49,0.71,0.21,0.76,0.7,0.504287
0.16,0.4,0.71,0.29,0.76,0.7,0.5042872
0.16,0.4,0.74,0.2,0.76,0.7,0.5042873
0.18,0.43,0.73,0.28,0.72,0.71,0.5042874
0.17,0.44,0.73,0.3,0.74,0.72,0.5042875
0.17,0.4,0.73,0.25,0.73,0.72,0.5042876
0.17,0.43,0.74,0.28,0.73,0.72,0.5042887
0.16,0.44,0.75,0.29,0.72,0.71,0.5042889
0.18,0.41,0.71,0.29,0.75,0.7,0.5042889
0.16,0.41,0.7,0.27,0.72,0.71,0.5042895
0.16,0.42,0.73,0.3,0.75,0.7,0.5042899
0.16,0.5,0.7,0.22,0.75,0.7,0.5042899
0.17,0.41,0.72,0.29,0.76,0.71,0.5042904
0.16,0.4,0.75,0.21,0.73,0.7,0.5042905
0.18,0.4,0.72,0.27,0.74,0.7,0.5042906
0.18,0.5,0.7,0.21,0.76,0.71,0.5042909
0.17,0.42,0.75,0.26,0.72,0.72,0.504291
0.16,0.4,0.75,0.23,0.74,0.7,0.5042914
0.16,0.41,0.74,0.28,0.74,0.7,0.5042914
0.18,0.49,0.75,0.26,0.76,0.7,0.5042914
0.16,0.44,0.71,0.3,0.72,0.71,0.5042915
0.17,0.43,0.7,0.29,0.73,0.72,0.5042917
0.17,0.43,0.75,0.22,0.74,0.7,0.5042917
0.17,0.4,0.73,0.27,0.75,0.71,0.5042919
0.17,0.43,0.75,0.2,0.73,0.7,0.5042923
0.18,0.43,0.73,0.3,0.74,0.7,0.5042923
0.17,0.43,0.75,0.24,0.75,0.7,0.5042926
0.17,0.4,0.75,0.22,0.76,0.71,0.5042928
0.18,0.48,0.73,0.2,0.76,0.7,0.5042929
0.17,0.42,0.71,0.27,0.72,0.72,0.504293
0.17,0.4,0.75,0.2,0.75,0.71,0.5042931
0.16,0.4,0.75,0.25,0.75,0.7,0.5042933
0.16,0.4,0.74,0.27,0.76,0.72,0.5042935
0.17,0.43,0.74,0.3,0.75,0.71,0.5042935
0.16,0.4,0.75,0.26,0.73,0.7,0.5042938
0.18,0.42,0.73,0.29,0.76,0.72,0.5042938
0.17,0.43,0.75,0.26,0.76,0.7,0.504294
0.18,0.42,0.74,0.28,0.73,0.7,0.504294
0.18,0.5,0.74,0.27,0.75,0.7,0.504294
0.16,0.41,0.7,0.29,0.74,0.7,0.5042942
0.18,0.49,0.72,0.21,0.75,0.7,0.5042944
0.18,0.49,0.7,0.24,0.76,0.7,0.5042945
0.18,0.43,0.75,0.21,0.76,0.71,0.5042946
0.18,0.46,0.75,0.23,0.75,0.7,0.5042946
0.18,0.46,0.75,0.25,0.76,0.7,0.5042948
0.16,0.43,0.75,0.3,0.76,0.72,0.5042949
0.17,0.42,0.75,0.28,0.74,0.71,0.5042951
0.17,0.45,0.72,0.3,0.72,0.72,0.5042952
0.16,0.4,0.71,0.27,0.73,0.7,0.5042953
0.17,0.5,0.72,0.2,0.76,0.71,0.5042953
0.18,0.46,0.75,0.21,0.74,0.7,0.5042954
0.18,0.41,0.74,0.27,0.75,0.72,0.5042955
0.16,0.4,0.75,0.27,0.76,0.7,0.5042957
0.18,0.42,0.7,0.29,0.73,0.7,0.5042957
0.18,0.5,0.71,0.22,0.74,0.7,0.5042968
0.18,0.41,0.75,0.26,0.72,0.7,0.5042969
0.16,0.4,0.7,0.28,0.76,0.72,0.504297
0.18,0.44,0.75,0.3,0.75,0.72,0.504297
0.16,0.43,0.72,0.3,0.73,0.7,0.5042972
0.17,0.42,0.71,0.29,0.74,0.71,0.5042973
0.18,0.41,0.71,0.27,0.72,0.7,0.5042973
0.18,0.42,0.74,0.21,0.74,0.7,0.5042974
0.18,0.42,0.74,0.23,0.75,0.7,0.5042976
0.18,0.5,0.72,0.3,0.76,0.7,0.5042976
0.18,0.41,0.7,0.28,0.75,0.72,0.5042982
0.16,0.42,0.73,0.28,0.72,0.7,0.5042984
0.18,0.4,0.75,0.25,0.74,0.72,0.5042984
0.17,0.41,0.72,0.27,0.73,0.71,0.5042986
0.17,0.49,0.72,0.23,0.76,0.7,0.5042986
0.18,0.42,0.74,0.25,0.76,0.7,0.5042988
0.16,0.42,0.72,0.29,0.75,0.72,0.5042991
0.18,0.44,0.72,0.3,0.72,0.7,0.5042992
0.17,0.49,0.74,0.2,0.75,0.7,0.5042995
0.18,0.4,0.71,0.26,0.74,0.72,0.5042998
0.17,0.42,0.75,0.3,0.76,0.7,0.5042999
0.16,0.41,0.73,0.27,0.74,0.72,0.5043004
0.17,0.44,0.73,0.3,0.73,0.71,0.5043006
0.17,0.5,0.74,0.29,0.76,0.7,0.5043006
0.18,0.43,0.72,0.29,0.74,0.72,0.5043007
0.17,0.4,0.73,0.25,0.72,0.71,0.504301
0.17,0.5,0.73,0.21,0.74,0.7,0.5043013
0.17,0.5,0.71,0.24,0.75,0.7,0.5043015
0.16,0.44,0.74,0.3,0.74,0.72,0.504302
0.17,0.43,0.74,0.28,0.72,0.71,0.504302
0.18,0.42,0.73,0.27,0.73,0.72,0.5043022
0.18,0.4,0.75,0.27,0.76,0.71,0.5043024
0.16,0.4,0.74,0.25,0.73,0.72,0.5043027
0.18,0.42,0.75,0.24,0.72,0.7,0.5043028
0.16,0.49,0.74,0.22,0.76,0.7,0.5043033
0.16,0.43,0.75,0.28,0.73,0.72,0.5043034
0.17,0.41,0.72,0.29,0.75,0.7,0.5043034
0.18,0.45,0.74,0.3,0.73,0.72,0.504304
0.18,0.4,0.71,0.28,0.76,0.71,0.5043041
0.18,0.42,0.75,0.26,0.73,0.7,0.5043041
0.17,0.43,0.7,0.29,0.72,0.71,0.5043047
0.16,0.41,0.73,0.29,0.76,0.71,0.5043049
0.17,0.4,0.73,0.27,0.74,0.7,0.5043052
0.18,0.41,0.74,0.25,0.72,0.72,0.5043054
0.16,0.4,0.7,0.26,0.73,0.72,0.5043055
0.16,0.41,0.75,0.21,0.74,0.7,0.5043055
0.18,0.44,0.75,0.28,0.72,0.72,0.5043058
0.16,0.41,0.75,0.23,0.75,0.7,0.5043059
0.16,0.5,0.73,0.23,0.75,0.7,0.504306
0.16,0.43,0.71,0.29,0.73,0.72,0.5043063
0.18,0.42,0.75,0.28,0.74,0.7,0.5043064
0.16,0.4,0.74,0.27,0.75,0.71,0.5043065
0.16,0.5,0.75,0.2,0.74,0.7,0.5043065
0.17,0.43,0.74,0.3,0.74,0.7,0.5043067
0.17,0.44,0.75,0.22,0.75,0.7,0.5043069
0.18,0.42,0.73,0.29,0.75,0.71,0.5043069
0.18,0.5,0.73,0.22,0.76,0.71,0.5043069
0.16,0.41,0.75,0.25,0.76,0.7,0.5043073
0.16,0.5,0.71,0.26,0.76,0.7,0.5043073
0.17,0.44,0.75,0.24,0.76,0.7,0.5043073
0.18,0.41,0.7,0.26,0.72,0.72,0.5043074
0.16,0.42,0.72,0.27,0.72,0.72,0.5043078
0.16,0.43,0.75,0.3,0.75,0.71,0.504308
0.17,0.41,0.75,0.2,0.76,0.71,0.504308
0.17,0.42,0.74,0.29,0.76,0.72,0.504308
0.17,0.44,0.75,0.2,0.74,0.7,0.5043081
0.18,0.44,0.71,0.29,0.72,0.72,0.5043083
0.17,0.42,0.75,0.28,0.73,0.7,0.5043085
0.18,0.41,0.74,0.27,0.74,0.71,0.5043089
0.16,0.45,0.73,0.3,0.72,0.72,0.5043097
0.16,0.4,0.7,0.28,0.75,0.71,0.5043098
0.17,0.41,0.75,0.27,0.75,0.72,0.50431
0.18,0.44,0.75,0.3,0.74,0.71,0.5043101
0.18,0.47,0.75,0.23,0.76,0.7,0.5043103
0.17,0.42,0.71,0.29,0.73,0.7,0.5043105
0.18,0.41,0.7,0.28,0.74,0.71,0.5043111
0.17,0.4,0.74,0.22,0.75,0.7,0.5043112
0.18,0.47,0.75,0.21,0.75,0.7,0.5043112
0.17,0.4,0.74,0.2,0.74,0.7,0.5043113
0.18,0.49,0.73,0.25,0.76,0.7,0.5043113
0.17,0.5,0.75,0.21,0.76,0.71,0.5043115
0.17,0.42,0.7,0.3,0.76,0.72,0.5043117
0.18,0.49,0.75,0.22,0.75,0.7,0.5043117
0.16,0.42,0.72,0.29,0.74,0.71,0.504312
0.17,0.41,0.72,0.27,0.72,0.7,0.5043121
0.18,0.4,0.75,0.25,0.73,0.71,0.5043122
0.17,0.4,0.74,0.24,0.76,0.7,0.5043123
0.18,0.43,0.74,0.23,0.76,0.7,0.5043124
0.17,0.41,0.71,0.28,0.75,0.72,0.5043127
0.18,0.4,0.71,0.26,0.73,0.71,0.504313
0.18,0.43,0.74,0.21,0.75,0.7,0.504313
0.16,0.41,0.73,0.27,0.73,0.71,0.5043135
0.18,0.41,0.74,0.29,0.76,0.7,0.5043135
0.18,0.5,0.74,0.23,0.74,0.7,0.5043136
0.17,0.44,0.73,0.3,0.72,0.7,0.5043139
0.18,0.43,0.72,0.29,0.73,0.71,0.5043139
0.18,0.5,0.72,0.26,0.75,0.7,0.5043142
0.17,0.4,0.72,0.26,0.74,0.72,0.5043144
0.16,0.44,0.74,0.3,0.73,0.71,0.5043152
0.17,0.43,0.73,0.29,0.74,0.72,0.5043152
0.17,0.49,0.75,0.24,0.76,0.7,0.5043157
0.18,0.42,0.73,0.27,0.72,0.71,0.5043157
0.18,0.41,0.7,0.3,0.76,0.7,0.5043159
0.16,0.4,0.74,0.25,0.72,0.71,0.5043161
0.17,0.4,0.75,0.23,0.72,0.7,0.5043165
0.18,0.43,0.75,0.22,0.72,0.7,0.5043165
0.18,0.49,0.7,0.2,0.75,0.7,0.5043165
0.16,0.43,0.75,0.28,0.72,0.71,0.5043168
0.17,0.42,0.74,0.27,0.73,0.72,0.5043168
0.18,0.43,0.75,0.24,0.73,0.7,0.5043169
0.18,0.45,0.74,0.3,0.72,0.71,0.5043172
0.18,0.4,0.71,0.28,0.75,0.7,0.5043174
0.18,0.5,0.7,0.29,0.76,0.7,0.5043174
0.18,0.4,0.75,0.22,0.74,0.71,0.5043175
0.18,0.43,0.75,0.26,0.74,0.7,0.5043178
0.16,0.41,0.73,0.29,0.75,0.7,0.504318
0.17,0.4,0.75,0.25,0.73,0.7,0.5043182
0.17,0.5,0.74,0.25,0.75,0.7,0.5043182
0.18,0.4,0.75,0.24,0.75,0.71,0.5043182
0.17,0.45,0.75,0.3,0.73,0.72,0.5043183
0.18,0.4,0.75,0.2,0.73,0.71,0.5043184
0.16,0.4,0.7,0.26,0.72,0.71,0.5043186
0.17,0.4,0.72,0.28,0.76,0.71,0.5043187
0.16,0.43,0.71,0.29,0.72,0.71,0.5043195
0.17,0.41,0.75,0.25,0.72,0.72,0.5043198
0.16,0.4,0.74,0.27,0.74,0.7,0.50432
0.18,0.43,0.75,0.28,0.75,0.7,0.50432
0.17,0.42,0.7,0.28,0.73,0.72,0.5043201
0.18,0.4,0.75,0.26,0.76,0.71,0.5043201
0.18,0.42,0.73,0.29,0.74,0.7,0.5043202
0.16,0.42,0.75,0.21,0.75,0.7,0.5043204
0.17,0.5,0.72,0.28,0.76,0.7,0.5043204
0.16,0.42,0.75,0.23,0.76,0.7,0.5043206
0.17,0.49,0.7,0.22,0.76,0.7,0.5043206
0.16,0.43,0.75,0.3,0.74,0.7,0.5043213
0.17,0.42,0.74,0.29,0.75,0.71,0.5043213
0.17,0.41,0.71,0.26,0.72,0.72,0.5043218
0.18,0.41,0.73,0.28,0.76,0.72,0.5043218
0.16,0.42,0.75,0.29,0.76,0.72,0.5043224
0.17,0.45,0.75,0.22,0.76,0.7,0.5043226
0.18,0.41,0.74,0.27,0.73,0.7,0.5043226
0.18,0.43,0.75,0.3,0.76,0.7,0.5043226
0.17,0.44,0.72,0.29,0.72,0.72,0.5043228
0.16,0.4,0.7,0.28,0.74,0.7,0.5043229
0.17,0.41,0.75,0.27,0.74,0.71,0.5043234
0.18,0.44,0.75,0.3,0.73,0.7,0.5043234
0.17,0.5,0.71,0.2,0.74,0.7,0.5043235
0.17,0.45,0.75,0.2,0.75,0.7,0.5043238
0.16,0.5,0.74,0.27,0.76,0.7,0.5043239
0.18,0.4,0.74,0.26,0.75,0.72,0.5043241
0.18,0.41,0.7,0.28,0.73,0.7,0.5043243
0.17,0.42,0.7,0.3,0.75,0.71,0.5043245
0.18,0.43,0.75,0.29,0.75,0.72,0.5043245
0.16,0.49,0.72,0.21,0.76,0.7,0.5043252
0.16,0.42,0.72,0.29,0.73,0.7,0.5043253
0.17,0.41,0.71,0.28,0.74,0.71,0.5043258
0.17,0.41,0.74,0.22,0.76,0.7,0.5043259
0.16,0.42,0.71,0.3,0.76,0.72,0.5043262
0.17,0.41,0.74,0.2,0.75,0.7,0.5043265
0.18,0.4,0.71,0.26,0.72,0.7,0.5043266
0.18,0.4,0.7,0.27,0.75,0.72,0.5043268
0.16,0.41,0.73,0.27,0.72,0.7,0.5043271
0.18,0.48,0.75,0.21,0.76,0.7,0.5043271
0.18,0.43,0.71,0.3,0.75,0.72,0.5043272
0.16,0.41,0.72,0.28,0.75,0.72,0.5043273
0.18,0.43,0.72,0.29,0.72,0.7,0.5043274
0.17,0.4,0.72,0.26,0.73,0.71,0.5043276
0.16,0.5,0.71,0.22,0.75,0.7,0.504328
0.17,0.43,0.73,0.29,0.73,0.71,0.5043284
0.16,0.44,0.74,0.3,0.72,0.7,0.5043286
0.18,0.44,0.74,0.21,0.76,0.7,0.5043286
0.18,0.42,0.72,0.28,0.74,0.72,0.5043287
0.18,0.5,0.71,0.21,0.76,0.71,0.5043288
0.16,0.4,0.73,0.26,0.74,0.72,0.5043292
0.16,0.43,0.74,0.29,0.74,0.72,0.5043297
0.17,0.41,0.75,0.21,0.72,0.7,0.5043302
0.17,0.41,0.71,0.3,0.76,0.7,0.5043304
0.17,0.42,0.74,0.27,0.72,0.71,0.5043304
0.17,0.41,0.75,0.23,0.73,0.7,0.5043305
0.18,0.41,0.73,0.26,0.73,0.72,0.504331
0.18,0.44,0.75,0.24,0.74,0.7,0.5043311
0.18,0.44,0.75,0.22,0.73,0.7,0.5043312
0.18,0.5,0.75,0.27,0.75,0.7,0.5043314
0.18,0.48,0.74,0.2,0.76,0.7,0.5043315
0.16,0.42,0.75,0.27,0.73,0.72,0.5043316
0.17,0.41,0.75,0.25,0.74,0.7,0.5043316
0.17,0.45,0.75,0.3,0.72,0.71,0.5043316
0.18,0.44,0.74,0.29,0.73,0.72,0.5043316
0.18,0.41,0.75,0.22,0.75,0.71,0.5043317
0.18,0.4,0.73,0.21,0.76,0.7,0.5043318
0.18,0.44,0.75,0.26,0.75,0.7,0.5043319
0.17,0.4,0.72,0.28,0.75,0.7,0.504332
0.18,0.41,0.75,0.24,0.76,0.71,0.5043322
0.18,0.49,0.71,0.24,0.76,0.7,0.5043322
0.18,0.41,0.75,0.2,0.74,0.71,0.5043325
0.18,0.44,0.75,0.2,0.72,0.7,0.5043325
0.18,0.49,0.73,0.21,0.75,0.7,0.5043328
0.18,0.42,0.72,0.3,0.76,0.71,0.5043331
0.17,0.42,0.7,0.28,0.72,0.71,0.5043332
0.16,0.4,0.73,0.28,0.76,0.71,0.5043333
0.17,0.5,0.73,0.2,0.76,0.71,0.5043334
0.16,0.43,0.7,0.3,0.74,0.72,0.5043336
0.17,0.41,0.75,0.27,0.75,0.7,0.5043336
0.18,0.44,0.75,0.28,0.76,0.7,0.5043336
0.18,0.43,0.75,0.27,0.72,0.72,0.504334
0.18,0.5,0.73,0.3,0.76,0.7,0.5043345
0.17,0.42,0.74,0.29,0.74,0.7,0.5043347
0.16,0.42,0.71,0.28,0.73,0.72,0.5043348
0.18,0.44,0.7,0.3,0.73,0.72,0.5043348
0.18,0.4,0.74,0.24,0.72,0.72,0.504335
0.18,0.41,0.73,0.28,0.75,0.71,0.504335
0.18,0.5,0.72,0.22,0.74,0.7,0.504335
0.18,0.5,0.7,0.25,0.75,0.7,0.5043353
0.16,0.42,0.75,0.29,0.75,0.71,0.5043357
0.16,0.43,0.75,0.21,0.76,0.7,0.5043358
0.17,0.41,0.75,0.29,0.76,0.7,0.5043359
0.17,0.41,0.74,0.28,0.76,0.72,0.5043361
0.18,0.4,0.74,0.22,0.73,0.7,0.5043362
0.18,0.43,0.71,0.28,0.72,0.72,0.5043364
0.17,0.49,0.73,0.23,0.76,0.7,0.5043365
0.16,0.41,0.72,0.26,0.72,0.72,0.5043367
0.18,0.4,0.74,0.24,0.74,0.7,0.5043367
0.18,0.4,0.7,0.25,0.72,0.72,0.5043369
0.18,0.4,0.74,0.2,0.72,0.7,0.504337
0.17,0.41,0.75,0.27,0.73,0.7,0.5043373
0.16,0.44,0.73,0.29,0.72,0.72,0.5043374
0.17,0.42,0.7,0.3,0.74,0.7,0.5043376
0.17,0.5,0.75,0.29,0.76,0.7,0.5043376
0.18,0.4,0.74,0.26,0.74,0.71,0.5043377
0.18,0.43,0.75,0.29,0.74,0.71,0.5043378
0.17,0.49,0.75,0.2,0.75,0.7,0.5043381
0.18,0.4,0.74,0.26,0.75,0.7,0.5043384
0.17,0.4,0.75,0.26,0.75,0.72,0.5043386
0.16,0.42,0.71,0.3,0.75,0.71,0.5043391
0.17,0.41,0.71,0.28,0.73,0.7,0.5043391
0.17,0.5,0.72,0.24,0.75,0.7,0.5043392
0.17,0.5,0.74,0.21,0.74,0.7,0.5043396
0.17,0.46,0.75,0.2,0.76,0.7,0.5043397
0.17,0.41,0.7,0.29,0.76,0.72,0.5043399
0.18,0.4,0.7,0.27,0.74,0.71,0.5043399
0.18,0.43,0.71,0.3,0.74,0.71,0.5043403
0.16,0.41,0.72,0.28,0.74,0.71,0.5043405
0.16,0.49,0.75,0.22,0.76,0.7,0.5043412
0.17,0.4,0.72,0.26,0.72,0.7,0.5043413
0.17,0.5,0.7,0.27,0.76,0.7,0.5043413
0.17,0.4,0.71,0.27,0.75,0.72,0.5043414
0.17,0.43,0.72,0.3,0.75,0.72,0.5043416
0.18,0.4,0.74,0.28,0.76,0.7,0.5043419
0.17,0.43,0.73,0.29,0.72,0.7,0.504342
0.17,0.42,0.74,0.2,0.76,0.7,0.5043421
0.18,0.42,0.72,0.28,0.73,0.71,0.5043421
0.16,0.4,0.73,0.26,0.73,0.71,0.5043425
0.16,0.43,0.74,0.29,0.73,0.71,0.5043431
0.17,0.42,0.73,0.28,0.74,0.72,0.5043432
0.16,0.5,0.74,0.23,0.75,0.7,0.5043438
0.18,0.4,0.7,0.29,0.76,0.7,0.5043444
0.18,0.5,0.74,0.22,0.76,0.71,0.5043445
0.16,0.5,0.72,0.26,0.76,0.7,0.5043447
0.17,0.42,0.75,0.21,0.73,0.7,0.5043447
0.17,0.42,0.75,0.23,0.74,0.7,0.5043448
0.18,0.41,0.73,0.26,0.72,0.71,0.5043448
0.16,0.41,0.72,0.3,0.76,0.7,0.5043449
0.18,0.44,0.74,0.29,0.72,0.71,0.504345
0.16,0.42,0.75,0.27,0.72,0.71,0.5043453
0.17,0.41,0.74,0.26,0.73,0.72,0.5043455
0.17,0.42,0.75,0.25,0.75,0.7,0.5043455
0.18,0.45,0.75,0.24,0.75,0.7,0.5043456
0.18,0.42,0.75,0.22,0.76,0.71,0.5043458
0.17,0.44,0.75,0.29,0.73,0.72,0.5043459
0.18,0.45,0.75,0.26,0.76,0.7,0.504346
0.18,0.45,0.75,0.22,0.74,0.7,0.5043461
0.18,0.42,0.72,0.3,0.75,0.7,0.5043465
0.16,0.4,0.73,0.28,0.75,0.7,0.5043467
0.16,0.43,0.7,0.3,0.73,0.71,0.5043467
0.17,0.42,0.75,0.27,0.76,0.7,0.504347
0.18,0.42,0.75,0.2,0.75,0.71,0.5043472
0.17,0.42,0.73,0.3,0.76,0.71,0.5043474
0.18,0.45,0.75,0.2,0.73,0.7,0.5043479
0.16,0.42,0.71,0.28,0.72,0.71,0.504348
0.16,0.49,0.7,0.2,0.76,0.7,0.504348
0.18,0.44,0.7,0.3,0.72,0.71,0.5043481
0.18,0.41,0.73,0.28,0.74,0.7,0.5043487
0.17,0.41,0.7,0.27,0.73,0.72,0.504349
0.18,0.49,0.74,0.25,0.76,0.7,0.504349
0.17,0.44,0.71,0.3,0.73,0.72,0.5043492
0.16,0.42,0.75,0.29,0.74,0.7,0.5043493
0.17,0.4,0.75,0.24,0.72,0.72,0.5043494
0.17,0.41,0.74,0.28,0.75,0.71,0.5043495
0.18,0.4,0.73,0.27,0.76,0.72,0.5043502
0.18,0.43,0.74,0.3,0.76,0.72,0.5043502
0.18,0.41,0.74,0.22,0.74,0.7,0.5043504
0.16,0.41,0.75,0.28,0.76,0.72,0.5043505
0.18,0.41,0.74,0.24,0.75,0.7,0.5043507
0.17,0.43,0.72,0.28,0.72,0.72,0.504351
0.17,0.4,0.71,0.25,0.72,0.72,0.5043513
0.18,0.41,0.74,0.2,0.73,0.7,0.5043513
0.18,0.43,0.75,0.29,0.73,0.7,0.5043515
0.18,0.5,0.75,0.23,0.74,0.7,0.5043516
0.18,0.5,0.73,0.26,0.75,0.7,0.5043517
0.18,0.4,0.74,0.26,0.73,0.7,0.5043518
0.18,0.41,0.74,0.26,0.76,0.7,0.504352
0.16,0.42,0.71,0.3,0.74,0.7,0.5043523
0.17,0.4,0.75,0.26,0.74,0.71,0.5043524
0.18,0.42,0.75,0.28,0.75,0.72,0.5043524
0.17,0.41,0.7,0.29,0.75,0.71,0.504353
0.18,0.4,0.7,0.27,0.73,0.7,0.5043535
0.18,0.43,0.71,0.3,0.73,0.7,0.5043538
0.16,0.41,0.72,0.28,0.73,0.7,0.5043539
0.16,0.41,0.71,0.29,0.76,0.72,0.5043544
0.18,0.5,0.71,0.29,0.76,0.7,0.5043544
0.17,0.4,0.71,0.27,0.74,0.71,0.5043547
0.17,0.43,0.72,0.3,0.74,0.71,0.5043548
0.18,0.49,0.71,0.2,0.75,0.7,0.5043549
0.18,0.42,0.71,0.29,0.75,0.72,0.5043553
0.17,0.5,0.75,0.25,0.75,0.7,0.5043558
0.18,0.42,0.72,0.28,0.72,0.7,0.5043559
0.16,0.43,0.73,0.3,0.75,0.72,0.504356
0.16,0.4,0.72,0.27,0.75,0.72,0.5043561
0.16,0.4,0.73,0.26,0.72,0.7,0.5043563
0.16,0.43,0.74,0.29,0.72,0.7,0.5043567
0.17,0.42,0.73,0.28,0.73,0.71,0.5043567
0.18,0.41,0.75,0.25,0.72,0.7,0.5043568
0.18,0.41,0.72,0.27,0.74,0.72,0.5043573
0.18,0.5,0.7,0.21,0.74,0.7,0.5043573
0.17,0.5,0.73,0.28,0.76,0.7,0.5043575
0.18,0.44,0.73,0.3,0.74,0.72,0.5043575
0.16,0.42,0.74,0.28,0.74,0.72,0.5043578
0.17,0.49,0.71,0.22,0.76,0.7,0.5043586
0.17,0.4,0.71,0.29,0.76,0.7,0.5043589
0.16,0.4,0.75,0.22,0.74,0.7,0.504359
0.17,0.43,0.75,0.23,0.75,0.7,0.504359
0.17,0.41,0.74,0.26,0.72,0.71,0.5043594
0.17,0.43,0.75,0.21,0.74,0.7,0.5043594
0.17,0.43,0.75,0.25,0.76,0.7,0.5043594
0.17,0.44,0.75,0.29,0.72,0.71,0.5043596
0.18,0.43,0.74,0.28,0.73,0.72,0.5043596
0.16,0.4,0.75,0.2,0.73,0.7,0.5043597
0.16,0.4,0.75,0.24,0.75,0.7,0.5043597
0.16,0.43,0.7,0.3,0.72,0.7,0.5043601
0.16,0.41,0.75,0.26,0.73,0.72,0.5043605
0.17,0.4,0.75,0.21,0.76,0.71,0.5043605
0.18,0.4,0.73,0.25,0.73,0.72,0.5043605
0.18,0.46,0.75,0.24,0.76,0.7,0.5043605
0.17,0.42,0.73,0.3,0.75,0.7,0.5043609
0.16,0.5,0.75,0.27,0.76,0.7,0.504361
0.16,0.4,0.75,0.26,0.76,0.7,0.5043612
0.17,0.5,0.7,0.23,0.75,0.7,0.5043614
0.18,0.41,0.72,0.29,0.76,0.71,0.5043614
0.18,0.46,0.75,0.22,0.75,0.7,0.5043614
0.16,0.42,0.74,0.3,0.76,0.71,0.5043618
0.16,0.42,0.7,0.29,0.74,0.72,0.5043619
0.17,0.5,0.72,0.2,0.74,0.7,0.5043619
0.17,0.41,0.7,0.27,0.72,0.71,0.5043624
0.18,0.43,0.75,0.2,0.76,0.71,0.5043625
0.17,0.44,0.71,0.3,0.72,0.71,0.5043626
0.18,0.42,0.75,0.26,0.72,0.72,0.5043629
0.18,0.43,0.7,0.29,0.73,0.72,0.5043629
0.17,0.41,0.74,0.28,0.74,0.7,0.5043632
0.16,0.49,0.73,0.21,0.76,0.7,0.5043633
0.18,0.46,0.75,0.2,0.74,0.7,0.5043633
0.16,0.41,0.71,0.27,0.73,0.72,0.5043637
0.18,0.43,0.74,0.3,0.75,0.71,0.5043637
0.16,0.44,0.72,0.3,0.73,0.72,0.5043638
0.18,0.4,0.73,0.27,0.75,0.71,0.5043638
0.16,0.41,0.75,0.28,0.75,0.71,0.504364
0.17,0.43,0.75,0.3,0.76,0.72,0.5043644
0.17,0.4,0.74,0.27,0.76,0.72,0.5043646
0.18,0.42,0.74,0.22,0.75,0.7,0.5043647
0.18,0.42,0.74,0.24,0.76,0.7,0.5043648
0.18,0.42,0.71,0.27,0.72,0.72,0.5043651
0.18,0.45,0.72,0.3,0.72,0.72,0.5043656
0.16,0.43,0.73,0.28,0.72,0.72,0.5043657
0.16,0.5,0.72,0.22,0.75,0.7,0.504366
0.17,0.41,0.7,0.29,0.74,0.7,0.5043662
0.18,0.42,0.75,0.28,0.74,0.71,0.5043662
0.16,0.4,0.72,0.25,0.72,0.72,0.5043663
0.18,0.42,0.74,0.2,0.74,0.7,0.5043663
0.18,0.5,0.72,0.21,0.76,0.71,0.5043665
0.17,0.4,0.75,0.26,0.73,0.7,0.5043666
0.16,0.5,0.7,0.25,0.76,0.7,0.5043667
0.16,0.41,0.71,0.29,0.75,0.71,0.5043676
0.17,0.4,0.71,0.27,0.73,0.7,0.5043682
0.17,0.4,0.7,0.28,0.76,0.72,0.5043685
0.17,0.43,0.72,0.3,0.73,0.7,0.5043685
0.18,0.42,0.71,0.29,0.74,0.71,0.5043686
0.16,0.4,0.72,0.27,0.74,0.71,0.5043694
0.16,0.43,0.73,0.3,0.74,0.71,0.5043694
0.17,0.42,0.72,0.29,0.75,0.72,0.5043698
0.18,0.42,0.75,0.23,0.72,0.7,0.5043698
0.18,0.42,0.75,0.25,0.73,0.7,0.5043699
0.18,0.49,0.72,0.24,0.76,0.7,0.50437
0.17,0.42,0.73,0.28,0.72,0.7,0.5043706
0.18,0.41,0.72,0.27,0.73,0.71,0.5043709
0.18,0.44,0.73,0.3,0.73,0.71,0.504371
0.18,0.49,0.74,0.21,0.75,0.7,0.5043711
0.18,0.5,0.74,0.3,0.76,0.7,0.5043711
0.17,0.5,0.74,0.2,0.76,0.71,0.5043712
0.18,0.42,0.75,0.27,0.74,0.7,0.5043712
0.16,0.42,0.74,0.28,0.73,0.71,0.5043714
0.17,0.41,0.73,0.27,0.74,0.72,0.5043717
0.17,0.44,0.74,0.3,0.74,0.72,0.5043719
0.18,0.5,0.71,0.25,0.75,0.7,0.5043729
0.18,0.5,0.73,0.22,0.74,0.7,0.504373
0.18,0.42,0.75,0.29,0.75,0.7,0.5043732
0.16,0.41,0.75,0.22,0.75,0.7,0.5043733
0.18,0.43,0.74,0.28,0.72,0.71,0.5043734
0.16,0.4,0.72,0.29,0.76,0.7,0.5043735
0.17,0.44,0.75,0.23,0.76,0.7,0.5043735
0.16,0.41,0.75,0.24,0.76,0.7,0.5043737
0.17,0.43,0.75,0.28,0.73,0.72,0.5043741
0.16,0.41,0.75,0.2,0.74,0.7,0.5043742
0.17,0.49,0.74,0.23,0.76,0.7,0.5043743
0.18,0.4,0.73,0.25,0.72,0.71,0.5043744
0.16,0.41,0.75,0.26,0.72,0.71,0.5043745
0.17,0.44,0.75,0.21,0.75,0.7,0.5043747
0.17,0.4,0.74,0.25,0.73,0.72,0.504375
0.18,0.41,0.72,0.29,0.75,0.7,0.504375
0.16,0.42,0.7,0.29,0.73,0.71,0.5043753
0.16,0.42,0.74,0.3,0.75,0.7,0.5043754
0.17,0.41,0.73,0.29,0.76,0.71,0.5043757
0.18,0.43,0.7,0.29,0.72,0.71,0.5043765
0.18,0.47,0.75,0.22,0.76,0.7,0.5043767
0.17,0.5,0.73,0.24,0.75,0.7,0.5043769
0.16,0.41,0.71,0.27,0.72,0.71,0.5043772
0.18,0.43,0.74,0.3,0.74,0.7,0.5043773
0.16,0.44,0.72,0.3,0.72,0.71,0.5043774
0.17,0.43,0.71,0.29,0.73,0.72,0.5043774
0.18,0.4,0.73,0.27,0.74,0.7,0.5043777
0.17,0.5,0.75,0.21,0.74,0.7,0.5043778
0.16,0.41,0.75,0.28,0.74,0.7,0.5043779
0.17,0.43,0.75,0.3,0.75,0.71,0.5043779
0.17,0.4,0.7,0.26,0.73,0.72,0.5043782
0.18,0.42,0.74,0.29,0.76,0.72,0.5043782
0.17,0.4,0.74,0.27,0.75,0.71,0.5043783
0.17,0.5,0.71,0.27,0.76,0.7,0.5043784
0.18,0.47,0.75,0.2,0.75,0.7,0.5043789
0.16,0.4,0.75,0.27,0.76,0.72,0.5043792
0.17,0.4,0.74,0.23,0.76,0.7,0.5043792
0.17,0.4,0.74,0.21,0.75,0.7,0.5043794
0.18,0.43,0.74,0.22,0.76,0.7,0.5043795
0.17,0.42,0.72,0.27,0.72,0.72,0.5043797
0.17,0.45,0.73,0.3,0.72,0.72,0.5043799
0.18,0.42,0.75,0.28,0.73,0.7,0.5043801
0.18,0.41,0.75,0.27,0.75,0.72,0.5043809
0.16,0.41,0.71,0.29,0.74,0.7,0.504381
0.16,0.5,0.75,0.23,0.75,0.7,0.5043814
0.18,0.43,0.74,0.2,0.75,0.7,0.5043816
0.17,0.4,0.7,0.28,0.75,0.71,0.5043818
0.16,0.5,0.73,0.26,0.76,0.7,0.504382
0.18,0.42,0.7,0.3,0.76,0.72,0.504382
0.18,0.5,0.75,0.22,0.76,0.71,0.504382
0.18,0.42,0.71,0.29,0.73,0.7,0.5043824
0.16,0.4,0.71,0.28,0.76,0.72,0.5043831
0.16,0.4,0.72,0.27,0.73,0.7,0.5043831
0.16,0.43,0.73,0.3,0.73,0.7,0.5043831
0.17,0.42,0.72,0.29,0.74,0.71,0.5043831
0.18,0.43,0.75,0.25,0.74,0.7,0.5043836
0.18,0.43,0.75,0.23,0.73,0.7,0.5043837
0.18,0.41,0.71,0.28,0.75,0.72,0.5043839
0.16,0.42,0.73,0.29,0.75,0.72,0.5043843
0.17,0.4,0.75,0.22,0.72,0.7,0.5043843
0.18,0.43,0.75,0.21,0.72,0.7,0.5043844
0.18,0.43,0.75,0.27,0.75,0.7,0.5043845
0.17,0.4,0.75,0.24,0.73,0.7,0.5043846
0.18,0.4,0.75,0.23,0.75,0.71,0.5043847
0.18,0.44,0.73,0.3,0.72,0.7,0.5043848
0.18,0.41,0.72,0.27,0.72,0.7,0.504385
0.18,0.4,0.75,0.25,0.76,0.71,0.5043853
0.16,0.42,0.74,0.28,0.72,0.7,0.5043854
0.17,0.41,0.73,0.27,0.73,0.71,0.5043855
0.17,0.44,0.74,0.3,0.73,0.71,0.5043855
0.18,0.4,0.75,0.21,0.74,0.71,0.5043855
0.18,0.43,0.73,0.29,0.74,0.72,0.5043855
0.17,0.4,0.75,0.26,0.74,0.7,0.5043859
0.16,0.49,0.71,0.2,0.76,0.7,0.5043862
0.18,0.43,0.75,0.29,0.76,0.7,0.5043863
0.16,0.41,0.74,0.27,0.74,0.72,0.5043864
0.16,0.44,0.75,0.3,0.74,0.72,0.5043864
0.18,0.4,0.72,0.26,0.74,0.72,0.5043865
0.18,0.49,0.75,0.25,0.76,0.7,0.5043865
0.16,0.42,0.75,0.22,0.76,0.7,0.5043876
0.18,0.45,0.75,0.3,0.73,0.72,0.5043879
0.17,0.43,0.75,0.28,0.72,0.71,0.504388
0.18,0.42,0.74,0.27,0.73,0.72,0.5043881
0.16,0.42,0.7,0.29,0.72,0.7,0.5043888
0.16,0.5,0.7,0.21,0.75,0.7,0.504389
0.18,0.5,0.74,0.26,0.75,0.7,0.504389
0.17,0.4,0.74,0.25,0.72,0.71,0.5043891
0.16,0.42,0.75,0.2,0.75,0.7,0.5043892
0.17,0.41,0.73,0.29,0.75,0.7,0.5043894
0.18,0.5,0.7,0.2,0.76,0.71,0.5043894
0.16,0.4,0.75,0.25,0.73,0.72,0.50439
0.17,0.45,0.75,0.21,0.76,0.7,0.50439
0.18,0.4,0.72,0.28,0.76,0.71,0.5043901
0.16,0.41,0.74,0.29,0.76,0.71,0.5043902
0.16,0.41,0.7,0.28,0.74,0.72,0.5043909
0.17,0.43,0.71,0.29,0.72,0.71,0.5043911
0.18,0.5,0.72,0.29,0.76,0.7,0.5043912
0.17,0.43,0.75,0.3,0.74,0.7,0.5043917
0.18,0.42,0.7,0.28,0.73,0.72,0.5043917
0.17,0.4,0.7,0.26,0.72,0.71,0.5043919
0.18,0.42,0.74,0.29,0.75,0.71,0.5043919
0.16,0.43,0.72,0.29,0.73,0.72,0.504392
0.18,0.49,0.7,0.23,0.76,0.7,0.5043922
0.17,0.4,0.74,0.27,0.74,0.7,0.5043923
0.17,0.42,0.75,0.29,0.76,0.72,0.5043924
0.18,0.41,0.75,0.25,0.72,0.72,0.5043924
0.16,0.4,0.75,0.27,0.75,0.71,0.5043929
0.16,0.4,0.71,0.26,0.73,0.72,0.5043931
0.18,0.49,0.72,0.2,0.75,0.7,0.5043933
0.18,0.44,0.72,0.29,0.72,0.72,0.5043936
0.17,0.41,0.74,0.21,0.76,0.7,0.5043939
0.16,0.42,0.73,0.27,0.72,0.72,0.5043944
0.16,0.45,0.74,0.3,0.72,0.72,0.5043944
0.17,0.5,0.74,0.28,0.76,0.7,0.5043944
0.18,0.41,0.71,0.26,0.72,0.72,0.5043945
0.18,0.48,0.75,0.2,0.76,0.7,0.5043945
0.16,0.41,0.7,0.3,0.76,0.71,0.5043946
0.18,0.41,0.75,0.27,0.74,0.71,0.5043949
0.18,0.42,0.7,0.3,0.75,0.71,0.5043953
0.17,0.4,0.7,0.28,0.74,0.7,0.5043954
0.18,0.5,0.71,0.21,0.74,0.7,0.5043955
0.17,0.42,0.71,0.3,0.76,0.72,0.5043964
0.17,0.49,0.72,0.22,0.76,0.7,0.5043964
0.16,0.4,0.71,0.28,0.75,0.71,0.5043965
0.18,0.44,0.74,0.2,0.76,0.7,0.504397
0.17,0.42,0.72,0.29,0.73,0.7,0.5043971
0.18,0.41,0.71,0.28,0.74,0.71,0.5043974
0.18,0.44,0.75,0.25,0.75,0.7,0.5043974
0.18,0.44,0.75,0.23,0.74,0.7,0.5043977
0.16,0.42,0.73,0.29,0.74,0.71,0.5043978
0.18,0.44,0.75,0.27,0.76,0.7,0.5043979
0.17,0.41,0.75,0.22,0.73,0.7,0.5043981
0.17,0.41,0.75,0.24,0.74,0.7,0.5043981
0.17,0.41,0.72,0.28,0.75,0.72,0.5043984
0.18,0.41,0.75,0.23,0.76,0.71,0.5043984
0.17,0.41,0.75,0.26,0.75,0.7,0.504399
0.18,0.44,0.75,0.21,0.73,0.7,0.504399
0.17,0.5,0.71,0.23,0.75,0.7,0.5043991
0.18,0.41,0.75,0.21,0.75,0.71,0.5043991
0.17,0.41,0.75,0.2,0.72,0.7,0.5043993
0.17,0.44,0.74,0.3,0.72,0.7,0.5043993
0.18,0.43,0.73,0.29,0.73,0.71,0.5043994
0.17,0.41,0.73,0.27,0.72,0.7,0.5043997
0.17,0.43,0.74,0.29,0.74,0.72,0.5044
0.16,0.44,0.75,0.3,0.73,0.71,0.5044001
0.17,0.5,0.73,0.2,0.74,0.7,0.5044001
0.16,0.41,0.74,0.27,0.73,0.71,0.5044003
0.18,0.4,0.72,0.26,0.73,0.71,0.5044003
0.17,0.41,0.75,0.28,0.76,0.7,0.5044005
0.17,0.4,0.73,0.26,0.74,0.72,0.5044011
0.18,0.4,0.73,0.2,0.76,0.7,0.5044011
0.16,0.49,0.74,0.21,0.76,0.7,0.5044013
0.18,0.41,0.71,0.3,0.76,0.7,0.5044014
0.18,0.45,0.75,0.3,0.72,0.71,0.5044016
0.18,0.42,0.74,0.27,0.72,0.71,0.5044023
0.17,0.42,0.75,0.27,0.73,0.72,0.5044027
0.16,0.5,0.73,0.22,0.75,0.7,0.5044038
0.18,0.4,0.72,0.28,0.75,0.7,0.5044039
0.16,0.41,0.74,0.29,0.75,0.7,0.504404
0.16,0.5,0.71,0.25,0.76,0.7,0.504404
0.18,0.4,0.74,0.23,0.74,0.7,0.504404
0.18,0.5,0.73,0.21,0.76,0.71,0.504404
0.16,0.4,0.75,0.25,0.72,0.71,0.5044041
0.17,0.43,0.7,0.3,0.74,0.72,0.5044042
0.18,0.4,0.74,0.25,0.75,0.7,0.5044043
0.16,0.41,0.7,0.28,0.73,0.71,0.5044044
0.16,0.43,0.75,0.2,0.76,0.7,0.5044044
0.17,0.4,0.73,0.28,0.76,0.71,0.5044045
0.18,0.4,0.74,0.21,0.73,0.7,0.5044047
0.18,0.42,0.7,0.28,0.72,0.71,0.5044053
0.18,0.4,0.74,0.27,0.76,0.7,0.5044057
0.18,0.42,0.74,0.29,0.74,0.7,0.5044058
0.16,0.43,0.72,0.29,0.72,0.71,0.5044059
0.17,0.42,0.71,0.28,0.73,0.72,0.5044062
0.17,0.42,0.75,0.29,0.75,0.71,0.5044062
0.18,0.41,0.74,0.28,0.76,0.72,0.5044066
0.16,0.4,0.71,0.26,0.72,0.71,0.5044068
0.16,0.4,0.75,0.27,0.74,0.7,0.504407
0.18,0.49,0.73,0.24,0.76,0.7,0.5044075
0.18,0.5,0.75,0.3,0.76,0.7,0.5044076
0.17,0.44,0.73,0.29,0.72,0.72,0.504408
0.16,0.41,0.7,0.3,0.75,0.7,0.5044082
0.17,0.41,0.72,0.26,0.72,0.72,0.5044089
0.18,0.42,0.7,0.3,0.74,0.7,0.5044089
0.17,0.5,0.75,0.2,0.76,0.71,0.504409
0.18,0.41,0.75,0.27,0.73,0.7,0.5044093
0.18,0.49,0.75,0.21,0.75,0.7,0.5044093
0.17,0.42,0.71,0.3,0.75,0.71,0.5044098
0.18,0.4,0.75,0.26,0.75,0.72,0.50441
0.16,0.4,0.71,0.28,0.74,0.7,0.5044102
0.18,0.5,0.72,0.25,0.75,0.7,0.5044103
0.18,0.41,0.7,0.29,0.76,0.72,0.5044106
0.16,0.42,0.72,0.3,0.76,0.72,0.5044108
0.18,0.5,0.74,0.22,0.74,0.7,0.5044109
0.18,0.45,0.75,0.25,0.76,0.7,0.5044113
0.18,0.41,0.71,0.28,0.73,0.7,0.5044114
0.18,0.43,0.72,0.3,0.75,0.72,0.5044115
0.16,0.42,0.73,0.29,0.73,0.7,0.5044118
0.17,0.42,0.75,0.24,0.75,0.7,0.5044118
0.18,0.45,0.75,0.23,0.75,0.7,0.5044119
0.17,0.41,0.72,0.28,0.74,0.71,0.504412
0.17,0.42,0.75,0.22,0.74,0.7,0.504412
0.17,0.49,0.75,0.23,0.76,0.7,0.5044121
0.17,0.42,0.75,0.26,0.76,0.7,0.5044122
0.18,0.5,0.7,0.28,0.76,0.7,0.5044123
0.16,0.41,0.73,0.28,0.75,0.72,0.504413
0.18,0.4,0.71,0.27,0.75,0.72,0.504413
0.18,0.42,0.75,0.21,0.76,0.71,0.5044133
0.18,0.43,0.73,0.29,0.72,0.7,0.5044134
0.17,0.42,0.75,0.2,0.73,0.7,0.5044135
0.17,0.43,0.74,0.29,0.73,0.71,0.5044138
0.18,0.45,0.75,0.21,0.74,0.7,0.5044139
0.16,0.44,0.75,0.3,0.72,0.7,0.504414
0.18,0.42,0.73,0.28,0.74,0.72,0.504414
0.17,0.5,0.74,0.24,0.75,0.7,0.5044144
0.16,0.43,0.75,0.29,0.74,0.72,0.5044145
0.16,0.41,0.74,0.27,0.72,0.7,0.5044146
0.18,0.4,0.72,0.26,0.72,0.7,0.5044147
0.17,0.4,0.73,0.26,0.73,0.71,0.504415
0.17,0.5,0.72,0.27,0.76,0.7,0.5044154
0.16,0.4,0.74,0.26,0.74,0.72,0.5044158
0.17,0.41,0.72,0.3,0.76,0.7,0.5044158
0.18,0.44,0.75,0.29,0.73,0.72,0.5044159
0.17,0.42,0.75,0.27,0.72,0.71,0.5044169
0.18,0.41,0.74,0.26,0.73,0.72,0.5044173
0.18,0.42,0.73,0.3,0.76,0.71,0.5044176
0.18,0.41,0.74,0.23,0.75,0.7,0.5044177
0.17,0.43,0.7,0.3,0.73,0.71,0.5044178
0.18,0.41,0.74,0.25,0.76,0.7,0.5044178
0.16,0.41,0.7,0.28,0.72,0.7,0.5044183
0.17,0.4,0.73,0.28,0.75,0.7,0.5044184
0.18,0.41,0.74,0.21,0.74,0.7,0.5044186
0.16,0.43,0.71,0.3,0.74,0.72,0.5044187
0.16,0.4,0.74,0.28,0.76,0.71,0.504419
0.16,0.5,0.74,0.26,0.76,0.7,0.5044192
0.17,0.49,0.7,0.21,0.76,0.7,0.5044195
0.18,0.44,0.71,0.3,0.73,0.72,0.5044196
0.17,0.42,0.71,0.28,0.72,0.71,0.5044201
0.17,0.42,0.75,0.29,0.74,0.7,0.5044202
0.16,0.4,0.7,0.27,0.74,0.72,0.5044203
0.18,0.41,0.74,0.28,0.75,0.71,0.5044205
0.17,0.41,0.75,0.28,0.76,0.72,0.5044208
0.16,0.42,0.72,0.28,0.73,0.72,0.5044209
0.18,0.41,0.7,0.27,0.73,0.72,0.504421
0.18,0.43,0.72,0.28,0.72,0.72,0.5044222
0.18,0.4,0.75,0.24,0.72,0.72,0.5044224
0.16,0.44,0.74,0.29,0.72,0.72,0.5044226
0.17,0.42,0.71,0.3,0.74,0.7,0.5044235
0.18,0.41,0.75,0.24,0.72,0.7,0.5044235
0.16,0.4,0.7,0.29,0.76,0.71,0.5044236
0.16,0.41,0.73,0.26,0.72,0.72,0.5044238
0.18,0.41,0.75,0.26,0.73,0.7,0.5044239
0.18,0.41,0.7,0.29,0.75,0.71,0.5044241
0.16,0.49,0.72,0.2,0.76,0.7,0.5044242
0.16,0.42,0.72,0.3,0.75,0.71,0.5044243
0.18,0.4,0.75,0.26,0.74,0.71,0.5044244
0.18,0.4,0.71,0.25,0.72,0.72,0.5044246
0.17,0.41,0.71,0.29,0.76,0.72,0.5044251
0.18,0.43,0.72,0.3,0.74,0.71,0.5044253
0.17,0.43,0.75,0.24,0.76,0.7,0.5044255
0.17,0.43,0.73,0.3,0.75,0.72,0.5044258
0.17,0.43,0.75,0.22,0.75,0.7,0.504426
0.17,0.41,0.72,0.28,0.73,0.7,0.5044261
0.18,0.5,0.75,0.26,0.75,0.7,0.5044262
0.16,0.41,0.73,0.28,0.74,0.71,0.5044267
0.18,0.4,0.71,0.27,0.74,0.71,0.5044268
0.18,0.46,0.75,0.23,0.76,0.7,0.5044268
0.16,0.4,0.75,0.23,0.75,0.7,0.5044269
0.16,0.5,0.71,0.21,0.75,0.7,0.5044269
0.18,0.5,0.71,0.2,0.76,0.71,0.504427
0.16,0.4,0.75,0.25,0.76,0.7,0.5044272
0.16,0.44,0.7,0.3,0.72,0.72,0.5044274
0.17,0.4,0.72,0.27,0.75,0.72,0.5044275
0.16,0.4,0.75,0.21,0.74,0.7,0.5044276
0.17,0.43,0.74,0.29,0.72,0.7,0.5044279
0.18,0.5,0.73,0.29,0.76,0.7,0.5044279
0.18,0.42,0.73,0.28,0.73,0.71,0.5044281
0.16,0.43,0.75,0.29,0.73,0.71,0.5044284
0.17,0.42,0.74,0.28,0.74,0.72,0.5044284
0.17,0.43,0.75,0.2,0.74,0.7,0.5044284
0.18,0.46,0.75,0.21,0.75,0.7,0.5044288
0.17,0.4,0.75,0.2,0.76,0.71,0.5044289
0.17,0.4,0.73,0.26,0.72,0.7,0.5044294
0.18,0.49,0.71,0.23,0.76,0.7,0.5044298
0.16,0.4,0.74,0.26,0.73,0.71,0.5044299
0.18,0.44,0.75,0.29,0.72,0.71,0.50443
0.16,0.41,0.73,0.3,0.76,0.7,0.5044302
0.18,0.4,0.71,0.29,0.76,0.7,0.5044303
0.17,0.5,0.75,0.28,0.76,0.7,0.5044311
0.18,0.42,0.74,0.23,0.76,0.7,0.5044314
0.18,0.42,0.73,0.3,0.75,0.7,0.5044316
0.18,0.49,0.73,0.2,0.75,0.7,0.5044316
0.17,0.43,0.7,0.3,0.72,0.7,0.5044317
0.17,0.42,0.74,0.3,0.76,0.71,0.5044319
0.18,0.41,0.74,0.26,0.72,0.71,0.5044319
0.17,0.41,0.75,0.26,0.73,0.72,0.504432
0.16,0.43,0.71,0.3,0.73,0.71,0.5044325
0.18,0.5,0.7,0.24,0.75,0.7,0.5044327
0.18,0.42,0.74,0.21,0.75,0.7,0.5044329
0.16,0.4,0.74,0.28,0.75,0.7,0.504433
0.17,0.42,0.7,0.29,0.74,0.72,0.504433
0.18,0.5,0.72,0.21,0.74,0.7,0.5044334
0.18,0.44,0.71,0.3,0.72,0.71,0.5044335
0.18,0.43,0.75,0.3,0.76,0.72,0.5044337
0.17,0.44,0.72,0.3,0.73,0.72,0.504434
0.16,0.4,0.7,0.27,0.73,0.71,0.5044341
0.17,0.49,0.73,0.22,0.76,0.7,0.5044341
0.18,0.41,0.7,0.27,0.72,0.71,0.5044348
0.18,0.41,0.74,0.28,0.74,0.7,0.5044348
0.16,0.42,0.72,0.28,0.72,0.71,0.5044349
0.17,0.41,0.75,0.28,0.75,0.71,0.5044349
0.17,0.41,0.71,0.27,0.73,0.72,0.5044356
0.18,0.4,0.74,0.27,0.76,0.72,0.5044356
0.18,0.42,0.75,0.26,0.74,0.7,0.5044366
0.17,0.43,0.73,0.28,0.72,0.72,0.5044367
0.18,0.42,0.75,0.24,0.73,0.7,0.5044367
0.17,0.5,0.72,0.23,0.75,0.7,0.5044368
0.16,0.4,0.7,0.29,0.75,0.7,0.5044374
0.17,0.5,0.7,0.26,0.76,0.7,0.5044374
0.18,0.42,0.75,0.22,0.72,0.7,0.5044374
0.18,0.42,0.75,0.28,0.75,0.7,0.5044377
0.18,0.41,0.7,0.29,0.74,0.7,0.504438
0.16,0.42,0.72,0.3,0.74,0.7,0.5044382
0.17,0.5,0.74,0.2,0.74,0.7,0.5044384
0.17,0.41,0.71,0.29,0.75,0.71,0.5044387
0.17,0.4,0.72,0.25,0.72,0.72,0.5044389
0.16,0.49,0.75,0.21,0.76,0.7,0.5044392
0.18,0.42,0.75,0.3,0.76,0.7,0.5044392
0.18,0.43,0.72,0.3,0.73,0.7,0.5044394
0.16,0.41,0.72,0.29,0.76,0.72,0.5044395
0.18,0.4,0.7,0.28,0.76,0.72,0.5044397
0.17,0.43,0.73,0.3,0.74,0.71,0.5044398
0.18,0.42,0.72,0.29,0.75,0.72,0.50444
0.16,0.43,0.74,0.3,0.75,0.72,0.5044402
0.16,0.41,0.75,0.23,0.76,0.7,0.5044406
0.17,0.44,0.75,0.22,0.76,0.7,0.5044407
0.16,0.41,0.73,0.28,0.73,0.7,0.5044409
0.18,0.4,0.71,0.27,0.73,0.7,0.504441
0.16,0.5,0.72,0.25,0.76,0.7,0.5044412
0.17,0.4,0.72,0.27,0.74,0.71,0.5044414
0.18,0.44,0.74,0.3,0.74,0.72,0.5044414
0.16,0.5,0.74,0.22,0.75,0.7,0.5044415
0.18,0.5,0.74,0.21,0.76,0.71,0.5044415
0.16,0.41,0.75,0.21,0.75,0.7,0.5044416
0.16,0.4,0.73,0.27,0.75,0.72,0.5044421
0.18,0.42,0.73,0.28,0.72,0.7,0.5044424
0.17,0.42,0.74,0.28,0.73,0.71,0.5044426
0.16,0.43,0.75,0.29,0.72,0.7,0.5044427
0.16,0.42,0.75,0.28,0.74,0.72,0.504443
0.18,0.41,0.73,0.27,0.74,0.72,0.504443
0.17,0.44,0.75,0.2,0.75,0.7,0.5044432
0.18,0.47,0.75,0.21,0.76,0.7,0.5044438
0.16,0.4,0.74,0.26,0.72,0.7,0.5044445
0.18,0.43,0.75,0.28,0.73,0.72,0.5044445
0.17,0.4,0.72,0.29,0.76,0.7,0.5044448
0.18,0.49,0.74,0.24,0.76,0.7,0.5044451
0.17,0.42,0.74,0.3,0.75,0.7,0.504446
0.16,0.42,0.75,0.3,0.76,0.71,0.5044462
0.18,0.41,0.73,0.29,0.76,0.71,0.5044463
0.16,0.43,0.71,0.3,0.72,0.7,0.5044465
0.17,0.41,0.75,0.26,0.72,0.71,0.5044466
0.17,0.4,0.74,0.22,0.76,0.7,0.5044468
0.17,0.42,0.7,0.29,0.73,0.71,0.5044468
0.18,0.4,0.74,0.25,0.73,0.72,0.5044473
0.16,0.42,0.71,0.29,0.74,0.72,0.5044476
0.18,0.43,0.75,0.3,0.75,0.71,0.5044476
0.18,0.5,0.73,0.25,0.75,0.7,0.5044476
0.18,0.43,0.74,0.21,0.76,0.7,0.5044477
0.17,0.44,0.72,0.3,0.72,0.71,0.504448
0.16,0.4,0.7,0.27,0.72,0.7,0.5044482
0.18,0.43,0.71,0.29,0.73,0.72,0.5044482
0.17,0.4,0.74,0.2,0.75,0.7,0.5044484
0.16,0.44,0.73,0.3,0.73,0.72,0.5044486
0.18,0.5,0.75,0.22,0.74,0.7,0.5044486
0.18,0.5,0.71,0.28,0.76,0.7,0.504449
0.17,0.41,0.75,0.28,0.74,0.7,0.5044493
0.17,0.41,0.71,0.27,0.72,0.71,0.5044495
0.18,0.4,0.74,0.27,0.75,0.71,0.5044497
0.18,0.43,0.75,0.26,0.75,0.7,0.5044497
0.18,0.45,0.73,0.3,0.72,0.72,0.5044498
0.17,0.4,0.75,0.27,0.76,0.72,0.5044499
0.18,0.43,0.75,0.24,0.74,0.7,0.50445
0.16,0.41,0.72,0.27,0.73,0.72,0.5044503
0.18,0.43,0.75,0.28,0.76,0.7,0.5044505
0.18,0.4,0.7,0.26,0.73,0.72,0.5044508
0.18,0.43,0.75,0.22,0.73,0.7,0.504451
0.18,0.4,0.75,0.24,0.76,0.71,0.5044513
0.18,0.42,0.72,0.27,0.72,0.72,0.5044513
0.16,0.43,0.74,0.28,0.72,0.72,0.5044514
0.17,0.5,0.75,0.24,0.75,0.7,0.5044518
0.18,0.4,0.75,0.22,0.75,0.71,0.5044519
0.17,0.4,0.75,0.23,0.73,0.7,0.504452
0.17,0.4,0.75,0.25,0.74,0.7,0.5044522
0.17,0.5,0.73,0.27,0.76,0.7,0.5044522
0.17,0.41,0.71,0.29,0.74,0.7,0.5044525
0.17,0.4,0.75,0.27,0.75,0.7,0.5044529
0.17,0.4,0.75,0.21,0.72,0.7,0.5044531
0.16,0.41,0.72,0.29,0.75,0.71,0.5044533
0.18,0.43,0.75,0.2,0.72,0.7,0.5044533
0.18,0.4,0.7,0.28,0.75,0.71,0.5044534
0.17,0.43,0.73,0.3,0.73,0.7,0.5044539
0.16,0.4,0.73,0.25,0.72,0.72,0.504454
0.18,0.4,0.75,0.2,0.74,0.71,0.504454
0.18,0.42,0.72,0.29,0.74,0.71,0.504454
0.17,0.4,0.71,0.28,0.76,0.72,0.5044541
0.16,0.43,0.74,0.3,0.74,0.71,0.5044543
0.17,0.42,0.73,0.29,0.75,0.72,0.5044544
0.18,0.44,0.74,0.3,0.73,0.71,0.5044555
0.17,0.4,0.72,0.27,0.73,0.7,0.5044557
0.17,0.44,0.75,0.3,0.74,0.72,0.5044557
0.16,0.42,0.75,0.21,0.76,0.7,0.5044558
0.16,0.4,0.73,0.27,0.74,0.71,0.5044561
0.16,0.43,0.7,0.29,0.72,0.72,0.5044561
0.16,0.5,0.75,0.26,0.76,0.7,0.5044561
0.18,0.5,0.7,0.2,0.74,0.7,0.5044568
0.17,0.42,0.74,0.28,0.72,0.7,0.5044571
0.16,0.42,0.75,0.28,0.73,0.71,0.5044573
0.17,0.49,0.71,0.21,0.76,0.7,0.5044573
0.18,0.41,0.73,0.27,0.73,0.71,0.5044574
0.17,0.41,0.74,0.27,0.74,0.72,0.5044575
0.17,0.45,0.75,0.2,0.76,0.7,0.5044582
0.18,0.43,0.75,0.28,0.72,0.71,0.5044588
0.16,0.4,0.73,0.29,0.76,0.7,0.5044593
0.17,0.5,0.7,0.22,0.75,0.7,0.50446
0.16,0.42,0.75,0.3,0.75,0.7,0.5044604
0.18,0.41,0.73,0.29,0.75,0.7,0.5044605
0.17,0.41,0.74,0.29,0.76,0.71,0.5044606
0.17,0.42,0.7,0.29,0.72,0.7,0.5044609
0.16,0.42,0.71,0.29,0.73,0.71,0.5044615
0.17,0.4,0.75,0.25,0.73,0.72,0.5044619
0.18,0.43,0.75,0.3,0.74,0.7,0.5044619
0.18,0.42,0.75,0.29,0.76,0.72,0.504462
0.18,0.4,0.74,0.25,0.72,0.71,0.5044621
0.16,0.49,0.73,0.2,0.76,0.7,0.5044622
0.17,0.41,0.7,0.28,0.74,0.72,0.5044623
0.18,0.43,0.71,0.29,0.72,0.71,0.5044624
0.16,0.44,0.73,0.3,0.72,0.71,0.5044627
0.17,0.43,0.72,0.29,0.73,0.72,0.5044627
0.17,0.41,0.74,0.2,0.76,0.7,0.504463
0.18,0.44,0.75,0.26,0.76,0.7,0.504463
0.18,0.44,0.75,0.24,0.75,0.7,0.5044635
0.17,0.45,0.74,0.3,0.72,0.72,0.5044641
0.17,0.4,0.75,0.27,0.75,0.71,0.5044642
0.18,0.4,0.74,0.27,0.74,0.7,0.5044643
0.16,0.41,0.72,0.27,0.72,0.71,0.5044644
0.16,0.5,0.7,0.24,0.76,0.7,0.5044644
0.18,0.5,0.74,0.29,0.76,0.7,0.5044644
0.18,0.5,0.72,0.2,0.76,0.71,0.5044645
0.16,0.5,0.72,0.21,0.75,0.7,0.5044647
0.18,0.44,0.75,0.22,0.74,0.7,0.5044649
0.17,0.41,0.75,0.25,0.75,0.7,0.504465
0.18,0.4,0.7,0.26,0.72,0.71,0.504465
0.18,0.41,0.75,0.22,0.76,0.71,0.5044652
0.17,0.4,0.71,0.26,0.73,0.72,0.5044653
0.17,0.41,0.7,0.3,0.76,0.71,0.5044654
0.17,0.41,0.75,0.23,0.74,0.7,0.5044654
0.17,0.41,0.75,0.27,0.76,0.7,0.5044656
0.17,0.42,0.73,0.27,0.72,0.72,0.5044658
0.18,0.42,0.71,0.3,0.76,0.72,0.5044663
0.17,0.41,0.75,0.21,0.73,0.7,0.5044665
0.18,0.49,0.72,0.23,0.76,0.7,0.5044672
0.16,0.41,0.72,0.29,0.74,0.7,0.5044673
0.18,0.4,0.7,0.28,0.74,0.7,0.5044676
0.18,0.41,0.75,0.2,0.75,0.71,0.5044676
0.18,0.44,0.75,0.2,0.73,0.7,0.5044678
0.17,0.4,0.71,0.28,0.75,0.71,0.504468
0.17,0.42,0.73,0.29,0.74,0.71,0.5044685
0.18,0.42,0.72,0.29,0.73,0.7,0.5044685
0.16,0.4,0.72,0.28,0.76,0.72,0.5044686
0.16,0.43,0.74,0.3,0.73,0.7,0.5044686
0.16,0.42,0.74,0.29,0.75,0.72,0.5044689
0.18,0.41,0.72,0.28,0.75,0.72,0.5044691
0.18,0.49,0.74,0.2,0.75,0.7,0.5044697
0.17,0.44,0.75,0.3,0.73,0.71,0.5044698
0.18,0.44,0.74,0.3,0.72,0.7,0.5044698
0.18,0.43,0.74,0.29,0.74,0.72,0.5044699
0.18,0.5,0.71,0.24,0.75,0.7,0.50447
0.16,0.4,0.73,0.27,0.73,0.7,0.5044705
0.18,0.4,0.74,0.24,0.75,0.7,0.5044711
0.18,0.5,0.73,0.21,0.74,0.7,0.5044712
0.18,0.4,0.74,0.26,0.76,0.7,0.5044714
0.17,0.49,0.74,0.22,0.76,0.7,0.5044717
0.16,0.42,0.75,0.28,0.72,0.7,0.5044719
0.18,0.4,0.74,0.22,0.74,0.7,0.5044719
0.17,0.41,0.74,0.27,0.73,0.71,0.504472
0.16,0.41,0.75,0.27,0.74,0.72,0.5044722
0.18,0.41,0.73,0.27,0.72,0.7,0.5044722
0.18,0.4,0.73,0.26,0.74,0.72,0.5044727
0.18,0.42,0.75,0.27,0.73,0.72,0.5044735
0.18,0.4,0.74,0.2,0.73,0.7,0.504474
0.16,0.42,0.7,0.3,0.75,0.72,0.5044742
0.17,0.5,0.73,0.23,0.75,0.7,0.5044742
0.17,0.5,0.71,0.26,0.76,0.7,0.5044744
0.18,0.43,0.7,0.3,0.74,0.72,0.5044745
0.17,0.41,0.74,0.29,0.75,0.7,0.5044749
0.16,0.41,0.75,0.29,0.76,0.71,0.504475
0.18,0.4,0.73,0.28,0.76,0.71,0.5044755
0.16,0.42,0.71,0.29,0.72,0.7,0.5044758
0.17,0.41,0.7,0.28,0.73,0.71,0.5044763
0.18,0.42,0.75,0.29,0.75,0.71,0.5044763
0.17,0.5,0.75,0.2,0.74,0.7,0.5044764
0.17,0.4,0.75,0.25,0.72,0.71,0.5044767
0.17,0.43,0.72,0.29,0.72,0.71,0.5044769
0.16,0.41,0.71,0.28,0.74,0.72,0.504477
0.18,0.45,0.75,0.24,0.76,0.7,0.5044772
0.16,0.43,0.73,0.29,0.73,0.72,0.5044773
0.18,0.42,0.71,0.28,0.73,0.72,0.5044773
0.17,0.42,0.75,0.25,0.76,0.7,0.5044781
0.18,0.4,0.75,0.25,0.72,0.7,0.5044782
0.16,0.5,0.73,0.25,0.76,0.7,0.5044783
0.18,0.44,0.73,0.29,0.72,0.72,0.5044784
0.16,0.45,0.75,0.3,0.72,0.72,0.5044786
0.17,0.42,0.75,0.23,0.75,0.7,0.5044787
0.16,0.5,0.75,0.22,0.75,0.7,0.5044788
0.17,0.4,0.75,0.27,0.74,0.7,0.5044789
0.18,0.5,0.75,0.21,0.76,0.71,0.5044789
0.18,0.45,0.75,0.22,0.75,0.7,0.5044792
0.17,0.41,0.7,0.3,0.75,0.7,0.5044793
0.17,0.4,0.71,0.26,0.72,0.71,0.5044796
0.16,0.41,0.71,0.3,0.76,0.71,0.5044799
0.17,0.42,0.75,0.21,0.74,0.7,0.5044801
0.18,0.42,0.71,0.3,0.75,0.71,0.5044801
0.16,0.4,0.72,0.26,0.73,0.72,0.5044802
0.16,0.42,0.74,0.27,0.72,0.72,0.5044805
0.17,0.42,0.72,0.3,0.76,0.72,0.5044806
0.18,0.41,0.72,0.26,0.72,0.72,0.5044812
0.18,0.42,0.75,0.2,0.76,0.71,0.5044817
0.17,0.4,0.71,0.28,0.74,0.7,0.5044822
0.18,0.45,0.75,0.2,0.74,0.7,0.5044824
0.18,0.49,0.75,0.24,0.76,0.7,0.5044825
0.16,0.4,0.72,0.28,0.75,0.71,0.5044826
0.17,0.42,0.73,0.29,0.73,0.7,0.504483
0.16,0.42,0.74,0.29,0.74,0.71,0.5044831
0.18,0.41,0.72,0.28,0.74,0.71,0.5044833
0.17,0.41,0.73,0.28,0.75,0.72,0.5044835
0.17,0.43,0.75,0.29,0.74,0.72,0.5044842
0.17,0.44,0.75,0.3,0.72,0.7,0.5044842
0.18,0.41,0.74,0.24,0.76,0.7,0.5044842
0.18,0.43,0.74,0.29,0.73,0.71,0.5044843
0.18,0.5,0.74,0.25,0.75,0.7,0.5044847
0.18,0.41,0.74,0.22,0.75,0.7,0.5044852
0.16,0.42,0.7,0.28,0.72,0.72,0.5044856
0.18,0.5,0.72,0.28,0.76,0.7,0.5044856
0.18,0.41,0.72,0.3,0.76,0.7,0.5044863
0.16,0.41,0.75,0.27,0.73,0.71,0.5044868
0.17,0.41,0.74,0.27,0.72,0.7,0.5044868
0.17,0.4,0.74,0.26,0.74,0.72,0.5044873
0.18,0.4,0.73,0.26,0.73,0.71,0.5044873
0.18,0.41,0.74,0.2,0.74,0.7,0.5044877
0.16,0.42,0.7,0.3,0.74,0.71,0.5044883
0.18,0.42,0.75,0.27,0.72,0.71,0.5044884
0.18,0.43,0.7,0.3,0.73,0.71,0.5044885
0.16,0.5,0.7,0.2,0.75,0.7,0.5044888
0.17,0.43,0.71,0.3,0.74,0.72,0.5044889
0.17,0.5,0.74,0.27,0.76,0.7,0.504489
0.16,0.41,0.75,0.29,0.75,0.7,0.5044894
0.17,0.4,0.74,0.28,0.76,0.71,0.5044898
0.18,0.4,0.73,0.28,0.75,0.7,0.50449
0.18,0.41,0.75,0.25,0.73,0.7,0.5044901
0.18,0.41,0.75,0.27,0.74,0.7,0.5044904
0.18,0.49,0.7,0.22,0.76,0.7,0.5044906
0.17,0.41,0.7,0.28,0.72,0.7,0.5044907
0.18,0.41,0.75,0.28,0.76,0.72,0.5044909
0.18,0.42,0.75,0.29,0.74,0.7,0.5044909
0.16,0.41,0.71,0.28,0.73,0.71,0.5044911
0.18,0.41,0.75,0.23,0.72,0.7,0.5044911
0.16,0.43,0.73,0.29,0.72,0.71,0.5044917
0.18,0.42,0.71,0.28,0.72,0.71,0.5044917
0.17,0.42,0.72,0.28,0.73,0.72,0.5044919
0.17,0.4,0.7,0.27,0.74,0.72,0.5044921
0.17,0.43,0.75,0.23,0.76,0.7,0.5044921
0.17,0.44,0.74,0.29,0.72,0.72,0.5044927
0.18,0.46,0.75,0.22,0.76,0.7,0.5044938
0.16,0.41,0.71,0.3,0.75,0.7,0.5044939
0.16,0.4,0.75,0.24,0.76,0.7,0.504494
0.17,0.43,0.75,0.21,0.75,0.7,0.5044943
0.18,0.42,0.71,0.3,0.74,0.7,0.5044944
0.16,0.4,0.72,0.26,0.72,0.71,0.5044945
0.17,0.42,0.72,0.3,0.75,0.71,0.5044945
0.16,0.4,0.75,0.22,0.75,0.7,0.5044947
0.17,0.4,0.7,0.29,0.76,0.71,0.5044948
0.18,0.5,0.71,0.2,0.74,0.7,0.5044948
0.17,0.49,0.72,0.21,0.76,0.7,0.5044949
0.16,0.42,0.73,0.3,0.76,0.72,0.504495
0.18,0.41,0.71,0.29,0.76,0.72,0.5044953
0.18,0.43,0.73,0.3,0.75,0.72,0.5044954
0.17,0.41,0.73,0.26,0.72,0.72,0.5044956
0.16,0.4,0.72,0.28,0.74,0.7,0.5044969
0.16,0.4,0.75,0.2,0.74,0.7,0.5044969
0.18,0.46,0.75,0.2,0.75,0.7,0.504497
0.17,0.5,0.71,0.22,0.75,0.7,0.5044975
0.16,0.42,0.74,0.29,0.73,0.7,0.5044977
0.17,0.41,0.73,0.28,0.74,0.71,0.5044978
0.16,0.41,0.74,0.28,0.75,0.72,0.504498
0.17,0.44,0.7,0.3,0.72,0.72,0.504498
0.18,0.41,0.72,0.28,0.73,0.7,0.504498
0.17,0.43,0.75,0.29,0.73,0.71,0.5044987
0.18,0.4,0.72,0.27,0.75,0.72,0.5044987
0.18,0.42,0.74,0.22,0.76,0.7,0.5044988
0.18,0.43,0.74,0.29,0.72,0.7,0.5044988
0.18,0.42,0.74,0.28,0.74,0.72,0.5044989
0.16,0.49,0.74,0.2,0.76,0.7,0.5045001
0.18,0.5,0.75,0.29,0.76,0.7,0.5045006
0.17,0.41,0.73,0.3,0.76,0.7,0.5045007
0.16,0.5,0.71,0.24,0.76,0.7,0.5045015
0.18,0.42,0.74,0.3,0.76,0.71,0.5045016
0.16,0.41,0.75,0.27,0.72,0.7,0.5045017
0.17,0.4,0.74,0.26,0.73,0.71,0.5045019
0.18,0.5,0.73,0.2,0.76,0.71,0.504502
0.16,0.4,0.75,0.26,0.74,0.72,0.5045021
0.18,0.42,0.74,0.2,0.75,0.7,0.5045021
0.16,0.5,0.73,0.21,0.75,0.7,0.5045023
0.18,0.4,0.73,0.26,0.72,0.7,0.5045024
0.16,0.42,0.7,0.3,0.73,0.7,0.5045026
0.18,0.42,0.75,0.27,0.75,0.7,0.5045027
0.18,0.42,0.75,0.25,0.74,0.7,0.5045028
0.18,0.43,0.7,0.3,0.72,0.7,0.504503
0.17,0.43,0.71,0.3,0.73,0.71,0.5045031
0.16,0.43,0.72,0.3,0.74,0.72,0.5045034
0.18,0.41,0.75,0.26,0.73,0.72,0.5045034
0.18,0.42,0.75,0.29,0.76,0.7,0.5045034
0.18,0.42,0.7,0.29,0.74,0.72,0.5045036
0.16,0.41,0.7,0.29,0.75,0.72,0.5045037
0.18,0.44,0.72,0.3,0.73,0.72,0.5045039
0.18,0.42,0.75,0.23,0.73,0.7,0.504504
0.16,0.4,0.75,0.28,0.76,0.71,0.5045042
0.17,0.4,0.74,0.28,0.75,0.7,0.5045044
0.18,0.49,0.73,0.23,0.76,0.7,0.5045046
0.18,0.41,0.75,0.28,0.75,0.71,0.5045055
0.16,0.41,0.71,0.28,0.72,0.7,0.5045056
0.18,0.42,0.75,0.21,0.72,0.7,0.5045058
0.17,0.4,0.7,0.27,0.73,0.71,0.5045064
0.17,0.42,0.72,0.28,0.72,0.71,0.5045064
0.16,0.42,0.73,0.28,0.73,0.72,0.5045066
0.16,0.4,0.71,0.27,0.74,0.72,0.5045068
0.18,0.41,0.71,0.27,0.73,0.72,0.504507
0.18,0.5,0.72,0.24,0.75,0.7,0.5045072
0.16,0.44,0.75,0.29,0.72,0.72,0.5045073
0.18,0.43,0.73,0.28,0.72,0.72,0.5045074
0.18,0.49,0.75,0.2,0.75,0.7,0.5045077
0.18,0.5,0.7,0.27,0.76,0.7,0.5045079
0.16,0.41,0.75,0.22,0.76,0.7,0.5045082
0.17,0.44,0.75,0.21,0.76,0.7,0.5045088
0.16,0.42,0.73,0.3,0.75,0.71,0.504509
0.17,0.4,0.7,0.29,0.75,0.7,0.504509
0.17,0.42,0.72,0.3,0.74,0.7,0.504509
0.18,0.5,0.74,0.21,0.74,0.7,0.504509
0.16,0.4,0.71,0.29,0.76,0.71,0.5045093
0.17,0.49,0.75,0.22,0.76,0.7,0.5045093
0.18,0.41,0.71,0.29,0.75,0.71,0.5045093
0.17,0.41,0.72,0.29,0.76,0.72,0.5045097
0.17,0.43,0.74,0.3,0.75,0.72,0.5045097
0.18,0.43,0.73,0.3,0.74,0.71,0.5045098
0.16,0.41,0.74,0.26,0.72,0.72,0.5045105
0.16,0.41,0.75,0.2,0.75,0.7,0.5045107
0.17,0.5,0.72,0.26,0.76,0.7,0.5045113
0.17,0.5,0.74,0.23,0.75,0.7,0.5045114
0.18,0.4,0.72,0.25,0.72,0.72,0.5045117
0.18,0.47,0.75,0.2,0.76,0.7,0.5045117
0.16,0.41,0.74,0.28,0.74,0.71,0.5045124
0.16,0.44,0.71,0.3,0.72,0.72,0.5045125
0.17,0.41,0.73,0.28,0.73,0.7,0.5045126
0.17,0.4,0.73,0.27,0.75,0.72,0.5045131
0.18,0.4,0.72,0.27,0.74,0.71,0.5045131
0.17,0.42,0.75,0.28,0.74,0.72,0.5045132
0.17,0.43,0.75,0.29,0.72,0.7,0.5045134
0.18,0.42,0.74,0.28,0.73,0.71,0.5045135
0.16,0.41,0.74,0.3,0.76,0.7,0.504515
0.16,0.5,0.74,0.25,0.76,0.7,0.5045152
0.18,0.43,0.75,0.27,0.76,0.7,0.5045152
0.17,0.4,0.74,0.21,0.76,0.7,0.5045153
0.16,0.41,0.7,0.27,0.72,0.72,0.5045157
0.18,0.43,0.75,0.25,0.75,0.7,0.5045157
0.17,0.42,0.75,0.3,0.76,0.71,0.5045158
0.18,0.4,0.72,0.29,0.76,0.7,0.5045158
0.18,0.42,0.74,0.3,0.75,0.7,0.5045162
0.18,0.43,0.74,0.2,0.76,0.7,0.5045165
0.16,0.4,0.75,0.26,0.73,0.71,0.5045169
0.18,0.43,0.75,0.23,0.74,0.7,0.5045169
0.17,0.4,0.74,0.26,0.72,0.7,0.5045172
0.17,0.43,0.71,0.3,0.72,0.7,0.5045176
0.16,0.43,0.72,0.3,0.73,0.71,0.5045178
0.16,0.41,0.7,0.29,0.74,0.71,0.5045179
0.18,0.42,0.7,0.29,0.73,0.71,0.5045179
0.18,0.4,0.75,0.23,0.76,0.71,0.504518
0.17,0.42,0.71,0.29,0.74,0.72,0.5045181
0.17,0.44,0.73,0.3,0.73,0.72,0.5045183
0.18,0.44,0.72,0.3,0.72,0.71,0.5045184
0.18,0.41,0.75,0.26,0.72,0.71,0.5045185
0.17,0.4,0.75,0.26,0.75,0.7,0.5045189
0.16,0.4,0.75,0.28,0.75,0.7,0.504519
0.17,0.4,0.75,0.24,0.74,0.7,0.504519
0.17,0.4,0.75,0.28,0.76,0.7,0.5045192
0.17,0.49,0.7,0.2,0.76,0.7,0.5045192
0.18,0.43,0.75,0.21,0.73,0.7,0.5045193
0.17,0.4,0.75,0.22,0.73,0.7,0.5045201
0.18,0.4,0.75,0.21,0.75,0.71,0.5045201
0.18,0.4,0.75,0.27,0.76,0.72,0.5045203
0.18,0.41,0.75,0.28,0.74,0.7,0.5045205
0.17,0.4,0.7,0.27,0.72,0.7,0.5045209
0.16,0.4,0.71,0.27,0.73,0.71,0.5045212
0.16,0.42,0.73,0.28,0.72,0.71,0.5045212
0.17,0.41,0.72,0.27,0.73,0.72,0.5045216
0.18,0.41,0.71,0.27,0.72,0.71,0.5045216
0.18,0.5,0.75,0.25,0.75,0.7,0.5045217
0.17,0.43,0.74,0.28,0.72,0.72,0.5045218
0.18,0.5,0.73,0.28,0.76,0.7,0.504522
0.17,0.4,0.75,0.2,0.72,0.7,0.5045228
0.16,0.42,0.73,0.3,0.74,0.7,0.5045235
0.16,0.4,0.71,0.29,0.75,0.7,0.5045236
0.17,0.41,0.72,0.29,0.75,0.71,0.5045238
0.16,0.43,0.75,0.3,0.75,0.72,0.504524
0.18,0.41,0.71,0.29,0.74,0.7,0.504524
0.16,0.41,0.73,0.29,0.76,0.72,0.5045241
0.17,0.43,0.74,0.3,0.74,0.71,0.5045241
0.18,0.42,0.73,0.29,0.75,0.72,0.5045243
0.18,0.43,0.73,0.3,0.73,0.7,0.5045244
0.18,0.4,0.71,0.28,0.76,0.72,0.5045247
0.16,0.42,0.75,0.2,0.76,0.7,0.5045248
0.18,0.44,0.75,0.3,0.74,0.72,0.5045248
0.17,0.5,0.75,0.27,0.76,0.7,0.5045255
0.17,0.4,0.73,0.25,0.72,0.72,0.5045261
0.16,0.5,0.71,0.2,0.75,0.7,0.5045264
0.17,0.43,0.7,0.29,0.72,0.72,0.5045271
0.16,0.41,0.74,0.28,0.73,0.7,0.5045273
0.16,0.4,0.74,0.27,0.75,0.72,0.5045276
0.17,0.4,0.73,0.27,0.74,0.71,0.5045276
0.18,0.49,0.71,0.22,0.76,0.7,0.5045279
0.17,0.42,0.75,0.28,0.73,0.71,0.504528
0.18,0.4,0.72,0.27,0.73,0.7,0.5045281
0.18,0.41,0.74,0.27,0.74,0.72,0.5045283
0.18,0.42,0.74,0.28,0.72,0.7,0.5045285
0.18,0.44,0.75,0.25,0.76,0.7,0.5045287
0.17,0.4,0.73,0.29,0.76,0.7,0.5045301
0.18,0.44,0.75,0.23,0.75,0.7,0.5045301
0.17,0.42,0.75,0.3,0.75,0.7,0.5045304
0.18,0.41,0.74,0.29,0.76,0.71,0.5045307
0.18,0.5,0.7,0.23,0.75,0.7,0.5045307
0.17,0.41,0.75,0.26,0.76,0.7,0.5045312
0.17,0.41,0.75,0.24,0.75,0.7,0.5045318
0.16,0.4,0.75,0.26,0.72,0.7,0.5045322
0.16,0.41,0.7,0.29,0.73,0.7,0.5045324
0.16,0.43,0.72,0.3,0.72,0.7,0.5045324
0.17,0.42,0.71,0.29,0.73,0.71,0.5045325
0.17,0.49,0.73,0.21,0.76,0.7,0.5045325
0.18,0.5,0.72,0.2,0.74,0.7,0.5045326
0.16,0.42,0.72,0.29,0.74,0.72,0.5045327
0.18,0.42,0.7,0.29,0.72,0.7,0.5045327
0.16,0.44,0.74,0.3,0.73,0.72,0.5045328
0.17,0.44,0.73,0.3,0.72,0.71,0.5045328
0.18,0.41,0.75,0.21,0.76,0.71,0.504533
0.18,0.43,0.72,0.29,0.73,0.72,0.504533
0.17,0.41,0.75,0.22,0.74,0.7,0.5045332
0.18,0.44,0.75,0.21,0.74,0.7,0.5045332
0.18,0.41,0.7,0.28,0.74,0.72,0.5045333
0.16,0.4,0.7,0.28,0.75,0.72,0.5045336
0.18,0.45,0.74,0.3,0.72,0.72,0.5045336
0.18,0.4,0.75,0.25,0.73,0.72,0.5045338
0.17,0.5,0.7,0.25,0.76,0.7,0.5045344
0.17,0.5,0.72,0.22,0.75,0.7,0.504535
0.18,0.4,0.75,0.27,0.75,0.71,0.5045352
0.17,0.41,0.75,0.2,0.73,0.7,0.5045357
0.18,0.41,0.7,0.3,0.76,0.71,0.5045357
0.16,0.4,0.71,0.27,0.72,0.7,0.5045359
0.17,0.41,0.72,0.27,0.72,0.71,0.5045362
0.16,0.41,0.73,0.27,0.73,0.72,0.5045363
0.16,0.43,0.75,0.28,0.72,0.72,0.5045365
0.18,0.42,0.73,0.27,0.72,0.72,0.5045371
0.18,0.4,0.71,0.26,0.73,0.72,0.5045374
0.18,0.4,0.74,0.25,0.76,0.7,0.5045376
0.16,0.49,0.75,0.2,0.76,0.7,0.5045379
0.16,0.41,0.73,0.29,0.75,0.71,0.5045383
0.16,0.5,0.72,0.24,0.76,0.7,0.5045384
0.17,0.41,0.72,0.29,0.74,0.7,0.5045385
0.18,0.4,0.74,0.23,0.75,0.7,0.5045385
0.16,0.43,0.75,0.3,0.74,0.71,0.5045386
0.17,0.42,0.74,0.29,0.75,0.72,0.5045386
0.17,0.43,0.74,0.3,0.73,0.7,0.5045389
0.18,0.42,0.73,0.29,0.74,0.71,0.504539
0.17,0.4,0.72,0.28,0.76,0.72,0.5045392
0.18,0.4,0.71,0.28,0.75,0.71,0.5045392
0.18,0.5,0.74,0.2,0.76,0.71,0.5045393
0.18,0.44,0.75,0.3,0.73,0.71,0.5045394
0.16,0.5,0.74,0.21,0.75,0.7,0.5045397
0.18,0.4,0.74,0.21,0.74,0.7,0.5045406
0.16,0.4,0.74,0.25,0.72,0.72,0.5045412
0.16,0.43,0.71,0.29,0.72,0.72,0.5045417
0.18,0.49,0.74,0.23,0.76,0.7,0.5045419
0.16,0.4,0.74,0.27,0.74,0.71,0.5045423
0.17,0.4,0.73,0.27,0.73,0.7,0.5045427
0.17,0.41,0.75,0.27,0.74,0.72,0.5045428
0.17,0.42,0.75,0.28,0.72,0.7,0.5045431
0.18,0.41,0.74,0.27,0.73,0.71,0.5045434
0.18,0.45,0.75,0.23,0.76,0.7,0.504544
0.18,0.5,0.73,0.24,0.75,0.7,0.5045442
0.18,0.5,0.71,0.27,0.76,0.7,0.5045444
0.17,0.42,0.7,0.3,0.75,0.72,0.5045445
0.17,0.42,0.75,0.24,0.76,0.7,0.5045445
0.16,0.4,0.74,0.29,0.76,0.7,0.5045446
0.18,0.4,0.75,0.26,0.73,0.7,0.5045447
0.17,0.41,0.75,0.29,0.76,0.71,0.504545
0.18,0.4,0.75,0.24,0.72,0.7,0.5045451
0.18,0.41,0.74,0.29,0.75,0.7,0.5045456
0.17,0.42,0.75,0.22,0.75,0.7,0.5045462
0.16,0.4,0.7,0.26,0.72,0.72,0.5045463
0.18,0.5,0.75,0.21,0.74,0.7,0.5045466
0.16,0.42,0.72,0.29,0.73,0.71,0.5045472
0.18,0.45,0.75,0.21,0.75,0.7,0.5045473
0.17,0.42,0.71,0.29,0.72,0.7,0.5045474
0.16,0.44,0.74,0.3,0.72,0.71,0.5045475
0.17,0.43,0.73,0.29,0.73,0.72,0.5045475
0.18,0.43,0.72,0.29,0.72,0.71,0.5045477
0.17,0.45,0.75,0.3,0.72,0.72,0.5045478
0.18,0.41,0.7,0.28,0.73,0.71,0.5045478
0.17,0.41,0.71,0.28,0.74,0.72,0.5045479
0.17,0.5,0.73,0.26,0.76,0.7,0.5045479
0.16,0.4,0.7,0.28,0.74,0.71,0.504548
0.17,0.5,0.75,0.23,0.75,0.7,0.5045486
0.18,0.4,0.75,0.25,0.72,0.71,0.5045492
0.17,0.42,0.75,0.2,0.74,0.7,0.5045494
0.18,0.42,0.72,0.3,0.76,0.72,0.5045499
0.17,0.41,0.71,0.3,0.76,0.71,0.5045501
0.18,0.41,0.7,0.3,0.75,0.7,0.5045502
0.16,0.4,0.7,0.3,0.76,0.7,0.5045503
0.16,0.41,0.73,0.27,0.72,0.71,0.5045511
0.18,0.41,0.74,0.23,0.76,0.7,0.5045513
0.17,0.42,0.74,0.27,0.72,0.72,0.5045515
0.16,0.5,0.75,0.25,0.76,0.7,0.5045519
0.17,0.4,0.72,0.26,0.73,0.72,0.5045519
0.18,0.4,0.71,0.26,0.72,0.71,0.5045523
0.16,0.41,0.73,0.29,0.74,0.7,0.5045531
0.16,0.42,0.75,0.29,0.75,0.72,0.5045531
0.16,0.43,0.75,0.3,0.73,0.7,0.5045534
0.17,0.42,0.74,0.29,0.74,0.71,0.5045534
0.16,0.4,0.73,0.28,0.76,0.72,0.5045536
0.17,0.4,0.72,0.28,0.75,0.71,0.5045537
0.18,0.41,0.74,0.21,0.75,0.7,0.5045537
0.18,0.43,0.75,0.29,0.74,0.72,0.5045537
0.18,0.41,0.73,0.28,0.75,0.72,0.5045538
0.18,0.42,0.73,0.29,0.73,0.7,0.5045539
0.18,0.4,0.71,0.28,0.74,0.7,0.504554
0.18,0.44,0.75,0.3,0.72,0.7,0.5045543
0.18,0.41,0.75,0.26,0.74,0.7,0.5045563
0.18,0.41,0.75,0.28,0.75,0.7,0.5045563
0.17,0.49,0.71,0.2,0.76,0.7,0.5045568
0.17,0.42,0.7,0.28,0.72,0.72,0.504557
0.18,0.41,0.75,0.24,0.73,0.7,0.5045572
0.16,0.4,0.74,0.27,0.73,0.7,0.5045575
0.17,0.41,0.75,0.27,0.73,0.71,0.504558
0.18,0.5,0.74,0.28,0.76,0.7,0.5045583
0.18,0.4,0.74,0.26,0.74,0.72,0.5045585
0.18,0.43,0.71,0.3,0.74,0.72,0.5045587
0.18,0.41,0.74,0.27,0.72,0.7,0.5045588
0.17,0.42,0.7,0.3,0.74,0.71,0.5045589
0.16,0.42,0.71,0.3,0.75,0.72,0.504559
0.18,0.41,0.75,0.22,0.72,0.7,0.5045592
0.17,0.5,0.7,0.21,0.75,0.7,0.5045593
0.17,0.43,0.75,0.22,0.76,0.7,0.5045596
0.17,0.41,0.75,0.29,0.75,0.7,0.5045599
0.18,0.4,0.74,0.28,0.76,0.71,0.5045604
0.16,0.4,0.75,0.23,0.76,0.7,0.5045614
0.18,0.46,0.75,0.21,0.76,0.7,0.5045614
0.16,0.43,0.74,0.29,0.73,0.72,0.504562
0.16,0.42,0.72,0.29,0.72,0.7,0.5045622
0.17,0.43,0.73,0.29,0.72,0.71,0.5045622
0.16,0.41,0.72,0.28,0.74,0.72,0.5045625
0.17,0.41,0.71,0.28,0.73,0.71,0.5045625
0.18,0.42,0.72,0.28,0.73,0.72,0.5045625
0.18,0.44,0.74,0.29,0.72,0.72,0.5045625
0.18,0.41,0.7,0.28,0.72,0.7,0.5045627
0.16,0.4,0.7,0.28,0.73,0.7,0.5045628
0.16,0.5,0.7,0.23,0.76,0.7,0.5045628
0.17,0.43,0.75,0.2,0.75,0.7,0.5045634
0.18,0.4,0.7,0.27,0.74,0.72,0.5045635
0.16,0.4,0.75,0.21,0.75,0.7,0.5045636
0.16,0.5,0.72,0.2,0.75,0.7,0.5045639
0.17,0.42,0.73,0.3,0.76,0.72,0.5045642
0.18,0.42,0.72,0.3,0.75,0.71,0.5045644
0.16,0.41,0.72,0.3,0.76,0.71,0.5045646
0.17,0.41,0.71,0.3,0.75,0.7,0.5045646
0.18,0.49,0.72,0.22,0.76,0.7,0.5045653
0.18,0.4,0.7,0.29,0.76,0.71,0.5045655
0.16,0.42,0.75,0.27,0.72,0.72,0.5045663
0.16,0.4,0.73,0.26,0.73,0.72,0.5045668
0.17,0.4,0.72,0.26,0.72,0.71,0.5045668
0.18,0.41,0.73,0.26,0.72,0.72,0.5045674
0.18,0.42,0.74,0.21,0.76,0.7,0.5045675
0.16,0.42,0.75,0.29,0.74,0.71,0.5045679
0.18,0.5,0.71,0.23,0.75,0.7,0.5045679
0.16,0.43,0.7,0.3,0.73,0.72,0.504568
0.17,0.41,0.74,0.28,0.75,0.72,0.504568
0.18,0.42,0.75,0.28,0.76,0.7,0.5045681
0.16,0.4,0.73,0.28,0.75,0.71,0.5045682
0.18,0.42,0.75,0.26,0.75,0.7,0.5045683
0.18,0.44,0.7,0.3,0.72,0.72,0.5045683
0.17,0.42,0.74,0.29,0.73,0.7,0.5045684
0.17,0.4,0.72,0.28,0.74,0.7,0.5045686
0.18,0.43,0.75,0.29,0.73,0.71,0.5045686
0.18,0.41,0.73,0.28,0.74,0.71,0.5045687
0.18,0.42,0.75,0.24,0.74,0.7,0.5045697
0.17,0.49,0.74,0.21,0.76,0.7,0.5045699
0.18,0.5,0.73,0.2,0.74,0.7,0.5045703
0.18,0.41,0.73,0.3,0.76,0.7,0.5045709
0.17,0.5,0.71,0.25,0.76,0.7,0.5045712
0.16,0.42,0.71,0.28,0.72,0.72,0.5045717
0.18,0.42,0.75,0.22,0.73,0.7,0.5045717
0.17,0.5,0.73,0.22,0.75,0.7,0.5045721
0.17,0.4,0.75,0.26,0.74,0.72,0.5045731
0.17,0.43,0.72,0.3,0.74,0.72,0.5045731
0.17,0.41,0.75,0.27,0.72,0.7,0.5045734
0.18,0.43,0.71,0.3,0.73,0.71,0.5045734
0.16,0.42,0.71,0.3,0.74,0.71,0.5045735
0.17,0.42,0.7,0.3,0.73,0.7,0.5045736
0.18,0.4,0.74,0.26,0.73,0.71,0.5045739
0.17,0.41,0.7,0.29,0.75,0.72,0.5045743
0.17,0.4,0.75,0.28,0.76,0.71,0.5045746
0.18,0.42,0.75,0.2,0.72,0.7,0.5045751
0.16,0.5,0.73,0.24,0.76,0.7,0.5045752
0.18,0.4,0.74,0.28,0.75,0.7,0.5045756
0.18,0.5,0.75,0.2,0.76,0.71,0.5045765
0.16,0.41,0.75,0.21,0.76,0.7,0.5045768
0.16,0.43,0.74,0.29,0.72,0.71,0.5045769
0.17,0.44,0.75,0.29,0.72,0.72,0.5045769
0.16,0.5,0.75,0.21,0.75,0.7,0.504577
0.17,0.42,0.73,0.28,0.73,0.72,0.5045771
0.16,0.41,0.72,0.28,0.73,0.71,0.5045773
0.17,0.44,0.75,0.2,0.76,0.7,0.5045775
0.18,0.42,0.72,0.28,0.72,0.71,0.5045775
0.17,0.41,0.71,0.28,0.72,0.7,0.5045776
0.17,0.4,0.71,0.27,0.74,0.72,0.5045781
0.18,0.4,0.7,0.27,0.73,0.71,0.5045783
0.16,0.42,0.74,0.3,0.76,0.72,0.5045785
0.17,0.42,0.73,0.3,0.75,0.71,0.5045788
0.18,0.43,0.74,0.3,0.75,0.72,0.5045788
0.18,0.49,0.75,0.23,0.76,0.7,0.5045791
0.16,0.41,0.72,0.3,0.75,0.7,0.5045792
0.18,0.41,0.72,0.29,0.76,0.72,0.5045794
0.18,0.42,0.72,0.3,0.74,0.7,0.5045795
0.17,0.4,0.71,0.29,0.76,0.71,0.50458
0.18,0.4,0.7,0.29,0.75,0.7,0.5045802
0.18,0.43,0.75,0.26,0.76,0.7,0.5045807
0.18,0.5,0.72,0.27,0.76,0.7,0.5045808
0.18,0.5,0.74,0.24,0.75,0.7,0.5045811
0.16,0.4,0.73,0.26,0.72,0.71,0.5045818
0.17,0.41,0.74,0.26,0.72,0.72,0.5045818
0.18,0.43,0.75,0.24,0.75,0.7,0.5045822
0.16,0.41,0.75,0.28,0.75,0.72,0.5045826
0.17,0.44,0.71,0.3,0.72,0.72,0.5045827
0.16,0.43,0.7,0.3,0.72,0.71,0.5045828
0.16,0.42,0.75,0.29,0.73,0.7,0.5045831
0.16,0.4,0.73,0.28,0.74,0.7,0.5045832
0.17,0.41,0.74,0.28,0.74,0.71,0.5045832
0.18,0.42,0.75,0.28,0.74,0.72,0.5045832
0.18,0.4,0.73,0.27,0.75,0.72,0.5045838
0.18,0.43,0.75,0.29,0.72,0.7,0.5045838
0.18,0.41,0.73,0.28,0.73,0.7,0.504584
0.17,0.5,0.74,0.26,0.76,0.7,0.5045844
0.18,0.43,0.75,0.22,0.74,0.7,0.5045846
0.17,0.4,0.74,0.2,0.76,0.7,0.5045848
0.17,0.4,0.75,0.27,0.76,0.7,0.5045848
0.17,0.41,0.74,0.3,0.76,0.7,0.5045851
0.18,0.42,0.75,0.3,0.76,0.71,0.5045851
0.17,0.4,0.75,0.25,0.75,0.7,0.5045854
0.18,0.4,0.75,0.22,0.76,0.71,0.5045854
0.17,0.4,0.75,0.23,0.74,0.7,0.5045867
0.17,0.41,0.7,0.27,0.72,0.72,0.5045875
0.16,0.43,0.73,0.3,0.74,0.72,0.5045876
0.18,0.44,0.73,0.3,0.73,0.72,0.5045877
0.17,0.43,0.72,0.3,0.73,0.71,0.5045879
0.16,0.42,0.71,0.3,0.73,0.7,0.5045883
0.18,0.42,0.71,0.29,0.74,0.72,0.5045883
0.18,0.43,0.71,0.3,0.72,0.7,0.5045885
0.18,0.43,0.75,0.2,0.73,0.7,0.5045885
0.17,0.4,0.75,0.26,0.73,0.71,0.5045886
0.16,0.41,0.71,0.29,0.75,0.72,0.5045888
0.17,0.41,0.7,0.29,0.74,0.71,0.5045889
0.18,0.4,0.75,0.2,0.75,0.71,0.5045889
0.17,0.4,0.75,0.21,0.73,0.7,0.5045891
0.18,0.4,0.74,0.26,0.72,0.7,0.5045896
0.18,0.49,0.7,0.21,0.76,0.7,0.5045897
0.17,0.4,0.75,0.28,0.75,0.7,0.50459
0.16,0.42,0.74,0.28,0.73,0.72,0.5045917
0.17,0.42,0.73,0.28,0.72,0.71,0.5045921
0.18,0.43,0.74,0.28,0.72,0.72,0.5045922
0.16,0.41,0.72,0.28,0.72,0.7,0.5045924
0.18,0.41,0.72,0.27,0.73,0.72,0.5045926
0.16,0.4,0.72,0.27,0.74,0.72,0.5045928
0.17,0.4,0.71,0.27,0.73,0.71,0.504593
0.17,0.43,0.75,0.3,0.75,0.72,0.504593
0.16,0.42,0.74,0.3,0.75,0.71,0.5045933
0.18,0.4,0.7,0.27,0.72,0.7,0.5045935
0.17,0.41,0.73,0.29,0.76,0.72,0.5045937
0.18,0.43,0.74,0.3,0.74,0.71,0.5045937
0.17,0.42,0.73,0.3,0.74,0.7,0.5045939
0.18,0.41,0.72,0.29,0.75,0.71,0.5045942
0.17,0.49,0.72,0.2,0.76,0.7,0.5045943
0.16,0.4,0.72,0.29,0.76,0.71,0.5045944
0.18,0.5,0.75,0.28,0.76,0.7,0.5045944
0.17,0.4,0.71,0.29,0.75,0.7,0.5045947
0.18,0.44,0.75,0.24,0.76,0.7,0.5045949
0.17,0.5,0.71,0.21,0.75,0.7,0.5045966
0.16,0.41,0.75,0.26,0.72,0.72,0.5045968
0.16,0.44,0.72,0.3,0.72,0.72,0.5045971
0.17,0.41,0.75,0.25,0.76,0.7,0.5045975
0.16,0.41,0.75,0.28,0.74,0.71,0.5045977
0.18,0.43,0.7,0.29,0.72,0.72,0.5045978
0.18,0.44,0.75,0.22,0.75,0.7,0.5045979
0.16,0.42,0.7,0.29,0.73,0.72,0.504598
0.17,0.4,0.74,0.27,0.75,0.72,0.5045982
0.17,0.41,0.74,0.28,0.73,0.7,0.5045985
0.18,0.4,0.73,0.25,0.72,0.72,0.5045985
0.18,0.42,0.75,0.28,0.73,0.71,0.5045985
0.18,0.4,0.73,0.27,0.74,0.71,0.504599
0.17,0.41,0.75,0.23,0.75,0.7,0.5045992
0.16,0.41,0.75,0.3,0.76,0.7,0.5045995
0.16,0.5,0.71,0.23,0.76,0.7,0.5045997
0.18,0.42,0.75,0.3,0.75,0.7,0.5046003
0.18,0.4,0.73,0.29,0.76,0.7,0.5046008
0.16,0.5,0.73,0.2,0.75,0.7,0.5046015
0.17,0.41,0.75,0.21,0.74,0.7,0.5046018
0.18,0.41,0.75,0.2,0.76,0.71,0.5046018
0.17,0.44,0.74,0.3,0.73,0.72,0.504602
0.16,0.41,0.71,0.27,0.72,0.72,0.5046022
0.18,0.44,0.75,0.2,0.74,0.7,0.5046022
0.18,0.49,0.73,0.22,0.76,0.7,0.5046024
0.16,0.43,0.73,0.3,0.73,0.71,0.5046025
0.17,0.42,0.72,0.29,0.74,0.72,0.5046027
0.18,0.44,0.73,0.3,0.72,0.71,0.5046027
0.17,0.43,0.72,0.3,0.72,0.7,0.5046031
0.18,0.42,0.71,0.29,0.73,0.71,0.5046033
0.16,0.41,0.71,0.29,0.74,0.71,0.5046036
0.17,0.41,0.7,0.29,0.73,0.7,0.5046039
0.18,0.5,0.7,0.26,0.76,0.7,0.5046041
0.17,0.4,0.75,0.26,0.72,0.7,0.5046044
0.17,0.4,0.7,0.28,0.75,0.72,0.5046045
0.18,0.4,0.74,0.24,0.76,0.7,0.5046046
0.18,0.5,0.72,0.23,0.75,0.7,0.5046048
0.17,0.43,0.75,0.28,0.72,0.72,0.5046066
0.18,0.4,0.74,0.22,0.75,0.7,0.5046066
0.16,0.42,0.74,0.28,0.72,0.71,0.5046069
0.17,0.41,0.73,0.27,0.73,0.72,0.5046071
0.17,0.49,0.75,0.21,0.76,0.7,0.5046074
0.16,0.4,0.72,0.27,0.73,0.71,0.5046078
0.17,0.5,0.72,0.25,0.76,0.7,0.5046079
0.18,0.5,0.74,0.2,0.74,0.7,0.5046079
0.17,0.43,0.75,0.3,0.74,0.71,0.504608
0.18,0.41,0.72,0.27,0.72,0.71,0.504608
0.16,0.41,0.74,0.29,0.76,0.72,0.5046081
0.18,0.42,0.74,0.29,0.75,0.72,0.5046081
0.17,0.4,0.71,0.27,0.72,0.7,0.5046082
0.16,0.42,0.74,0.3,0.74,0.7,0.5046084
0.17,0.41,0.73,0.29,0.75,0.71,0.5046085
0.18,0.43,0.74,0.3,0.73,0.7,0.5046089
0.17,0.5,0.74,0.22,0.75,0.7,0.5046091
0.16,0.4,0.72,0.29,0.75,0.7,0.5046093
0.18,0.4,0.72,0.28,0.76,0.72,0.5046094
0.18,0.41,0.72,0.29,0.74,0.7,0.5046095
0.18,0.4,0.74,0.2,0.74,0.7,0.5046102
0.18,0.4,0.75,0.27,0.74,0.7,0.5046104
0.18,0.4,0.75,0.25,0.73,0.7,0.5046113
0.18,0.45,0.75,0.22,0.76,0.7,0.5046115
0.17,0.42,0.75,0.23,0.76,0.7,0.5046117
0.16,0.5,0.74,0.24,0.76,0.7,0.504612
0.17,0.43,0.71,0.29,0.72,0.72,0.5046123
0.16,0.4,0.75,0.27,0.75,0.72,0.5046128
0.16,0.42,0.7,0.29,0.72,0.71,0.5046129
0.17,0.4,0.74,0.25,0.72,0.72,0.5046129
0.16,0.41,0.75,0.28,0.73,0.7,0.5046132
0.18,0.4,0.75,0.23,0.72,0.7,0.5046132
0.18,0.41,0.75,0.27,0.74,0.72,0.5046132
0.17,0.4,0.74,0.27,0.74,0.71,0.5046134
0.18,0.42,0.75,0.28,0.72,0.7,0.5046141
0.18,0.42,0.7,0.3,0.75,0.72,0.5046142
0.18,0.4,0.73,0.27,0.73,0.7,0.5046146
0.17,0.42,0.75,0.21,0.75,0.7,0.5046148
0.18,0.41,0.75,0.29,0.76,0.71,0.5046148
0.16,0.41,0.7,0.3,0.76,0.72,0.5046149
0.17,0.4,0.74,0.29,0.76,0.7,0.5046151
0.18,0.45,0.75,0.2,0.75,0.7,0.504616
0.16,0.44,0.75,0.3,0.73,0.72,0.5046165
0.18,0.45,0.75,0.3,0.72,0.72,0.5046168
0.17,0.44,0.74,0.3,0.72,0.71,0.5046171
0.18,0.5,0.73,0.27,0.76,0.7,0.5046171
0.18,0.43,0.73,0.29,0.73,0.72,0.5046172
0.16,0.42,0.73,0.29,0.74,0.72,0.5046173
0.16,0.43,0.73,0.3,0.72,0.7,0.5046178
0.17,0.42,0.72,0.29,0.73,0.71,0.5046179
0.18,0.5,0.75,0.24,0.75,0.7,0.504618
0.17,0.4,0.7,0.26,0.72,0.72,0.5046184
0.18,0.41,0.71,0.28,0.74,0.72,0.5046184
0.16,0.41,0.71,0.29,0.73,0.7,0.5046186
0.18,0.42,0.71,0.29,0.72,0.7,0.5046186
0.16,0.4,0.71,0.28,0.75,0.72,0.5046191
0.18,0.41,0.74,0.22,0.76,0.7,0.5046191
0.17,0.4,0.7,0.28,0.74,0.71,0.5046194
0.18,0.41,0.71,0.3,0.76,0.71,0.5046199
0.17,0.5,0.75,0.26,0.76,0.7,0.5046208
0.17,0.4,0.7,0.3,0.76,0.7,0.504621
0.18,0.41,0.75,0.29,0.76,0.7,0.5046213
0.18,0.41,0.75,0.27,0.75,0.7,0.5046217
0.16,0.41,0.74,0.27,0.73,0.72,0.5046219
0.17,0.42,0.75,0.29,0.75,0.72,0.5046224
0.18,0.42,0.74,0.27,0.72,0.72,0.5046224
0.17,0.41,0.73,0.27,0.72,0.71,0.5046226
0.18,0.41,0.75,0.25,0.74,0.7,0.5046228
0.16,0.41,0.74,0.29,0.75,0.71,0.504623
0.16,0.4,0.72,0.27,0.72,0.7,0.5046231
0.17,0.43,0.75,0.3,0.73,0.7,0.5046232
0.18,0.41,0.74,0.2,0.75,0.7,0.5046233
0.18,0.4,0.72,0.26,0.73,0.72,0.5046234
0.18,0.42,0.74,0.29,0.74,0.71,0.5046234
0.17,0.4,0.73,0.28,0.76,0.72,0.5046237
0.17,0.41,0.73,0.29,0.74,0.7,0.504624
0.18,0.4,0.72,0.28,0.75,0.71,0.5046245
0.18,0.41,0.75,0.23,0.73,0.7,0.504625
0.16,0.43,0.72,0.29,0.72,0.72,0.5046269
0.18,0.49,0.71,0.21,0.76,0.7,0.5046269
0.16,0.4,0.75,0.25,0.72,0.72,0.504628
0.18,0.42,0.7,0.28,0.72,0.72,0.504628
0.16,0.4,0.75,0.27,0.74,0.71,0.5046281
0.18,0.41,0.75,0.21,0.72,0.7,0.5046281
0.17,0.43,0.75,0.21,0.76,0.7,0.5046282
0.16,0.41,0.7,0.28,0.73,0.72,0.5046285
0.17,0.42,0.71,0.3,0.75,0.72,0.5046286
0.18,0.41,0.75,0.27,0.73,0.71,0.5046289
0.18,0.42,0.7,0.3,0.74,0.71,0.5046291
0.17,0.4,0.74,0.27,0.73,0.7,0.5046292
0.16,0.4,0.75,0.29,0.76,0.7,0.5046294
0.18,0.5,0.7,0.22,0.75,0.7,0.5046295
0.16,0.4,0.75,0.22,0.76,0.7,0.5046296
0.18,0.46,0.75,0.2,0.76,0.7,0.5046297
0.16,0.41,0.7,0.3,0.75,0.71,0.5046299
0.18,0.41,0.75,0.29,0.75,0.7,0.5046303
0.17,0.43,0.74,0.29,0.73,0.72,0.5046316
0.17,0.49,0.73,0.2,0.76,0.7,0.5046317
0.16,0.44,0.75,0.3,0.72,0.71,0.5046318
0.17,0.5,0.7,0.24,0.76,0.7,0.5046323
0.16,0.42,0.73,0.29,0.73,0.71,0.5046325
0.18,0.43,0.73,0.29,0.72,0.71,0.5046326
0.17,0.41,0.72,0.28,0.74,0.72,0.5046329
0.16,0.4,0.75,0.2,0.75,0.7,0.5046331
0.18,0.42,0.73,0.3,0.76,0.72,0.5046331
0.16,0.4,0.71,0.26,0.72,0.72,0.5046333
0.17,0.42,0.72,0.29,0.72,0.7,0.5046333
0.18,0.42,0.75,0.27,0.76,0.7,0.5046333
0.18,0.41,0.71,0.28,0.73,0.71,0.5046335
0.17,0.5,0.72,0.21,0.75,0.7,0.5046338
0.16,0.4,0.71,0.28,0.74,0.71,0.5046341
0.17,0.41,0.72,0.3,0.76,0.71,0.5046342
0.17,0.4,0.7,0.28,0.73,0.7,0.5046346
0.18,0.42,0.75,0.25,0.75,0.7,0.5046347
0.18,0.41,0.71,0.3,0.75,0.7,0.504635
0.16,0.4,0.71,0.3,0.76,0.7,0.5046355
0.16,0.5,0.72,0.23,0.76,0.7,0.5046364
0.17,0.42,0.75,0.27,0.72,0.72,0.5046368
0.18,0.42,0.74,0.2,0.76,0.7,0.5046368
0.18,0.42,0.75,0.23,0.74,0.7,0.5046371
0.16,0.41,0.74,0.27,0.72,0.71,0.5046374
0.17,0.42,0.75,0.29,0.74,0.71,0.5046377
0.17,0.4,0.73,0.26,0.73,0.72,0.5046379
0.16,0.4,0.74,0.28,0.76,0.72,0.5046381
0.17,0.43,0.7,0.3,0.73,0.72,0.5046381
0.18,0.41,0.74,0.28,0.75,0.72,0.5046381
0.16,0.41,0.74,0.29,0.74,0.7,0.5046385
0.16,0.5,0.74,0.2,0.75,0.7,0.5046388
0.17,0.4,0.73,0.28,0.75,0.71,0.5046388
0.18,0.42,0.74,0.29,0.73,0.7,0.5046389
0.18,0.4,0.72,0.26,0.72,0.71,0.504639
0.18,0.49,0.74,0.22,0.76,0.7,0.5046395
0.18,0.4,0.72,0.28,0.74,0.7,0.50464
0.18,0.42,0.75,0.21,0.73,0.7,0.5046404
0.18,0.5,0.71,0.26,0.76,0.7,0.5046406
0.18,0.5,0.73,0.23,0.75,0.7,0.5046416
0.18,0.43,0.72,0.3,0.74,0.72,0.5046425
0.17,0.42,0.71,0.28,0.72,0.72,0.5046426
0.16,0.42,0.72,0.3,0.75,0.72,0.5046431
0.17,0.42,0.71,0.3,0.74,0.71,0.5046436
0.16,0.41,0.7,0.28,0.72,0.71,0.5046437
0.18,0.4,0.75,0.26,0.74,0.72,0.5046439
0.16,0.4,0.75,0.27,0.73,0.7,0.504644
0.17,0.5,0.73,0.25,0.76,0.7,0.5046443
0.18,0.41,0.7,0.29,0.75,0.72,0.5046443
0.18,0.42,0.7,0.3,0.73,0.7,0.5046443
0.18,0.4,0.75,0.28,0.76,0.71,0.5046449
0.16,0.41,0.7,0.3,0.74,0.7,0.504645
0.18,0.41,0.75,0.27,0.72,0.7,0.504645
0.16,0.4,0.7,0.29,0.76,0.72,0.5046453
0.18,0.5,0.75,0.2,0.74,0.7,0.5046455
0.17,0.5,0.75,0.22,0.75,0.7,0.5046461
0.16,0.41,0.75,0.2,0.76,0.7,0.5046462
0.16,0.43,0.75,0.29,0.73,0.72,0.5046462
0.18,0.44,0.75,0.29,0.72,0.72,0.5046463
0.18,0.43,0.75,0.25,0.76,0.7,0.5046468
0.17,0.43,0.74,0.29,0.72,0.71,0.504647
0.17,0.42,0.74,0.3,0.76,0.72,0.5046473
0.18,0.42,0.73,0.28,0.73,0.72,0.5046473
0.16,0.41,0.73,0.28,0.74,0.72,0.5046475
0.16,0.42,0.73,0.29,0.72,0.7,0.504648
0.17,0.41,0.72,0.28,0.73,0.71,0.5046482
0.18,0.42,0.73,0.3,0.75,0.71,0.5046484
0.16,0.5,0.75,0.24,0.76,0.7,0.5046485
0.16,0.41,0.73,0.3,0.76,0.71,0.5046486
0.18,0.4,0.71,0.27,0.74,0.72,0.5046491
0.18,0.41,0.71,0.28,0.72,0.7,0.5046492
0.18,0.43,0.75,0.23,0.75,0.7,0.5046493
0.16,0.4,0.71,0.28,0.73,0.7,0.5046494
0.17,0.41,0.72,0.3,0.75,0.7,0.5046494
0.18,0.4,0.71,0.29,0.76,0.71,0.5046501
0.17,0.4,0.75,0.26,0.76,0.7,0.504651
0.17,0.41,0.75,0.28,0.75,0.72,0.5046523
0.18,0.44,0.71,0.3,0.72,0.72,0.5046525
0.16,0.43,0.71,0.3,0.73,0.72,0.5046526
0.17,0.4,0.75,0.24,0.75,0.7,0.5046526
0.16,0.4,0.74,0.26,0.73,0.72,0.5046528
0.18,0.41,0.74,0.26,0.72,0.72,0.5046531
0.18,0.5,0.74,0.27,0.76,0.7,0.5046532
0.16,0.4,0.74,0.28,0.75,0.71,0.5046533
0.17,0.42,0.75,0.29,0.73,0.7,0.5046533
0.17,0.43,0.7,0.3,0.72,0.71,0.5046533
0.18,0.43,0.75,0.21,0.74,0.7,0.5046533
0.17,0.4,0.73,0.26,0.72,0.71,0.5046536
0.18,0.41,0.74,0.28,0.74,0.71,0.5046537
0.18,0.4,0.75,0.21,0.76,0.71,0.5046538
0.17,0.4,0.73,0.28,0.74,0.7,0.5046545
0.18,0.41,0.74,0.3,0.76,0.7,0.504655
0.17,0.4,0.75,0.22,0.74,0.7,0.5046551
0.17,0.43,0.73,0.3,0.74,0.72,0.5046568
0.16,0.42,0.72,0.28,0.72,0.72,0.5046573
0.18,0.43,0.72,0.3,0.73,0.71,0.5046578
0.16,0.42,0.72,0.3,0.74,0.71,0.5046581
0.17,0.41,0.71,0.29,0.75,0.72,0.5046588
0.17,0.4,0.75,0.2,0.73,0.7,0.5046589
0.17,0.42,0.71,0.3,0.73,0.7,0.5046589
0.18,0.41,0.7,0.27,0.72,0.72,0.504659
0.17,0.5,0.7,0.2,0.75,0.7,0.5046594
0.16,0.4,0.7,0.27,0.73,0.72,0.5046595
0.18,0.41,0.7,0.29,0.74,0.71,0.5046595
0.18,0.4,0.75,0.26,0.73,0.71,0.50466
0.16,0.4,0.7,0.29,0.75,0.71,0.5046604
0.16,0.42,0.75,0.3,0.76,0.72,0.5046616
0.18,0.43,0.75,0.3,0.75,0.72,0.5046616
0.16,0.43,0.75,0.29,0.72,0.71,0.5046617
0.17,0.42,0.74,0.28,0.73,0.72,0.5046617
0.18,0.44,0.75,0.23,0.76,0.7,0.5046619
0.16,0.5,0.7,0.22,0.76,0.7,0.504662
0.17,0.42,0.74,0.3,0.75,0.71,0.5046627
0.16,0.41,0.73,0.28,0.73,0.71,0.5046629
0.18,0.42,0.73,0.28,0.72,0.71,0.5046629
0.18,0.41,0.73,0.29,0.76,0.72,0.504663
0.17,0.4,0.72,0.27,0.74,0.72,0.5046636
0.16,0.41,0.73,0.3,0.75,0.7,0.5046639
0.17,0.41,0.72,0.28,0.72,0.7,0.5046639
0.18,0.49,0.72,0.21,0.76,0.7,0.5046639
0.18,0.42,0.73,0.3,0.74,0.7,0.504664
0.17,0.4,0.72,0.29,0.76,0.71,0.5046645
0.17,0.41,0.75,0.24,0.76,0.7,0.5046645
0.18,0.4,0.71,0.27,0.73,0.71,0.5046645
0.18,0.4,0.71,0.29,0.75,0.7,0.5046655
0.18,0.5,0.71,0.22,0.75,0.7,0.5046664
0.18,0.44,0.75,0.21,0.75,0.7,0.5046665
0.17,0.44,0.72,0.3,0.72,0.72,0.5046668
0.17,0.41,0.75,0.22,0.75,0.7,0.5046673
0.17,0.41,0.75,0.26,0.72,0.72,0.5046677
0.16,0.43,0.71,0.3,0.72,0.71,0.504668
0.17,0.41,0.75,0.28,0.74,0.71,0.504668
0.17,0.42,0.7,0.29,0.73,0.72,0.5046684
0.18,0.4,0.74,0.27,0.75,0.72,0.5046685
0.16,0.4,0.74,0.26,0.72,0.71,0.5046686
0.17,0.5,0.71,0.24,0.76,0.7,0.5046688
0.17,0.49,0.74,0.2,0.76,0.7,0.504669
0.16,0.4,0.74,0.28,0.74,0.7,0.5046691
0.17,0.41,0.75,0.3,0.76,0.7,0.5046692
0.18,0.41,0.74,0.28,0.73,0.7,0.5046695
0.17,0.5,0.73,0.21,0.75,0.7,0.5046708
0.18,0.44,0.74,0.3,0.73,0.72,0.504671
0.16,0.43,0.74,0.3,0.74,0.72,0.5046713
0.17,0.41,0.75,0.2,0.74,0.7,0.5046713
0.18,0.4,0.74,0.23,0.76,0.7,0.504672
0.17,0.43,0.73,0.3,0.73,0.71,0.5046722
0.18,0.42,0.72,0.29,0.74,0.72,0.5046725
0.16,0.5,0.73,0.23,0.76,0.7,0.5046731
0.16,0.41,0.72,0.29,0.75,0.72,0.5046733
0.18,0.43,0.72,0.3,0.72,0.7,0.5046734
0.17,0.41,0.71,0.27,0.72,0.72,0.5046735
0.16,0.42,0.72,0.3,0.73,0.7,0.5046736
0.17,0.41,0.71,0.29,0.74,0.71,0.504674
0.18,0.4,0.7,0.28,0.75,0.72,0.5046749
0.18,0.41,0.7,0.29,0.73,0.7,0.5046749
0.16,0.4,0.7,0.27,0.72,0.71,0.504675
0.18,0.4,0.74,0.21,0.75,0.7,0.5046756
0.18,0.4,0.75,0.28,0.75,0.7,0.5046756
0.16,0.4,0.7,0.29,0.74,0.7,0.5046759
0.16,0.5,0.75,0.2,0.75,0.7,0.5046761
0.16,0.42,0.75,0.28,0.73,0.72,0.5046763
0.18,0.4,0.75,0.26,0.72,0.7,0.5046765
0.18,0.43,0.75,0.28,0.72,0.72,0.5046765
0.18,0.49,0.75,0.22,0.76,0.7,0.5046765
0.18,0.4,0.75,0.26,0.74,0.7,0.5046768
0.18,0.5,0.72,0.26,0.76,0.7,0.5046768
0.16,0.42,0.75,0.3,0.75,0.71,0.504677
0.18,0.43,0.75,0.3,0.74,0.71,0.504677
0.17,0.41,0.74,0.29,0.76,0.72,0.5046772
0.17,0.42,0.74,0.28,0.72,0.71,0.5046774
0.18,0.41,0.73,0.27,0.73,0.72,0.5046778
0.16,0.4,0.73,0.27,0.74,0.72,0.5046782
0.17,0.42,0.74,0.3,0.74,0.7,0.5046783
0.18,0.5,0.74,0.23,0.75,0.7,0.5046784
0.18,0.4,0.75,0.24,0.73,0.7,0.5046786
0.18,0.41,0.73,0.29,0.75,0.71,0.5046786
0.16,0.41,0.73,0.28,0.72,0.7,0.5046787
0.16,0.4,0.73,0.29,0.76,0.71,0.5046789
0.17,0.4,0.72,0.27,0.73,0.71,0.5046791
0.17,0.42,0.75,0.22,0.76,0.7,0.5046795
0.18,0.45,0.75,0.21,0.76,0.7,0.5046798
0.17,0.4,0.72,0.29,0.75,0.7,0.5046799
0.18,0.4,0.71,0.27,0.72,0.7,0.5046805
0.17,0.5,0.74,0.25,0.76,0.7,0.5046806
0.16,0.44,0.73,0.3,0.72,0.72,0.5046812
0.18,0.4,0.75,0.22,0.72,0.7,0.504682
0.18,0.43,0.71,0.29,0.72,0.72,0.5046825
0.17,0.4,0.75,0.27,0.75,0.72,0.5046829
0.16,0.42,0.71,0.29,0.73,0.72,0.504683
0.17,0.42,0.7,0.29,0.72,0.71,0.5046838
0.17,0.41,0.75,0.28,0.73,0.7,0.5046841
0.17,0.42,0.75,0.2,0.75,0.7,0.5046843
0.18,0.4,0.74,0.27,0.74,0.71,0.5046843
0.17,0.41,0.7,0.3,0.76,0.72,0.5046847
0.18,0.4,0.74,0.25,0.72,0.72,0.5046848
0.17,0.44,0.75,0.3,0.73,0.72,0.5046853
0.18,0.4,0.74,0.29,0.76,0.7,0.5046854
0.18,0.41,0.75,0.28,0.76,0.7,0.5046865
0.18,0.44,0.74,0.3,0.72,0.71,0.5046865
0.16,0.43,0.74,0.3,0.73,0.71,0.5046867
0.17,0.42,0.73,0.29,0.74,0.72,0.5046869
0.18,0.41,0.75,0.26,0.75,0.7,0.5046878
0.17,0.43,0.73,0.3,0.72,0.7,0.5046879
0.18,0.42,0.72,0.29,0.73,0.71,0.5046881
0.16,0.41,0.72,0.27,0.72,0.72,0.5046882
0.18,0.41,0.74,0.21,0.76,0.7,0.5046882
0.16,0.41,0.72,0.29,0.74,0.71,0.5046886
0.18,0.5,0.75,0.27,0.76,0.7,0.5046891
0.17,0.4,0.71,0.28,0.75,0.72,0.5046894
0.17,0.41,0.71,0.29,0.73,0.7,0.5046896
0.18,0.49,0.7,0.2,0.76,0.7,0.5046897
0.18,0.41,0.75,0.24,0.74,0.7,0.5046901
0.18,0.4,0.7,0.28,0.74,0.71,0.5046903
0.18,0.4,0.7,0.26,0.72,0.72,0.5046905
0.18,0.4,0.7,0.3,0.76,0.7,0.5046913
0.18,0.42,0.75,0.29,0.75,0.72,0.5046915
0.16,0.41,0.75,0.29,0.76,0.72,0.5046916
0.16,0.42,0.75,0.28,0.72,0.71,0.5046922
0.17,0.41,0.74,0.27,0.73,0.72,0.5046923
0.16,0.42,0.75,0.3,0.74,0.7,0.5046928
0.18,0.43,0.75,0.3,0.73,0.7,0.5046928
0.17,0.41,0.74,0.29,0.75,0.71,0.5046929
0.18,0.41,0.75,0.22,0.73,0.7,0.5046934
0.18,0.4,0.73,0.28,0.76,0.72,0.5046936
0.18,0.41,0.73,0.27,0.72,0.71,0.5046938
0.16,0.4,0.73,0.27,0.73,0.71,0.5046939
0.16,0.4,0.73,0.29,0.75,0.7,0.5046944
0.18,0.41,0.73,0.29,0.74,0.7,0.5046945
0.17,0.4,0.72,0.27,0.72,0.7,0.5046951
0.17,0.5,0.71,0.2,0.75,0.7,0.5046964
0.17,0.43,0.72,0.29,0.72,0.72,0.504697
0.17,0.43,0.75,0.2,0.76,0.7,0.5046975
0.18,0.42,0.71,0.3,0.75,0.72,0.5046979
0.18,0.41,0.75,0.2,0.72,0.7,0.504698
0.16,0.4,0.75,0.21,0.76,0.7,0.5046986
0.16,0.42,0.71,0.29,0.72,0.71,0.5046986
0.16,0.5,0.71,0.22,0.76,0.7,0.5046986
0.17,0.4,0.75,0.27,0.74,0.71,0.5046989
0.16,0.41,0.71,0.3,0.76,0.72,0.5046991
0.17,0.4,0.75,0.25,0.72,0.72,0.5046992
0.18,0.42,0.75,0.26,0.76,0.7,0.5046992
0.17,0.41,0.7,0.28,0.73,0.72,0.5046993
0.17,0.4,0.75,0.29,0.76,0.7,0.5046997
0.17,0.41,0.7,0.3,0.75,0.71,0.5047
0.18,0.4,0.74,0.27,0.73,0.7,0.5047007
0.17,0.44,0.75,0.3,0.72,0.71,0.504701
0.18,0.43,0.74,0.29,0.73,0.72,0.504701
0.18,0.49,0.73,0.21,0.76,0.7,0.504701
0.18,0.5,0.7,0.25,0.76,0.7,0.5047013
0.16,0.42,0.74,0.29,0.74,0.72,0.5047014
0.18,0.42,0.75,0.24,0.75,0.7,0.5047018
0.16,0.43,0.74,0.3,0.72,0.7,0.5047026
0.17,0.42,0.73,0.29,0.73,0.71,0.5047026
0.18,0.41,0.72,0.28,0.74,0.72,0.5047029
0.18,0.5,0.72,0.22,0.75,0.7,0.5047032
0.18,0.41,0.72,0.3,0.76,0.71,0.5047037
0.16,0.4,0.72,0.28,0.75,0.72,0.504704
0.18,0.42,0.72,0.29,0.72,0.7,0.5047041
0.16,0.41,0.72,0.29,0.73,0.7,0.5047043
0.17,0.4,0.71,0.26,0.72,0.72,0.5047049
0.17,0.4,0.71,0.28,0.74,0.71,0.5047049
0.17,0.5,0.72,0.24,0.76,0.7,0.5047052
0.18,0.42,0.75,0.22,0.74,0.7,0.5047052
0.17,0.4,0.71,0.3,0.76,0.7,0.5047058
0.18,0.4,0.7,0.28,0.73,0.7,0.5047061
0.17,0.49,0.75,0.2,0.76,0.7,0.5047063
0.16,0.41,0.75,0.27,0.73,0.72,0.504707
0.18,0.42,0.75,0.27,0.72,0.72,0.5047071
0.16,0.41,0.75,0.29,0.75,0.71,0.5047073
0.18,0.42,0.75,0.29,0.74,0.71,0.5047073
0.17,0.5,0.74,0.21,0.75,0.7,0.5047076
0.17,0.4,0.74,0.28,0.76,0.72,0.5047078
0.18,0.43,0.7,0.3,0.73,0.72,0.5047078
0.17,0.41,0.74,0.27,0.72,0.71,0.5047084
0.17,0.41,0.74,0.29,0.74,0.7,0.5047088
0.16,0.42,0.7,0.3,0.74,0.72,0.5047089
0.18,0.4,0.73,0.26,0.73,0.72,0.5047091
0.18,0.4,0.73,0.28,0.75,0.71,0.5047093
0.16,0.5,0.74,0.23,0.76,0.7,0.5047095
0.16,0.4,0.73,0.27,0.72,0.7,0.50471
0.18,0.42,0.75,0.2,0.73,0.7,0.50471
0.16,0.43,0.73,0.29,0.72,0.72,0.5047116
0.17,0.42,0.72,0.3,0.75,0.72,0.5047122
0.18,0.5,0.73,0.26,0.76,0.7,0.5047128
0.18,0.42,0.71,0.28,0.72,0.72,0.5047131
0.18,0.42,0.71,0.3,0.74,0.71,0.5047133
0.18,0.43,0.75,0.24,0.76,0.7,0.5047135
0.16,0.41,0.71,0.28,0.73,0.72,0.504714
0.16,0.41,0.71,0.3,0.75,0.71,0.5047145
0.17,0.41,0.7,0.28,0.72,0.71,0.504715
0.18,0.5,0.75,0.23,0.75,0.7,0.504715
0.17,0.4,0.7,0.29,0.76,0.72,0.5047153
0.17,0.4,0.75,0.27,0.73,0.7,0.5047153
0.17,0.43,0.75,0.29,0.73,0.72,0.5047153
0.17,0.41,0.7,0.3,0.74,0.7,0.5047156
0.18,0.42,0.74,0.3,0.76,0.72,0.504716
0.17,0.5,0.75,0.25,0.76,0.7,0.5047167
0.18,0.43,0.74,0.29,0.72,0.71,0.5047169
0.16,0.42,0.74,0.29,0.73,0.71,0.5047171
0.18,0.43,0.75,0.22,0.75,0.7,0.5047173
0.17,0.41,0.73,0.28,0.74,0.72,0.5047174
0.17,0.4,0.75,0.25,0.76,0.7,0.5047177
0.17,0.41,0.73,0.3,0.76,0.71,0.5047179
0.17,0.42,0.73,0.29,0.72,0.7,0.5047186
0.18,0.41,0.72,0.28,0.73,0.71,0.5047189
0.18,0.41,0.72,0.3,0.75,0.7,0.5047194
0.16,0.4,0.72,0.28,0.74,0.71,0.5047196
0.16,0.4,0.72,0.26,0.72,0.72,0.5047197
0.16,0.4,0.72,0.3,0.76,0.7,0.5047202
0.17,0.4,0.75,0.23,0.75,0.7,0.5047205
0.17,0.4,0.71,0.28,0.73,0.7,0.5047207
0.18,0.41,0.75,0.28,0.75,0.72,0.5047219
0.16,0.4,0.75,0.28,0.76,0.72,0.5047222
0.17,0.43,0.71,0.3,0.73,0.72,0.5047222
0.18,0.43,0.75,0.2,0.74,0.7,0.5047228
0.18,0.4,0.75,0.2,0.76,0.71,0.504723
0.16,0.41,0.75,0.27,0.72,0.71,0.5047233
0.16,0.41,0.75,0.29,0.74,0.7,0.5047233
0.18,0.42,0.75,0.29,0.73,0.7,0.5047234
0.18,0.43,0.7,0.3,0.72,0.71,0.5047235
0.17,0.4,0.74,0.26,0.73,0.72,0.5047236
0.17,0.4,0.74,0.28,0.75,0.71,0.5047236
0.17,0.4,0.75,0.21,0.74,0.7,0.5047243
0.16,0.42,0.7,0.3,0.73,0.71,0.5047246
0.18,0.4,0.73,0.26,0.72,0.71,0.5047254
0.18,0.4,0.73,0.28,0.74,0.7,0.5047256
0.18,0.43,0.73,0.3,0.74,0.72,0.5047258
0.16,0.42,0.73,0.3,0.75,0.72,0.5047266
0.18,0.49,0.71,0.2,0.76,0.7,0.5047267
0.17,0.42,0.72,0.28,0.72,0.72,0.5047276
0.17,0.42,0.72,0.3,0.74,0.71,0.5047278
0.18,0.41,0.71,0.29,0.75,0.72,0.5047284
0.18,0.5,0.7,0.21,0.75,0.7,0.5047289
0.18,0.42,0.71,0.3,0.73,0.7,0.5047293
0.16,0.4,0.71,0.29,0.76,0.72,0.5047298
0.16,0.41,0.71,0.28,0.72,0.71,0.5047298
0.18,0.44,0.75,0.22,0.76,0.7,0.50473
0.17,0.42,0.75,0.3,0.76,0.72,0.5047301
0.16,0.41,0.71,0.3,0.74,0.7,0.5047302
0.17,0.4,0.7,0.27,0.73,0.72,0.5047307
0.17,0.5,0.7,0.23,0.76,0.7,0.5047308
0.17,0.4,0.7,0.29,0.75,0.71,0.5047309
0.17,0.43,0.75,0.29,0.72,0.71,0.5047313
0.18,0.42,0.74,0.28,0.73,0.72,0.5047315
0.18,0.42,0.74,0.3,0.75,0.71,0.5047318
0.16,0.41,0.74,0.28,0.74,0.72,0.504732
0.17,0.41,0.75,0.23,0.76,0.7,0.504732
0.16,0.41,0.74,0.3,0.76,0.71,0.5047322
0.16,0.42,0.74,0.29,0.72,0.7,0.5047333
0.17,0.41,0.73,0.28,0.73,0.71,0.5047334
0.17,0.5,0.72,0.2,0.75,0.7,0.5047335
0.17,0.41,0.73,0.3,0.75,0.7,0.5047338
0.18,0.4,0.72,0.27,0.74,0.72,0.5047342
0.18,0.4,0.72,0.29,0.76,0.71,0.5047343
0.16,0.5,0.72,0.22,0.76,0.7,0.5047351
0.18,0.41,0.72,0.28,0.72,0.7,0.5047352
0.16,0.4,0.72,0.28,0.73,0.7,0.5047355
0.18,0.44,0.75,0.2,0.75,0.7,0.5047357
0.18,0.44,0.72,0.3,0.72,0.72,0.5047361
0.17,0.41,0.75,0.21,0.75,0.7,0.5047362
0.16,0.43,0.72,0.3,0.73,0.72,0.5047367
0.18,0.5,0.71,0.25,0.76,0.7,0.5047376
0.18,0.49,0.74,0.21,0.76,0.7,0.5047379
0.16,0.4,0.75,0.28,0.75,0.71,0.5047381
0.17,0.43,0.71,0.3,0.72,0.71,0.5047381
0.18,0.41,0.75,0.28,0.74,0.71,0.5047381
0.18,0.42,0.7,0.29,0.73,0.72,0.5047384
0.16,0.4,0.75,0.26,0.73,0.72,0.5047385
0.18,0.41,0.75,0.26,0.72,0.72,0.5047386
0.18,0.41,0.75,0.3,0.76,0.7,0.5047388
0.18,0.5,0.73,0.22,0.75,0.7,0.5047397
0.16,0.41,0.7,0.29,0.74,0.72,0.5047399
0.17,0.4,0.74,0.28,0.74,0.7,0.5047399
0.17,0.4,0.74,0.26,0.72,0.71,0.50474
0.17,0.43,0.74,0.3,0.74,0.72,0.50474
0.18,0.4,0.74,0.22,0.76,0.7,0.5047404
0.16,0.42,0.7,0.3,0.72,0.7,0.5047405
0.17,0.5,0.73,0.24,0.76,0.7,0.5047414
0.18,0.4,0.75,0.27,0.75,0.7,0.5047416
0.18,0.43,0.73,0.3,0.73,0.71,0.5047417
0.16,0.42,0.73,0.28,0.72,0.72,0.5047423
0.16,0.42,0.73,0.3,0.74,0.71,0.5047423
0.17,0.41,0.72,0.29,0.75,0.72,0.5047428
0.18,0.4,0.75,0.25,0.74,0.7,0.5047436
0.17,0.42,0.72,0.3,0.73,0.7,0.5047438
0.18,0.41,0.71,0.29,0.74,0.71,0.5047441
0.17,0.5,0.75,0.21,0.75,0.7,0.5047445
0.18,0.41,0.71,0.27,0.72,0.72,0.5047445
0.16,0.4,0.71,0.27,0.73,0.72,0.5047455
0.16,0.4,0.71,0.29,0.75,0.71,0.5047455
0.18,0.4,0.74,0.2,0.75,0.7,0.5047456
0.16,0.5,0.75,0.23,0.76,0.7,0.5047458
0.17,0.42,0.75,0.28,0.73,0.72,0.5047459
0.17,0.42,0.75,0.3,0.75,0.71,0.504746
0.18,0.41,0.74,0.29,0.76,0.72,0.5047463
0.17,0.4,0.7,0.27,0.72,0.71,0.5047467
0.17,0.4,0.7,0.29,0.74,0.7,0.5047468
0.18,0.4,0.75,0.23,0.73,0.7,0.5047468
0.18,0.42,0.74,0.28,0.72,0.71,0.5047478
0.18,0.42,0.74,0.3,0.74,0.7,0.5047479
0.16,0.41,0.74,0.28,0.73,0.71,0.504748
0.16,0.41,0.74,0.3,0.75,0.7,0.5047482
0.17,0.4,0.73,0.27,0.74,0.72,0.5047486
0.17,0.4,0.73,0.29,0.76,0.71,0.5047486
0.17,0.42,0.75,0.21,0.76,0.7,0.5047486
0.18,0.45,0.75,0.2,0.76,0.7,0.5047487
0.18,0.5,0.74,0.26,0.76,0.7,0.5047487
0.17,0.41,0.73,0.28,0.72,0.7,0.5047498
0.18,0.4,0.72,0.27,0.73,0.71,0.5047503
0.17,0.44,0.73,0.3,0.72,0.72,0.5047504
0.18,0.4,0.72,0.29,0.75,0.7,0.5047504
0.18,0.4,0.75,0.21,0.72,0.7,0.5047517
0.18,0.41,0.75,0.27,0.76,0.7,0.5047522
0.16,0.43,0.72,0.3,0.72,0.71,0.5047527
0.18,0.4,0.75,0.27,0.75,0.72,0.5047528
0.17,0.42,0.71,0.29,0.73,0.72,0.5047529
0.18,0.44,0.75,0.3,0.73,0.72,0.5047537
0.18,0.41,0.7,0.3,0.76,0.72,0.5047539
0.16,0.43,0.75,0.3,0.74,0.72,0.5047544
0.18,0.42,0.7,0.29,0.72,0.71,0.5047544
0.16,0.4,0.75,0.28,0.74,0.7,0.5047545
0.18,0.41,0.75,0.25,0.75,0.7,0.5047547
0.18,0.41,0.75,0.28,0.73,0.7,0.5047547
0.16,0.4,0.75,0.26,0.72,0.71,0.504755
0.16,0.41,0.7,0.29,0.73,0.71,0.5047558
0.17,0.43,0.74,0.3,0.73,0.71,0.504756
0.18,0.42,0.73,0.29,0.74,0.72,0.5047562
0.16,0.41,0.73,0.29,0.75,0.72,0.5047572
0.18,0.43,0.73,0.3,0.72,0.7,0.5047578
0.18,0.41,0.75,0.23,0.74,0.7,0.504758
0.18,0.41,0.74,0.2,0.76,0.7,0.5047581
0.16,0.42,0.73,0.3,0.73,0.7,0.5047584
0.17,0.41,0.72,0.29,0.74,0.71,0.5047586
0.17,0.41,0.72,0.27,0.72,0.72,0.5047589
0.18,0.4,0.71,0.28,0.75,0.72,0.5047594
0.18,0.41,0.71,0.29,0.73,0.7,0.5047603
0.17,0.41,0.75,0.29,0.76,0.72,0.5047605
0.16,0.4,0.71,0.27,0.72,0.71,0.5047615
0.16,0.4,0.71,0.29,0.74,0.7,0.5047615
0.16,0.5,0.7,0.21,0.76,0.7,0.5047618
0.17,0.42,0.75,0.3,0.74,0.7,0.5047621
0.17,0.42,0.75,0.28,0.72,0.71,0.5047623
0.18,0.41,0.74,0.29,0.75,0.71,0.5047625
0.18,0.41,0.75,0.21,0.73,0.7,0.5047625
0.18,0.41,0.74,0.27,0.73,0.72,0.5047626
0.16,0.4,0.74,0.29,0.76,0.71,0.504763
0.16,0.4,0.74,0.27,0.74,0.72,0.5047632
0.18,0.49,0.72,0.2,0.76,0.7,0.5047636
0.16,0.41,0.74,0.28,0.72,0.7,0.5047645
0.16,0.44,0.74,0.3,0.72,0.72,0.5047648
0.17,0.4,0.73,0.27,0.73,0.71,0.5047648
0.17,0.4,0.73,0.29,0.75,0.7,0.5047648
0.18,0.42,0.75,0.25,0.76,0.7,0.5047657
0.18,0.5,0.71,0.21,0.75,0.7,0.5047657
0.18,0.43,0.72,0.29,0.72,0.72,0.5047666
0.18,0.4,0.72,0.27,0.72,0.7,0.5047669
0.17,0.5,0.71,0.23,0.76,0.7,0.504767
0.16,0.42,0.72,0.29,0.73,0.72,0.5047676
0.17,0.41,0.71,0.3,0.76,0.72,0.5047683
0.16,0.4,0.75,0.2,0.76,0.7,0.5047686
0.17,0.42,0.71,0.29,0.72,0.71,0.5047691
0.18,0.4,0.75,0.27,0.74,0.71,0.5047694
0.18,0.42,0.75,0.23,0.75,0.7,0.5047694
0.18,0.4,0.75,0.29,0.76,0.7,0.5047696
0.18,0.41,0.7,0.28,0.73,0.72,0.5047697
0.18,0.41,0.7,0.3,0.75,0.71,0.5047697
0.18,0.44,0.75,0.3,0.72,0.71,0.5047699
0.17,0.5,0.73,0.2,0.75,0.7,0.5047704
0.16,0.43,0.75,0.3,0.73,0.71,0.5047705
0.17,0.42,0.74,0.29,0.74,0.72,0.5047705
0.18,0.4,0.75,0.25,0.72,0.72,0.5047706
0.16,0.4,0.7,0.3,0.76,0.71,0.5047713
0.16,0.4,0.7,0.28,0.74,0.72,0.5047714
0.16,0.5,0.73,0.22,0.76,0.7,0.5047715
0.16,0.41,0.7,0.29,0.72,0.7,0.5047719
0.17,0.43,0.74,0.3,0.72,0.7,0.5047723
0.18,0.42,0.73,0.29,0.73,0.71,0.5047724
0.16,0.41,0.73,0.29,0.74,0.71,0.5047732
0.16,0.41,0.73,0.27,0.72,0.72,0.5047736
0.18,0.5,0.72,0.25,0.76,0.7,0.5047736
0.17,0.4,0.72,0.28,0.75,0.72,0.5047738
0.18,0.42,0.75,0.21,0.74,0.7,0.5047742
0.18,0.49,0.75,0.21,0.76,0.7,0.5047747
0.17,0.41,0.72,0.29,0.73,0.7,0.5047749
0.18,0.4,0.71,0.28,0.74,0.71,0.5047755
0.18,0.4,0.71,0.3,0.76,0.7,0.5047757
0.18,0.5,0.74,0.22,0.75,0.7,0.5047763
0.18,0.4,0.71,0.26,0.72,0.72,0.5047764
0.17,0.41,0.75,0.29,0.75,0.71,0.5047767
0.17,0.41,0.75,0.27,0.73,0.72,0.5047771
0.18,0.4,0.74,0.28,0.76,0.72,0.5047772
0.17,0.5,0.74,0.24,0.76,0.7,0.5047775
0.17,0.42,0.7,0.3,0.74,0.72,0.5047785
0.18,0.41,0.74,0.29,0.74,0.7,0.504779
0.16,0.4,0.74,0.29,0.75,0.7,0.5047793
0.18,0.41,0.74,0.27,0.72,0.71,0.5047793
0.16,0.4,0.74,0.27,0.73,0.71,0.5047795
0.18,0.43,0.75,0.23,0.76,0.7,0.5047809
0.18,0.42,0.72,0.3,0.75,0.72,0.504781
0.17,0.43,0.73,0.29,0.72,0.72,0.5047811
0.17,0.4,0.73,0.27,0.72,0.7,0.5047815
0.16,0.41,0.72,0.3,0.76,0.72,0.5047826
0.16,0.42,0.72,0.29,0.72,0.71,0.5047838
0.17,0.41,0.71,0.3,0.75,0.71,0.5047841
0.17,0.41,0.71,0.28,0.73,0.72,0.5047843
0.18,0.43,0.75,0.29,0.73,0.72,0.5047843
0.18,0.5,0.75,0.26,0.76,0.7,0.5047845
0.18,0.4,0.7,0.29,0.76,0.72,0.5047849
0.16,0.42,0.75,0.29,0.74,0.72,0.504785
0.17,0.4,0.75,0.24,0.76,0.7,0.5047852
0.18,0.41,0.7,0.3,0.74,0.7,0.5047857
0.18,0.41,0.7,0.28,0.72,0.71,0.5047858
0.18,0.4,0.75,0.27,0.73,0.7,0.5047864
0.18,0.43,0.75,0.21,0.75,0.7,0.5047864
0.17,0.42,0.74,0.29,0.73,0.71,0.5047868
0.16,0.43,0.75,0.3,0.72,0.7,0.5047869
0.18,0.41,0.73,0.3,0.76,0.71,0.504787
0.18,0.41,0.73,0.28,0.74,0.72,0.5047872
0.16,0.4,0.7,0.3,0.75,0.7,0.5047874
0.16,0.4,0.7,0.28,0.73,0.71,0.5047875
0.16,0.4,0.73,0.28,0.75,0.72,0.5047883
0.18,0.42,0.73,0.29,0.72,0.7,0.5047889
0.17,0.4,0.75,0.22,0.75,0.7,0.5047891
0.16,0.41,0.73,0.29,0.73,0.7,0.5047896
0.17,0.4,0.72,0.28,0.74,0.71,0.50479
0.17,0.4,0.72,0.3,0.76,0.7,0.50479
0.17,0.4,0.72,0.26,0.72,0.72,0.5047908
0.17,0.4,0.75,0.28,0.76,0.72,0.5047914
0.18,0.43,0.71,0.3,0.73,0.72,0.5047914
0.18,0.4,0.71,0.28,0.73,0.7,0.504792
0.16,0.42,0.71,0.3,0.74,0.72,0.504793
0.17,0.41,0.75,0.29,0.74,0.7,0.5047932
0.18,0.4,0.74,0.28,0.75,0.71,0.5047937
0.17,0.41,0.75,0.27,0.72,0.71,0.5047938
0.17,0.4,0.75,0.2,0.74,0.7,0.5047943
0.18,0.4,0.74,0.26,0.73,0.72,0.5047943
0.17,0.42,0.7,0.3,0.73,0.71,0.5047946
0.17,0.42,0.73,0.3,0.75,0.72,0.5047953
0.16,0.43,0.74,0.29,0.72,0.72,0.5047957
0.16,0.4,0.74,0.27,0.72,0.7,0.5047964
0.18,0.42,0.72,0.3,0.74,0.71,0.5047971
0.18,0.42,0.72,0.28,0.72,0.72,0.5047977
0.16,0.5,0.71,0.21,0.76,0.7,0.5047981
0.18,0.42,0.75,0.3,0.76,0.72,0.5047984
0.16,0.41,0.72,0.3,0.75,0.71,0.5047986
0.18,0.44,0.75,0.21,0.76,0.7,0.5047988
0.16,0.41,0.72,0.28,0.73,0.72,0.5047989
0.18,0.5,0.7,0.24,0.76,0.7,0.5047992
0.17,0.4,0.71,0.29,0.76,0.72,0.5047993
0.17,0.41,0.71,0.3,0.74,0.7,0.5048002
0.17,0.41,0.75,0.22,0.76,0.7,0.5048004
0.18,0.49,0.73,0.2,0.76,0.7,0.5048004
0.17,0.41,0.71,0.28,0.72,0.71,0.5048006
0.18,0.43,0.75,0.29,0.72,0.71,0.5048008
0.18,0.4,0.7,0.29,0.75,0.71,0.504801
0.17,0.41,0.74,0.3,0.76,0.71,0.5048011
0.16,0.42,0.75,0.29,0.73,0.71,0.5048013
0.17,0.41,0.74,0.28,0.74,0.72,0.5048015
0.18,0.4,0.7,0.27,0.73,0.72,0.5048016
0.18,0.5,0.72,0.21,0.75,0.7,0.5048021
0.17,0.5,0.72,0.23,0.76,0.7,0.5048032
0.17,0.42,0.74,0.29,0.72,0.7,0.5048034
0.18,0.41,0.73,0.3,0.75,0.7,0.5048035
0.18,0.41,0.73,0.28,0.73,0.71,0.5048037
0.16,0.4,0.7,0.28,0.72,0.7,0.5048039
0.16,0.43,0.7,0.3,0.72,0.72,0.504804
0.16,0.4,0.73,0.3,0.76,0.7,0.5048044
0.16,0.4,0.73,0.28,0.74,0.71,0.5048046
0.16,0.4,0.73,0.26,0.72,0.72,0.5048057
0.18,0.4,0.75,0.28,0.76,0.7,0.5048057
0.17,0.43,0.72,0.3,0.73,0.72,0.5048059
0.17,0.41,0.75,0.2,0.75,0.7,0.5048061
0.17,0.4,0.72,0.28,0.73,0.7,0.5048066
0.17,0.5,0.74,0.2,0.75,0.7,0.5048071
0.16,0.5,0.74,0.22,0.76,0.7,0.5048077
0.18,0.43,0.71,0.3,0.72,0.71,0.5048078
0.17,0.4,0.75,0.28,0.75,0.71,0.504808
0.18,0.4,0.75,0.26,0.75,0.7,0.5048081
0.18,0.43,0.74,0.3,0.74,0.72,0.5048085
0.17,0.4,0.75,0.26,0.73,0.72,0.5048089
0.16,0.42,0.71,0.3,0.73,0.71,0.5048092
0.18,0.5,0.73,0.25,0.76,0.7,0.5048094
0.16,0.42,0.74,0.3,0.75,0.72,0.5048096
0.18,0.4,0.74,0.21,0.76,0.7,0.5048098
0.17,0.41,0.7,0.29,0.74,0.72,0.5048099
0.18,0.4,0.74,0.28,0.74,0.7,0.5048105
0.17,0.42,0.7,0.3,0.72,0.7,0.504811
0.18,0.4,0.74,0.26,0.72,0.71,0.5048113
0.18,0.4,0.75,0.24,0.74,0.7,0.5048114
0.17,0.42,0.73,0.3,0.74,0.71,0.5048115
0.18,0.41,0.72,0.29,0.75,0.72,0.5048119
0.17,0.42,0.73,0.28,0.72,0.72,0.5048122
0.18,0.5,0.75,0.22,0.75,0.7,0.5048128
0.17,0.5,0.75,0.24,0.76,0.7,0.5048135
0.18,0.42,0.72,0.3,0.73,0.7,0.5048137
0.16,0.4,0.72,0.29,0.76,0.72,0.5048138
0.18,0.42,0.75,0.3,0.75,0.71,0.5048147
0.16,0.41,0.72,0.3,0.74,0.7,0.5048148
0.18,0.42,0.75,0.28,0.73,0.72,0.5048153
0.16,0.41,0.72,0.28,0.72,0.71,0.5048154
0.16,0.41,0.75,0.3,0.76,0.71,0.5048154
0.17,0.4,0.71,0.29,0.75,0.71,0.5048155
0.18,0.4,0.75,0.22,0.73,0.7,0.5048159
0.16,0.41,0.75,0.28,0.74,0.72,0.504816
0.17,0.4,0.71,0.27,0.73,0.72,0.5048162
0.18,0.4,0.7,0.29,0.74,0.7,0.5048173
0.17,0.41,0.74,0.3,0.75,0.7,0.5048177
0.18,0.4,0.7,0.27,0.72,0.71,0.504818
0.16,0.42,0.75,0.29,0.72,0.7,0.5048181
0.17,0.41,0.74,0.28,0.73,0.71,0.5048181
0.18,0.4,0.73,0.29,0.76,0.71,0.5048182
0.17,0.42,0.75,0.2,0.76,0.7,0.5048183
0.18,0.41,0.75,0.26,0.76,0.7,0.5048185
0.18,0.4,0.73,0.27,0.74,0.72,0.5048187
0.18,0.44,0.73,0.3,0.72,0.72,0.5048193
0.16,0.43,0.73,0.3,0.73,0.72,0.5048204
0.18,0.41,0.73,0.28,0.72,0.7,0.5048207
0.16,0.4,0.73,0.28,0.73,0.7,0.5048212
0.18,0.4,0.75,0.2,0.72,0.7,0.5048219
0.18,0.41,0.75,0.24,0.75,0.7,0.5048221
0.17,0.43,0.72,0.3,0.72,0.71,0.5048223
0.18,0.42,0.71,0.29,0.73,0.72,0.5048225
0.17,0.43,0.75,0.3,0.74,0.72,0.5048227
0.16,0.41,0.71,0.29,0.74,0.72,0.5048244
0.17,0.4,0.75,0.28,0.74,0.7,0.5048249
0.18,0.43,0.74,0.3,0.73,0.71,0.504825
0.16,0.42,0.71,0.3,0.72,0.7,0.5048257
0.16,0.42,0.74,0.3,0.74,0.71,0.5048259
0.17,0.4,0.75,0.26,0.72,0.71,0.504826
0.17,0.41,0.7,0.29,0.73,0.71,0.5048262
0.17,0.41,0.73,0.29,0.75,0.72,0.5048263
0.18,0.41,0.75,0.22,0.74,0.7,0.5048267
0.16,0.42,0.74,0.28,0.72,0.72,0.5048269
0.17,0.42,0.73,0.3,0.73,0.7,0.5048281
0.18,0.41,0.72,0.29,0.74,0.71,0.5048283
0.18,0.5,0.7,0.2,0.75,0.7,0.5048291
0.18,0.41,0.75,0.29,0.76,0.72,0.5048292
0.18,0.41,0.72,0.27,0.72,0.72,0.5048295
0.17,0.5,0.7,0.22,0.76,0.7,0.5048299
0.16,0.4,0.72,0.29,0.75,0.71,0.50483
0.16,0.4,0.72,0.27,0.73,0.72,0.5048308
0.18,0.42,0.75,0.3,0.74,0.7,0.5048314
0.17,0.4,0.71,0.29,0.74,0.7,0.5048318
0.16,0.41,0.75,0.3,0.75,0.7,0.5048321
0.18,0.42,0.75,0.28,0.72,0.71,0.5048322
0.17,0.4,0.74,0.29,0.76,0.71,0.5048323
0.18,0.41,0.75,0.2,0.73,0.7,0.5048326
0.17,0.4,0.71,0.27,0.72,0.71,0.5048327
0.16,0.41,0.75,0.28,0.73,0.71,0.5048328
0.18,0.42,0.75,0.24,0.76,0.7,0.5048329
0.17,0.4,0.74,0.27,0.74,0.72,0.5048331
0.17,0.44,0.74,0.3,0.72,0.72,0.5048335
0.16,0.5,0.72,0.21,0.76,0.7,0.5048343
0.18,0.4,0.73,0.29,0.75,0.7,0.504835
0.17,0.41,0.74,0.28,0.72,0.7,0.5048352
0.18,0.5,0.71,0.24,0.76,0.7,0.5048352
0.16,0.42,0.7,0.29,0.72,0.72,0.5048354
0.18,0.4,0.73,0.27,0.73,0.71,0.5048356
0.16,0.43,0.73,0.3,0.72,0.71,0.5048369
0.18,0.41,0.71,0.3,0.76,0.72,0.504837
0.17,0.42,0.72,0.29,0.73,0.72,0.5048371
0.18,0.49,0.74,0.2,0.76,0.7,0.5048372
0.18,0.42,0.75,0.22,0.75,0.7,0.5048378
0.18,0.5,0.73,0.21,0.75,0.7,0.5048386
0.17,0.43,0.75,0.3,0.73,0.71,0.5048392
0.17,0.5,0.73,0.23,0.76,0.7,0.5048392
0.18,0.42,0.71,0.29,0.72,0.71,0.5048392
0.18,0.42,0.74,0.29,0.74,0.72,0.5048394
0.16,0.41,0.74,0.29,0.75,0.72,0.5048407
0.16,0.41,0.71,0.29,0.73,0.71,0.5048408
0.17,0.4,0.7,0.3,0.76,0.71,0.5048409
0.17,0.4,0.7,0.28,0.74,0.72,0.5048417
0.18,0.43,0.74,0.3,0.72,0.7,0.5048417
0.16,0.42,0.74,0.3,0.73,0.7,0.5048427
0.17,0.41,0.73,0.29,0.74,0.71,0.5048427
0.17,0.41,0.7,0.29,0.72,0.7,0.5048428
0.18,0.4,0.72,0.28,0.75,0.72,0.5048435
0.16,0.5,0.75,0.22,0.76,0.7,0.5048437
0.17,0.5,0.75,0.2,0.75,0.7,0.5048437
0.17,0.41,0.73,0.27,0.72,0.72,0.5048439
0.18,0.42,0.75,0.2,0.74,0.7,0.5048442
0.18,0.5,0.74,0.25,0.76,0.7,0.5048451
0.18,0.41,0.72,0.29,0.73,0.7,0.5048452
0.18,0.41,0.75,0.29,0.75,0.71,0.504846
0.16,0.4,0.72,0.29,0.74,0.7,0.5048464
0.16,0.4,0.75,0.29,0.76,0.71,0.5048466
0.18,0.41,0.75,0.27,0.73,0.72,0.5048469
0.16,0.4,0.72,0.27,0.72,0.71,0.5048475
0.16,0.4,0.75,0.27,0.74,0.72,0.5048477
0.18,0.42,0.7,0.3,0.74,0.72,0.5048477
0.16,0.44,0.75,0.3,0.72,0.72,0.504848
0.17,0.4,0.74,0.29,0.75,0.7,0.5048493
0.18,0.43,0.75,0.22,0.76,0.7,0.5048493
0.16,0.41,0.7,0.3,0.75,0.72,0.5048498
0.16,0.41,0.75,0.28,0.72,0.7,0.5048499
0.17,0.4,0.74,0.27,0.73,0.71,0.5048501
0.18,0.43,0.73,0.29,0.72,0.72,0.5048502
0.17,0.41,0.72,0.3,0.76,0.72,0.5048513
0.16,0.42,0.73,0.29,0.73,0.72,0.5048517
0.18,0.4,0.73,0.27,0.72,0.7,0.5048529
0.17,0.4,0.75,0.23,0.76,0.7,0.5048533
0.18,0.41,0.71,0.3,0.75,0.71,0.5048533
0.17,0.42,0.75,0.29,0.74,0.72,0.5048536
0.17,0.42,0.72,0.29,0.72,0.71,0.5048538
0.18,0.41,0.71,0.28,0.73,0.72,0.5048542
0.16,0.4,0.71,0.3,0.76,0.71,0.5048554
0.17,0.43,0.75,0.3,0.72,0.7,0.5048561
0.18,0.42,0.74,0.29,0.73,0.71,0.5048562
0.18,0.43,0.75,0.2,0.75,0.7,0.5048562
0.16,0.4,0.71,0.28,0.74,0.72,0.5048563
0.16,0.41,0.74,0.29,0.74,0.71,0.5048573
0.17,0.4,0.7,0.3,0.75,0.7,0.5048574
0.16,0.41,0.71,0.29,0.72,0.7,0.5048576
0.17,0.4,0.73,0.28,0.75,0.72,0.5048578
0.17,0.4,0.7,0.28,0.73,0.71,0.5048582
0.17,0.4,0.75,0.21,0.75,0.7,0.5048586
0.16,0.41,0.74,0.27,0.72,0.72,0.5048587
0.18,0.4,0.72,0.3,0.76,0.7,0.5048596
0.17,0.41,0.73,0.29,0.73,0.7,0.5048597
0.18,0.4,0.72,0.28,0.74,0.71,0.5048602
0.18,0.4,0.75,0.28,0.76,0.72,0.5048605
0.18,0.4,0.72,0.26,0.72,0.72,0.5048619
0.17,0.42,0.71,0.3,0.74,0.72,0.5048621
0.16,0.5,0.7,0.2,0.76,0.7,0.5048622
0.18,0.41,0.75,0.29,0.74,0.7,0.504863
0.16,0.4,0.75,0.29,0.75,0.7,0.5048636
0.18,0.42,0.73,0.3,0.75,0.72,0.5048637
0.18,0.41,0.75,0.27,0.72,0.71,0.5048642
0.18,0.42,0.7,0.3,0.73,0.71,0.5048642
0.17,0.43,0.74,0.29,0.72,0.72,0.5048646
0.16,0.4,0.75,0.27,0.73,0.71,0.5048648
0.16,0.41,0.73,0.3,0.76,0.72,0.5048656
0.18,0.5,0.71,0.2,0.75,0.7,0.5048657
0.17,0.5,0.71,0.22,0.76,0.7,0.5048659
0.16,0.41,0.7,0.3,0.74,0.71,0.5048663
0.16,0.41,0.7,0.28,0.72,0.72,0.5048675
0.17,0.4,0.74,0.27,0.72,0.7,0.5048675
0.17,0.41,0.72,0.3,0.75,0.71,0.5048676
0.18,0.44,0.75,0.2,0.76,0.7,0.5048683
0.16,0.42,0.73,0.29,0.72,0.71,0.5048685
0.18,0.4,0.71,0.29,0.76,0.72,0.5048685
0.17,0.41,0.72,0.28,0.73,0.72,0.5048687
0.17,0.41,0.75,0.21,0.76,0.7,0.5048698
0.18,0.41,0.71,0.3,0.74,0.7,0.50487
0.18,0.41,0.74,0.3,0.76,0.71,0.50487
0.16,0.5,0.73,0.21,0.76,0.7,0.5048706
0.17,0.42,0.75,0.29,0.73,0.71,0.5048706
0.18,0.41,0.74,0.28,0.74,0.72,0.5048709
0.18,0.5,0.72,0.24,0.76,0.7,0.504871
0.18,0.41,0.71,0.28,0.72,0.71,0.5048711
0.18,0.4,0.75,0.27,0.76,0.7,0.5048719
0.16,0.4,0.71,0.3,0.75,0.7,0.504872
0.16,0.4,0.74,0.28,0.75,0.72,0.5048723
0.16,0.4,0.71,0.28,0.73,0.71,0.5048729
0.18,0.42,0.74,0.29,0.72,0.7,0.5048733
0.17,0.43,0.7,0.3,0.72,0.72,0.5048735
0.17,0.4,0.73,0.3,0.76,0.7,0.5048738
0.18,0.49,0.75,0.2,0.76,0.7,0.5048738
0.16,0.41,0.74,0.29,0.73,0.7,0.5048743
0.17,0.4,0.73,0.28,0.74,0.71,0.5048746
0.18,0.43,0.72,0.3,0.73,0.72,0.5048746
0.17,0.4,0.7,0.28,0.72,0.7,0.5048751
0.18,0.5,0.74,0.21,0.75,0.7,0.5048751
0.17,0.5,0.74,0.23,0.76,0.7,0.5048752
0.18,0.4,0.75,0.25,0.75,0.7,0.5048753
0.17,0.4,0.73,0.26,0.72,0.72,0.5048763
0.16,0.42,0.72,0.3,0.74,0.72,0.5048765
0.18,0.4,0.72,0.28,0.73,0.7,0.5048774
0.18,0.4,0.75,0.28,0.75,0.71,0.5048776
0.17,0.42,0.74,0.3,0.75,0.72,0.5048779
0.17,0.42,0.71,0.3,0.73,0.71,0.5048787
0.16,0.43,0.75,0.29,0.72,0.72,0.5048792
0.18,0.4,0.75,0.26,0.73,0.72,0.5048792
0.18,0.41,0.7,0.29,0.74,0.72,0.5048793
0.18,0.4,0.75,0.23,0.74,0.7,0.5048798
0.18,0.4,0.74,0.2,0.76,0.7,0.5048802
0.18,0.42,0.73,0.3,0.74,0.71,0.5048805
0.18,0.5,0.75,0.25,0.76,0.7,0.5048807
0.18,0.42,0.7,0.3,0.72,0.7,0.5048811
0.16,0.4,0.7,0.29,0.75,0.72,0.5048818
0.18,0.42,0.73,0.28,0.72,0.72,0.5048819
0.16,0.41,0.73,0.3,0.75,0.71,0.504882
0.16,0.4,0.75,0.27,0.72,0.7,0.5048823
0.17,0.4,0.72,0.29,0.76,0.72,0.5048828
0.16,0.41,0.7,0.3,0.73,0.7,0.5048831
0.16,0.41,0.73,0.28,0.73,0.72,0.5048834
0.17,0.41,0.75,0.3,0.76,0.71,0.504884
0.17,0.41,0.72,0.3,0.74,0.7,0.5048844
0.18,0.4,0.71,0.29,0.75,0.71,0.504885
0.17,0.41,0.75,0.28,0.74,0.72,0.5048852
0.18,0.41,0.75,0.25,0.76,0.7,0.5048856
0.17,0.41,0.72,0.28,0.72,0.71,0.5048857
0.18,0.4,0.75,0.21,0.73,0.7,0.5048857
0.18,0.4,0.71,0.27,0.73,0.72,0.5048865
0.18,0.41,0.74,0.3,0.75,0.7,0.5048871
0.17,0.42,0.75,0.29,0.72,0.7,0.5048878
0.16,0.43,0.71,0.3,0.72,0.72,0.5048879
0.16,0.4,0.74,0.3,0.76,0.7,0.504888
0.18,0.41,0.74,0.28,0.73,0.71,0.504888
0.17,0.43,0.73,0.3,0.73,0.72,0.504889
0.16,0.4,0.74,0.28,0.74,0.71,0.5048892
0.16,0.4,0.71,0.28,0.72,0.7,0.50489
0.18,0.41,0.75,0.23,0.75,0.7,0.5048902
0.18,0.43,0.75,0.3,0.74,0.72,0.5048907
0.16,0.4,0.74,0.26,0.72,0.72,0.5048913
0.18,0.43,0.72,0.3,0.72,0.71,0.5048915
0.17,0.4,0.73,0.28,0.73,0.7,0.5048919
0.16,0.42,0.75,0.3,0.75,0.72,0.5048922
0.16,0.42,0.72,0.3,0.73,0.71,0.5048933
0.17,0.41,0.71,0.29,0.74,0.72,0.5048938
0.17,0.42,0.74,0.3,0.74,0.71,0.5048947
0.18,0.41,0.73,0.29,0.75,0.72,0.504895
0.18,0.4,0.75,0.28,0.74,0.7,0.5048952
0.17,0.42,0.71,0.3,0.72,0.7,0.5048957
0.18,0.41,0.7,0.29,0.73,0.71,0.5048961
0.17,0.42,0.74,0.28,0.72,0.72,0.5048962
0.18,0.41,0.75,0.21,0.74,0.7,0.5048962
0.18,0.4,0.75,0.26,0.72,0.71,0.5048969
0.16,0.4,0.73,0.29,0.76,0.72,0.5048971
0.18,0.42,0.73,0.3,0.73,0.7,0.5048975
0.18,0.5,0.7,0.23,0.76,0.7,0.5048978
0.16,0.5,0.71,0.2,0.76,0.7,0.5048983
0.16,0.4,0.7,0.29,0.74,0.71,0.5048985
0.16,0.41,0.73,0.3,0.74,0.7,0.5048989
0.17,0.4,0.72,0.29,0.75,0.71,0.5048994
0.16,0.4,0.7,0.27,0.72,0.72,0.5049001
0.16,0.41,0.73,0.28,0.72,0.71,0.5049005
0.18,0.42,0.75,0.23,0.76,0.7,0.5049008
0.17,0.4,0.72,0.27,0.73,0.72,0.5049011
0.17,0.41,0.75,0.3,0.75,0.7,0.5049011
0.18,0.4,0.74,0.29,0.76,0.71,0.5049016
0.18,0.44,0.74,0.3,0.72,0.72,0.5049018
0.17,0.5,0.72,0.22,0.76,0.7,0.5049019
0.18,0.4,0.71,0.29,0.74,0.7,0.504902
0.18,0.5,0.72,0.2,0.75,0.7,0.5049021
0.17,0.41,0.75,0.28,0.73,0.71,0.5049024
0.18,0.4,0.74,0.27,0.74,0.72,0.5049029
0.16,0.43,0.74,0.3,0.73,0.72,0.5049035
0.18,0.4,0.71,0.27,0.72,0.71,0.5049037
0.17,0.42,0.7,0.29,0.72,0.72,0.5049052
0.18,0.41,0.74,0.28,0.72,0.7,0.5049056
0.17,0.43,0.73,0.3,0.72,0.71,0.504906
0.18,0.42,0.72,0.29,0.73,0.72,0.5049062
0.16,0.4,0.74,0.28,0.73,0.7,0.5049065
0.18,0.5,0.73,0.24,0.76,0.7,0.5049066
0.16,0.5,0.74,0.21,0.76,0.7,0.5049067
0.18,0.42,0.75,0.21,0.75,0.7,0.5049072
0.18,0.43,0.75,0.3,0.73,0.71,0.5049078
0.16,0.41,0.72,0.29,0.74,0.72,0.5049083
0.16,0.42,0.75,0.3,0.74,0.71,0.5049091
0.17,0.41,0.74,0.29,0.75,0.72,0.5049093
0.18,0.4,0.7,0.3,0.76,0.71,0.5049102
0.16,0.42,0.72,0.3,0.72,0.7,0.5049104
0.17,0.41,0.71,0.29,0.73,0.71,0.5049106
0.17,0.5,0.75,0.23,0.76,0.7,0.5049109
0.16,0.42,0.75,0.28,0.72,0.72,0.504911
0.18,0.5,0.75,0.21,0.75,0.7,0.5049113
0.18,0.4,0.7,0.28,0.74,0.72,0.5049115
0.17,0.42,0.74,0.3,0.73,0.7,0.5049119
0.18,0.41,0.73,0.29,0.74,0.71,0.5049122
0.18,0.41,0.7,0.29,0.72,0.7,0.5049133
0.16,0.4,0.73,0.29,0.75,0.71,0.5049138
0.18,0.41,0.73,0.27,0.72,0.72,0.5049141
0.16,0.4,0.7,0.29,0.73,0.7,0.5049156
0.16,0.4,0.73,0.27,0.73,0.72,0.5049157
0.17,0.4,0.75,0.29,0.76,0.71,0.5049157
0.17,0.44,0.75,0.3,0.72,0.72,0.5049161
0.17,0.4,0.72,0.29,0.74,0.7,0.5049164
0.17,0.4,0.75,0.27,0.74,0.72,0.5049173
0.17,0.4,0.72,0.27,0.72,0.71,0.5049182
0.18,0.43,0.75,0.21,0.76,0.7,0.5049186
0.17,0.41,0.7,0.3,0.75,0.72,0.5049189
0.18,0.4,0.74,0.29,0.75,0.7,0.504919
0.18,0.41,0.72,0.3,0.76,0.72,0.5049195
0.16,0.42,0.71,0.29,0.72,0.72,0.5049198
0.17,0.41,0.75,0.28,0.72,0.7,0.5049201
0.16,0.43,0.74,0.3,0.72,0.71,0.5049205
0.18,0.4,0.74,0.27,0.73,0.71,0.5049205
0.17,0.42,0.73,0.29,0.73,0.72,0.5049206
0.17,0.4,0.75,0.22,0.76,0.7,0.5049222
0.18,0.42,0.75,0.29,0.74,0.72,0.5049222
0.18,0.42,0.72,0.29,0.72,0.71,0.5049234
0.16,0.41,0.75,0.29,0.75,0.72,0.5049237
0.17,0.4,0.71,0.3,0.76,0.71,0.5049245
0.18,0.43,0.75,0.3,0.72,0.7,0.5049251
0.16,0.41,0.72,0.29,0.73,0.71,0.5049253
0.17,0.4,0.71,0.28,0.74,0.72,0.504926
0.16,0.42,0.75,0.3,0.73,0.7,0.5049264
0.17,0.41,0.74,0.29,0.74,0.71,0.5049265
0.18,0.4,0.7,0.3,0.75,0.7,0.5049271
0.18,0.4,0.73,0.28,0.75,0.72,0.5049271
0.17,0.41,0.71,0.29,0.72,0.7,0.504928
0.17,0.41,0.74,0.27,0.72,0.72,0.5049285
0.18,0.4,0.7,0.28,0.73,0.71,0.5049285
0.17,0.4,0.75,0.2,0.75,0.7,0.5049289
0.18,0.41,0.73,0.29,0.73,0.7,0.5049297
0.17,0.5,0.7,0.21,0.76,0.7,0.5049298
0.18,0.42,0.71,0.3,0.74,0.72,0.5049307
0.16,0.4,0.73,0.29,0.74,0.7,0.504931
0.16,0.4,0.73,0.27,0.72,0.71,0.5049331
0.17,0.4,0.75,0.29,0.75,0.7,0.5049332
0.16,0.41,0.71,0.3,0.75,0.72,0.5049333
0.18,0.43,0.74,0.29,0.72,0.72,0.5049334
0.18,0.5,0.71,0.23,0.76,0.7,0.5049335
0.17,0.41,0.73,0.3,0.76,0.72,0.5049338
0.16,0.5,0.72,0.2,0.76,0.7,0.5049344
0.17,0.4,0.75,0.27,0.73,0.71,0.5049349
0.16,0.42,0.74,0.29,0.73,0.72,0.5049352
0.17,0.41,0.7,0.3,0.74,0.71,0.5049359
0.18,0.41,0.72,0.3,0.75,0.71,0.5049364
0.17,0.41,0.7,0.28,0.72,0.72,0.5049377
0.17,0.5,0.73,0.22,0.76,0.7,0.5049378
0.17,0.42,0.73,0.29,0.72,0.71,0.5049379
0.18,0.41,0.72,0.28,0.73,0.72,0.5049382
0.18,0.5,0.73,0.2,0.75,0.7,0.5049384
0.18,0.4,0.74,0.27,0.72,0.7,0.5049385
0.18,0.4,0.75,0.26,0.76,0.7,0.5049386
0.16,0.4,0.72,0.3,0.76,0.71,0.5049389
0.18,0.42,0.75,0.29,0.73,0.71,0.5049395
0.17,0.41,0.75,0.2,0.76,0.7,0.5049401
0.16,0.4,0.72,0.28,0.74,0.72,0.5049406
0.16,0.41,0.75,0.29,0.74,0.71,0.5049409
0.17,0.4,0.74,0.28,0.75,0.72,0.5049413
0.17,0.4,0.71,0.3,0.75,0.7,0.5049415
0.18,0.5,0.74,0.24,0.76,0.7,0.5049421
0.16,0.5,0.75,0.21,0.76,0.7,0.5049427
0.18,0.43,0.7,0.3,0.72,0.72,0.5049427
0.16,0.41,0.72,0.29,0.72,0.7,0.5049428
0.18,0.4,0.73,0.3,0.76,0.7,0.5049431
0.17,0.4,0.71,0.28,0.73,0.71,0.5049432
0.16,0.41,0.75,0.27,0.72,0.72,0.5049433
0.18,0.4,0.75,0.24,0.75,0.7,0.5049433
0.17,0.41,0.74,0.29,0.73,0.7,0.504944
0.18,0.4,0.73,0.28,0.74,0.71,0.5049445
0.16,0.42,0.7,0.3,0.73,0.72,0.504945
0.17,0.42,0.72,0.3,0.74,0.72,0.5049451
0.18,0.42,0.74,0.3,0.75,0.72,0.5049459
0.18,0.4,0.7,0.28,0.72,0.7,0.5049461
0.18,0.4,0.73,0.26,0.72,0.72,0.5049469
0.17,0.43,0.75,0.29,0.72,0.72,0.5049477
0.18,0.42,0.71,0.3,0.73,0.71,0.5049479
0.16,0.41,0.74,0.3,0.76,0.72,0.504948
0.18,0.4,0.75,0.22,0.74,0.7,0.504949
0.16,0.41,0.71,0.3,0.74,0.71,0.5049504
0.17,0.41,0.73,0.3,0.75,0.71,0.5049507
0.17,0.4,0.7,0.29,0.75,0.72,0.5049512
0.18,0.4,0.72,0.29,0.76,0.72,0.5049514
0.16,0.41,0.71,0.28,0.72,0.72,0.5049523
0.16,0.42,0.74,0.29,0.72,0.71,0.5049525
0.18,0.41,0.75,0.3,0.76,0.71,0.5049525
0.17,0.41,0.73,0.28,0.73,0.72,0.5049527
0.17,0.4,0.75,0.27,0.72,0.7,0.504953
0.17,0.41,0.7,0.3,0.73,0.7,0.504953
0.18,0.41,0.75,0.24,0.76,0.7,0.5049531
0.18,0.41,0.72,0.3,0.74,0.7,0.5049538
0.18,0.41,0.75,0.28,0.74,0.72,0.5049541
0.16,0.4,0.75,0.28,0.75,0.72,0.5049557
0.18,0.41,0.72,0.28,0.72,0.71,0.5049559
0.16,0.4,0.72,0.3,0.75,0.7,0.504956
0.18,0.4,0.75,0.2,0.73,0.7,0.5049563
0.17,0.43,0.71,0.3,0.72,0.72,0.504957
0.17,0.4,0.74,0.3,0.76,0.7,0.5049572
0.18,0.42,0.75,0.29,0.72,0.7,0.5049573
0.18,0.43,0.73,0.3,0.73,0.72,0.5049573
0.16,0.4,0.72,0.28,0.73,0.71,0.5049578
0.16,0.41,0.75,0.29,0.73,0.7,0.5049586
0.17,0.4,0.74,0.28,0.74,0.71,0.5049588
0.18,0.41,0.75,0.22,0.75,0.7,0.5049591
0.16,0.42,0.73,0.3,0.74,0.72,0.5049595
0.17,0.42,0.75,0.3,0.75,0.72,0.50496
0.17,0.4,0.71,0.28,0.72,0.7,0.5049608
0.17,0.4,0.74,0.26,0.72,0.72,0.5049614
0.16,0.42,0.7,0.3,0.72,0.71,0.5049622
0.17,0.42,0.72,0.3,0.73,0.71,0.5049623
0.18,0.4,0.73,0.28,0.73,0.7,0.5049623
0.18,0.41,0.71,0.29,0.74,0.72,0.5049628
0.18,0.42,0.74,0.3,0.74,0.71,0.5049633
0.16,0.41,0.74,0.3,0.75,0.71,0.504965
0.18,0.42,0.71,0.3,0.72,0.7,0.5049654
0.16,0.4,0.71,0.29,0.75,0.72,0.5049656
0.17,0.4,0.73,0.29,0.76,0.72,0.5049656
0.17,0.5,0.71,0.21,0.76,0.7,0.5049656
0.18,0.42,0.74,0.28,0.72,0.72,0.5049656
0.18,0.41,0.75,0.2,0.74,0.7,0.5049664
0.16,0.41,0.74,0.28,0.73,0.72,0.5049673
0.16,0.41,0.71,0.3,0.73,0.7,0.5049677
0.17,0.41,0.73,0.3,0.74,0.7,0.5049682
0.17,0.4,0.7,0.29,0.74,0.71,0.5049684
0.18,0.4,0.72,0.29,0.75,0.71,0.5049686
0.18,0.5,0.72,0.23,0.76,0.7,0.5049691
0.18,0.42,0.75,0.22,0.76,0.7,0.5049695
0.18,0.41,0.75,0.3,0.75,0.7,0.5049701
0.17,0.41,0.73,0.28,0.72,0.71,0.5049703
0.16,0.5,0.73,0.2,0.76,0.7,0.5049706
0.17,0.4,0.7,0.27,0.72,0.72,0.5049707
0.18,0.4,0.72,0.27,0.73,0.72,0.504971
0.16,0.4,0.75,0.3,0.76,0.7,0.5049714
0.16,0.43,0.72,0.3,0.72,0.72,0.5049714
0.17,0.43,0.74,0.3,0.73,0.72,0.5049716
0.18,0.41,0.75,0.28,0.73,0.71,0.504972
0.16,0.4,0.75,0.28,0.74,0.71,0.5049733
0.17,0.5,0.74,0.22,0.76,0.7,0.5049735
0.18,0.5,0.74,0.2,0.75,0.7,0.5049746
0.18,0.42,0.7,0.29,0.72,0.72,0.5049747
0.18,0.43,0.73,0.3,0.72,0.71,0.5049747
0.16,0.4,0.72,0.28,0.72,0.7,0.5049756
0.16,0.4,0.75,0.26,0.72,0.72,0.5049764
0.17,0.4,0.74,0.28,0.73,0.7,0.5049767
0.16,0.42,0.73,0.3,0.73,0.71,0.5049769
0.17,0.41,0.72,0.29,0.74,0.72,0.5049772
0.17,0.42,0.75,0.3,0.74,0.71,0.5049774
0.18,0.42,0.75,0.2,0.75,0.7,0.5049774
0.16,0.41,0.7,0.29,0.73,0.72,0.5049775
0.18,0.5,0.75,0.24,0.76,0.7,0.5049776
0.18,0.41,0.74,0.29,0.75,0.72,0.5049778
0.16,0.4,0.74,0.29,0.76,0.72,0.5049799
0.17,0.42,0.72,0.3,0.72,0.7,0.5049799
0.17,0.42,0.75,0.28,0.72,0.72,0.5049799
0.18,0.41,0.71,0.29,0.73,0.71,0.5049802
0.18,0.42,0.74,0.3,0.73,0.7,0.5049809
0.16,0.41,0.74,0.3,0.74,0.7,0.5049826
0.16,0.4,0.71,0.29,0.74,0.71,0.5049829
0.17,0.4,0.73,0.29,0.75,0.71,0.5049829
0.18,0.44,0.75,0.3,0.72,0.72,0.504984
0.18,0.4,0.75,0.29,0.76,0.71,0.5049846
0.16,0.41,0.74,0.28,0.72,0.71,0.504985
0.16,0.4,0.71,0.27,0.72,0.72,0.5049854
0.17,0.4,0.73,0.27,0.73,0.72,0.5049854
0.17,0.4,0.7,0.29,0.73,0.7,0.5049858
0.16,0.43,0.75,0.3,0.73,0.72,0.5049861
0.18,0.4,0.72,0.29,0.74,0.7,0.5049865
0.18,0.4,0.75,0.27,0.74,0.72,0.5049867
0.18,0.41,0.7,0.3,0.75,0.72,0.5049876
0.18,0.43,0.75,0.2,0.76,0.7,0.5049886
0.18,0.4,0.72,0.27,0.72,0.71,0.5049889
0.17,0.43,0.74,0.3,0.72,0.71,0.5049891
0.17,0.42,0.71,0.29,0.72,0.72,0.5049892
0.18,0.42,0.73,0.29,0.73,0.72,0.5049893
0.18,0.41,0.75,0.28,0.72,0.7,0.5049902
0.16,0.4,0.7,0.3,0.76,0.72,0.5049906
0.16,0.4,0.75,0.28,0.73,0.7,0.5049913
0.16,0.41,0.73,0.29,0.74,0.72,0.5049916
0.17,0.41,0.75,0.29,0.75,0.72,0.5049919
0.17,0.4,0.75,0.21,0.76,0.7,0.504992
0.18,0.4,0.71,0.3,0.76,0.71,0.5049933
0.16,0.42,0.73,0.3,0.72,0.7,0.5049946
0.17,0.41,0.72,0.29,0.73,0.71,0.5049947
0.16,0.41,0.7,0.29,0.72,0.71,0.504995
0.17,0.42,0.75,0.3,0.73,0.7,0.5049952
0.18,0.4,0.71,0.28,0.74,0.72,0.5049954
0.18,0.41,0.74,0.29,0.74,0.71,0.5049955
0.18,0.5,0.7,0.22,0.76,0.7,0.504997
0.16,0.4,0.74,0.29,0.75,0.71,0.5049973
0.18,0.41,0.71,0.29,0.72,0.7,0.5049981
0.18,0.41,0.74,0.27,0.72,0.72,0.5049983
0.16,0.4,0.74,0.27,0.73,0.72,0.5050001
0.16,0.4,0.71,0.29,0.73,0.7,0.5050005
0.17,0.4,0.73,0.29,0.74,0.7,0.5050008
0.17,0.5,0.72,0.21,0.76,0.7,0.5050014
0.18,0.41,0.73,0.3,0.76,0.72,0.5050015
0.17,0.41,0.71,0.3,0.75,0.72,0.5050019
0.18,0.4,0.75,0.29,0.75,0.7,0.5050026
0.17,0.4,0.73,0.27,0.72,0.71,0.5050034
0.16,0.43,0.75,0.3,0.72,0.71,0.5050036
0.17,0.42,0.74,0.29,0.73,0.72,0.5050036
0.16,0.42,0.72,0.29,0.72,0.72,0.5050038
0.18,0.5,0.73,0.23,0.76,0.7,0.5050046
0.18,0.4,0.75,0.27,0.73,0.71,0.5050049
0.18,0.41,0.7,0.3,0.74,0.71,0.5050049
0.18,0.4,0.75,0.25,0.76,0.7,0.5050062
0.16,0.5,0.74,0.2,0.76,0.7,0.5050065
0.18,0.42,0.73,0.29,0.72,0.71,0.5050071
0.17,0.4,0.72,0.3,0.76,0.71,0.5050075
0.18,0.41,0.7,0.28,0.72,0.72,0.5050075
0.16,0.4,0.7,0.3,0.75,0.71,0.505008
0.17,0.5,0.75,0.22,0.76,0.7,0.5050091
0.16,0.41,0.73,0.29,0.73,0.71,0.5050093
0.17,0.41,0.75,0.29,0.74,0.71,0.5050097
0.17,0.4,0.72,0.28,0.74,0.72,0.5050099
0.18,0.4,0.74,0.28,0.75,0.72,0.5050102
0.16,0.4,0.7,0.28,0.73,0.72,0.5050106
0.18,0.4,0.71,0.3,0.75,0.7,0.5050108
0.18,0.5,0.75,0.2,0.75,0.7,0.5050108
0.18,0.4,0.75,0.23,0.75,0.7,0.5050119
0.17,0.41,0.75,0.27,0.72,0.72,0.5050126
0.17,0.41,0.72,0.29,0.72,0.7,0.5050127
0.18,0.4,0.71,0.28,0.73,0.71,0.5050131
0.18,0.42,0.72,0.3,0.74,0.72,0.5050133
0.18,0.41,0.74,0.29,0.73,0.7,0.5050136
0.17,0.42,0.7,0.3,0.73,0.72,0.5050139
0.16,0.4,0.74,0.29,0.74,0.7,0.5050152
0.17,0.41,0.74,0.3,0.76,0.72,0.5050156
0.18,0.43,0.75,0.29,0.72,0.72,0.5050161
0.16,0.41,0.72,0.3,0.75,0.72,0.5050163
0.16,0.4,0.74,0.27,0.72,0.71,0.5050182
0.16,0.42,0.75,0.29,0.73,0.72,0.5050182
0.18,0.4,0.75,0.21,0.74,0.7,0.505019
0.18,0.41,0.73,0.3,0.75,0.71,0.5050192
0.17,0.41,0.71,0.3,0.74,0.71,0.5050193
0.18,0.4,0.7,0.29,0.75,0.72,0.5050201
0.17,0.42,0.74,0.29,0.72,0.71,0.5050215
0.18,0.41,0.75,0.23,0.76,0.7,0.5050215
0.16,0.4,0.73,0.3,0.76,0.71,0.5050218
0.18,0.41,0.73,0.28,0.73,0.72,0.5050219
0.17,0.41,0.71,0.28,0.72,0.72,0.505022
0.18,0.41,0.7,0.3,0.73,0.7,0.5050226
0.18,0.4,0.75,0.27,0.72,0.7,0.5050236
0.16,0.4,0.73,0.28,0.74,0.72,0.5050244
0.17,0.4,0.75,0.28,0.75,0.72,0.5050244
0.17,0.4,0.72,0.3,0.75,0.7,0.5050251
0.16,0.4,0.7,0.3,0.74,0.7,0.5050257
0.18,0.43,0.71,0.3,0.72,0.72,0.5050257
0.18,0.4,0.74,0.3,0.76,0.7,0.5050261
0.16,0.41,0.73,0.29,0.72,0.7,0.5050273
0.17,0.42,0.73,0.3,0.74,0.72,0.5050276
0.17,0.4,0.72,0.28,0.73,0.71,0.5050277
0.18,0.42,0.75,0.3,0.75,0.72,0.5050277
0.17,0.41,0.75,0.29,0.73,0.7,0.5050279
0.16,0.4,0.7,0.28,0.72,0.71,0.5050283
0.18,0.4,0.74,0.28,0.74,0.71,0.5050283
0.16,0.42,0.71,0.3,0.73,0.72,0.5050284
0.18,0.41,0.75,0.21,0.75,0.7,0.5050289
0.16,0.41,0.75,0.3,0.76,0.72,0.5050299
0.17,0.5,0.7,0.2,0.76,0.7,0.5050306
0.18,0.42,0.72,0.3,0.73,0.71,0.5050311
0.18,0.4,0.71,0.28,0.72,0.7,0.5050314
0.17,0.42,0.7,0.3,0.72,0.71,0.5050316
0.18,0.4,0.74,0.26,0.72,0.72,0.5050316
0.18,0.5,0.71,0.22,0.76,0.7,0.5050326
0.17,0.41,0.74,0.3,0.75,0.71,0.5050334
0.16,0.41,0.72,0.3,0.74,0.71,0.5050338
0.18,0.4,0.73,0.29,0.76,0.72,0.505034
0.17,0.4,0.71,0.29,0.75,0.72,0.5050345
0.16,0.42,0.75,0.29,0.72,0.71,0.5050361
0.17,0.41,0.74,0.28,0.73,0.72,0.5050363
0.16,0.41,0.72,0.28,0.72,0.72,0.5050368
0.17,0.41,0.71,0.3,0.73,0.7,0.5050372
0.17,0.5,0.73,0.21,0.76,0.7,0.5050372
0.18,0.41,0.73,0.3,0.74,0.7,0.5050373
0.18,0.4,0.7,0.29,0.74,0.71,0.5050377
0.18,0.42,0.75,0.21,0.76,0.7,0.5050393
0.18,0.43,0.74,0.3,0.73,0.72,0.5050394
0.16,0.4,0.73,0.3,0.75,0.7,0.5050395
0.18,0.5,0.74,0.23,0.76,0.7,0.5050399
0.17,0.43,0.72,0.3,0.72,0.72,0.50504
0.18,0.41,0.73,0.28,0.72,0.71,0.5050401
0.17,0.4,0.75,0.3,0.76,0.7,0.5050402
0.18,0.4,0.7,0.27,0.72,0.72,0.5050411
0.16,0.42,0.74,0.3,0.74,0.72,0.5050421
0.16,0.5,0.75,0.2,0.76,0.7,0.5050422
0.16,0.4,0.73,0.28,0.73,0.71,0.5050423
0.17,0.4,0.75,0.28,0.74,0.71,0.5050426
0.17,0.42,0.73,0.3,0.73,0.71,0.5050454
0.18,0.42,0.75,0.3,0.74,0.71,0.5050456
0.18,0.41,0.72,0.29,0.74,0.72,0.5050458
0.17,0.4,0.72,0.28,0.72,0.7,0.505046
0.17,0.4,0.75,0.26,0.72,0.72,0.5050461
0.16,0.42,0.71,0.3,0.72,0.71,0.5050463
0.17,0.41,0.7,0.29,0.73,0.72,0.5050467
0.18,0.4,0.74,0.28,0.73,0.7,0.5050468
0.16,0.41,0.75,0.3,0.75,0.71,0.5050477
0.17,0.4,0.74,0.29,0.76,0.72,0.5050481
0.18,0.42,0.75,0.28,0.72,0.72,0.5050487
0.16,0.4,0.72,0.29,0.75,0.72,0.505049
0.18,0.42,0.72,0.3,0.72,0.7,0.5050492
0.16,0.41,0.75,0.28,0.73,0.72,0.5050509
0.17,0.41,0.74,0.3,0.74,0.7,0.5050515
0.16,0.41,0.72,0.3,0.73,0.7,0.5050518
0.18,0.4,0.73,0.29,0.75,0.71,0.505052
0.17,0.4,0.71,0.29,0.74,0.71,0.5050523
0.17,0.43,0.75,0.3,0.73,0.72,0.5050537
0.16,0.43,0.73,0.3,0.72,0.72,0.5050545
0.17,0.41,0.74,0.28,0.72,0.71,0.5050545
0.18,0.4,0.73,0.27,0.73,0.72,0.505055
0.17,0.4,0.71,0.27,0.72,0.72,0.5050556
0.18,0.4,0.7,0.29,0.73,0.7,0.5050557
0.18,0.43,0.74,0.3,0.72,0.71,0.5050574
0.18,0.42,0.71,0.29,0.72,0.72,0.5050582
0.17,0.4,0.7,0.3,0.76,0.72,0.5050592
0.16,0.42,0.74,0.3,0.73,0.71,0.50506
0.17,0.41,0.73,0.29,0.74,0.72,0.5050601
0.18,0.41,0.75,0.29,0.75,0.72,0.5050601
0.16,0.4,0.73,0.28,0.72,0.7,0.5050607
0.17,0.4,0.75,0.28,0.73,0.7,0.5050612
0.16,0.41,0.71,0.29,0.73,0.72,0.5050613
0.16,0.4,0.75,0.29,0.76,0.72,0.5050623
0.17,0.4,0.75,0.2,0.76,0.7,0.5050627
0.17,0.42,0.73,0.3,0.72,0.7,0.5050636
0.18,0.41,0.72,0.29,0.73,0.71,0.5050639
0.18,0.42,0.75,0.3,0.73,0.7,0.5050639
0.17,0.41,0.7,0.29,0.72,0.71,0.5050646
0.16,0.41,0.75,0.3,0.74,0.7,0.5050658
0.17,0.4,0.74,0.29,0.75,0.71,0.5050661
0.17,0.5,0.71,0.2,0.76,0.7,0.5050662
0.16,0.4,0.72,0.29,0.74,0.71,0.5050668
0.18,0.5,0.72,0.22,0.76,0.7,0.505068
0.16,0.41,0.75,0.28,0.72,0.71,0.5050692
0.17,0.4,0.74,0.27,0.73,0.72,0.5050694
0.18,0.41,0.71,0.3,0.75,0.72,0.5050701
0.16,0.4,0.72,0.27,0.72,0.72,0.5050703
0.17,0.4,0.71,0.29,0.73,0.7,0.5050703
0.18,0.4,0.73,0.29,0.74,0.7,0.5050705
0.17,0.43,0.75,0.3,0.72,0.71,0.5050718
0.18,0.42,0.74,0.29,0.73,0.72,0.505072
0.17,0.5,0.74,0.21,0.76,0.7,0.5050726
0.17,0.42,0.72,0.29,0.72,0.72,0.5050727
0.16,0.4,0.71,0.3,0.76,0.72,0.5050735
0.18,0.4,0.73,0.27,0.72,0.71,0.5050736
0.18,0.4,0.75,0.24,0.76,0.7,0.5050743
0.16,0.41,0.74,0.29,0.74,0.72,0.5050746
0.18,0.5,0.75,0.23,0.76,0.7,0.5050753
0.18,0.4,0.72,0.3,0.76,0.71,0.5050759
0.17,0.4,0.7,0.3,0.75,0.71,0.505077
0.16,0.42,0.74,0.3,0.72,0.7,0.5050782
0.17,0.41,0.73,0.29,0.73,0.71,0.5050783
0.18,0.41,0.75,0.29,0.74,0.71,0.5050784
0.18,0.4,0.72,0.28,0.74,0.72,0.5050788
0.16,0.41,0.71,0.29,0.72,0.71,0.5050794
0.17,0.4,0.7,0.28,0.73,0.72,0.5050802
0.16,0.4,0.75,0.29,0.75,0.71,0.5050804
0.18,0.4,0.75,0.22,0.75,0.7,0.5050813
0.18,0.41,0.75,0.27,0.72,0.72,0.5050819
0.18,0.41,0.72,0.29,0.72,0.7,0.5050823
0.18,0.42,0.7,0.3,0.73,0.72,0.5050824
0.18,0.41,0.74,0.3,0.76,0.72,0.5050833
0.16,0.4,0.75,0.27,0.73,0.72,0.5050841
0.17,0.41,0.72,0.3,0.75,0.72,0.5050843
0.17,0.4,0.74,0.29,0.74,0.7,0.5050846
0.16,0.4,0.72,0.29,0.73,0.7,0.505085
0.16,0.41,0.7,0.3,0.74,0.72,0.505086
0.17,0.42,0.75,0.29,0.73,0.72,0.5050863
0.16,0.42,0.73,0.29,0.72,0.72,0.5050873
0.18,0.41,0.71,0.3,0.74,0.71,0.5050879
0.17,0.4,0.74,0.27,0.72,0.71,0.505088
0.18,0.4,0.75,0.2,0.74,0.7,0.5050899
0.17,0.4,0.73,0.3,0.76,0.71,0.50509
0.18,0.42,0.74,0.29,0.72,0.71,0.5050903
0.18,0.41,0.75,0.22,0.76,0.7,0.5050907
0.16,0.4,0.71,0.3,0.75,0.71,0.5050915
0.18,0.41,0.71,0.28,0.72,0.72,0.5050915
0.16,0.41,0.74,0.29,0.73,0.71,0.5050928
0.18,0.4,0.75,0.28,0.75,0.72,0.5050929
0.17,0.4,0.73,0.28,0.74,0.72,0.5050933
0.18,0.4,0.72,0.3,0.75,0.7,0.5050942
0.16,0.4,0.71,0.28,0.73,0.72,0.5050948
0.17,0.4,0.7,0.3,0.74,0.7,0.5050951
0.18,0.42,0.73,0.3,0.74,0.72,0.5050955
0.17,0.41,0.73,0.29,0.72,0.7,0.5050968
0.17,0.42,0.71,0.3,0.73,0.72,0.5050968
0.18,0.41,0.75,0.29,0.73,0.7,0.5050971
0.18,0.5,0.7,0.21,0.76,0.7,0.5050972
0.17,0.41,0.75,0.3,0.76,0.72,0.5050973
0.18,0.4,0.72,0.28,0.73,0.71,0.5050973
0.17,0.4,0.7,0.28,0.72,0.71,0.5050984
0.16,0.41,0.73,0.3,0.75,0.72,0.5050986
0.16,0.4,0.75,0.29,0.74,0.7,0.505099
0.18,0.41,0.75,0.2,0.75,0.7,0.5050996
0.18,0.42,0.7,0.3,0.72,0.71,0.5051006
0.18,0.41,0.74,0.3,0.75,0.71,0.5051017
0.17,0.5,0.72,0.2,0.76,0.7,0.5051018
0.17,0.41,0.72,0.3,0.74,0.71,0.5051023
0.16,0.4,0.75,0.27,0.72,0.71,0.5051028
0.18,0.4,0.71,0.29,0.75,0.72,0.505103
0.18,0.5,0.73,0.22,0.76,0.7,0.5051033
0.16,0.41,0.7,0.3,0.73,0.71,0.5051041
0.16,0.4,0.74,0.3,0.76,0.71,0.5051042
0.17,0.42,0.75,0.29,0.72,0.71,0.5051047
0.18,0.41,0.74,0.28,0.73,0.72,0.505105
0.17,0.41,0.72,0.28,0.72,0.72,0.5051059
0.18,0.41,0.71,0.3,0.73,0.7,0.5051063
0.16,0.4,0.74,0.28,0.74,0.72,0.5051078
0.17,0.5,0.75,0.21,0.76,0.7,0.5051081
0.18,0.43,0.72,0.3,0.72,0.72,0.5051082
0.17,0.4,0.73,0.3,0.75,0.7,0.5051083
0.18,0.4,0.75,0.3,0.76,0.7,0.5051087
0.16,0.4,0.71,0.3,0.74,0.7,0.5051096
0.17,0.42,0.74,0.3,0.74,0.72,0.5051097
0.18,0.42,0.75,0.2,0.76,0.7,0.5051099
0.16,0.42,0.72,0.3,0.73,0.72,0.5051113
0.16,0.41,0.74,0.29,0.72,0.7,0.5051114
0.17,0.4,0.73,0.28,0.73,0.71,0.5051117
0.18,0.4,0.75,0.28,0.74,0.71,0.5051117
0.16,0.4,0.71,0.28,0.72,0.71,0.5051131
0.18,0.42,0.73,0.3,0.73,0.71,0.5051137
0.17,0.42,0.71,0.3,0.72,0.71,0.5051151
0.18,0.41,0.7,0.29,0.73,0.72,0.5051156
0.17,0.41,0.75,0.3,0.75,0.71,0.5051157
0.18,0.4,0.75,0.26,0.72,0.72,0.5051159
0.18,0.4,0.72,0.28,0.72,0.7,0.5051162
0.18,0.4,0.74,0.29,0.76,0.72,0.5051162
0.16,0.41,0.73,0.3,0.74,0.71,0.5051168
0.17,0.4,0.72,0.29,0.75,0.72,0.5051173
0.17,0.41,0.75,0.28,0.73,0.72,0.5051194
0.16,0.4,0.7,0.29,0.74,0.72,0.5051195
0.18,0.41,0.74,0.3,0.74,0.7,0.5051203
0.16,0.41,0.73,0.28,0.72,0.72,0.5051206
0.17,0.41,0.72,0.3,0.73,0.7,0.5051207
0.18,0.4,0.71,0.29,0.74,0.71,0.5051212
0.18,0.43,0.75,0.3,0.73,0.72,0.5051212
0.17,0.43,0.73,0.3,0.72,0.72,0.5051225
0.16,0.4,0.74,0.3,0.75,0.7,0.5051226
0.16,0.41,0.7,0.3,0.72,0.7,0.5051226
0.18,0.41,0.74,0.28,0.72,0.71,0.5051238
0.16,0.42,0.75,0.3,0.74,0.72,0.5051241
0.18,0.4,0.71,0.27,0.72,0.72,0.5051255
0.16,0.4,0.74,0.28,0.73,0.71,0.5051263
0.18,0.4,0.7,0.3,0.76,0.72,0.5051273
0.17,0.42,0.74,0.3,0.73,0.71,0.505128
0.18,0.41,0.73,0.29,0.74,0.72,0.5051284
0.16,0.42,0.72,0.3,0.72,0.71,0.5051298
0.17,0.41,0.71,0.29,0.73,0.72,0.50513
0.17,0.4,0.75,0.29,0.76,0.72,0.5051302
0.17,0.4,0.73,0.28,0.72,0.7,0.5051306
0.18,0.4,0.75,0.28,0.73,0.7,0.5051309
0.16,0.4,0.73,0.29,0.75,0.72,0.5051317
0.18,0.42,0.73,0.3,0.72,0.7,0.5051324
0.18,0.5,0.71,0.21,0.76,0.7,0.5051325
0.18,0.41,0.7,0.29,0.72,0.71,0.5051341
0.17,0.41,0.75,0.3,0.74,0.7,0.5051343
0.18,0.4,0.74,0.29,0.75,0.71,0.5051349
0.16,0.41,0.73,0.3,0.73,0.7,0.5051353
0.17,0.4,0.72,0.29,0.74,0.71,0.5051356
0.16,0.43,0.74,0.3,0.72,0.72,0.505137
0.17,0.5,0.73,0.2,0.76,0.7,0.5051373
0.16,0.4,0.7,0.29,0.73,0.71,0.5051379
0.17,0.41,0.75,0.28,0.72,0.71,0.5051382
0.18,0.5,0.74,0.22,0.76,0.7,0.5051385
0.18,0.4,0.74,0.27,0.73,0.72,0.5051387
0.18,0.43,0.75,0.3,0.72,0.71,0.5051397
0.17,0.4,0.72,0.27,0.72,0.72,0.5051399
0.18,0.4,0.71,0.29,0.73,0.7,0.5051399
0.18,0.42,0.72,0.29,0.72,0.72,0.5051412
0.17,0.4,0.71,0.3,0.76,0.72,0.5051416
0.16,0.42,0.75,0.3,0.73,0.71,0.5051424
0.17,0.41,0.74,0.29,0.74,0.72,0.5051426
0.18,0.4,0.75,0.23,0.76,0.7,0.505143
0.16,0.41,0.72,0.29,0.73,0.72,0.5051446
0.16,0.4,0.74,0.28,0.72,0.7,0.5051453
0.18,0.4,0.7,0.3,0.75,0.71,0.5051456
0.17,0.42,0.74,0.3,0.72,0.7,0.5051468
0.18,0.41,0.73,0.29,0.73,0.71,0.5051471
0.17,0.41,0.71,0.29,0.72,0.71,0.5051487
0.17,0.4,0.75,0.29,0.75,0.71,0.5051489
0.18,0.4,0.7,0.28,0.73,0.72,0.5051495
0.16,0.4,0.73,0.29,0.74,0.71,0.5051501
0.18,0.4,0.75,0.21,0.75,0.7,0.5051516
0.18,0.41,0.72,0.3,0.75,0.72,0.505152
0.17,0.4,0.75,0.27,0.73,0.72,0.505153
0.18,0.4,0.74,0.29,0.74,0.7,0.5051538
0.18,0.42,0.75,0.29,0.73,0.72,0.5051542
0.17,0.4,0.72,0.29,0.73,0.7,0.5051544
0.17,0.41,0.7,0.3,0.74,0.72,0.5051544
0.16,0.4,0.73,0.27,0.72,0.72,0.5051546
0.17,0.42,0.73,0.29,0.72,0.72,0.5051556
0.16,0.4,0.72,0.3,0.76,0.72,0.5051559
0.16,0.4,0.7,0.29,0.72,0.7,0.5051566
0.16,0.41,0.75,0.29,0.74,0.72,0.5051571
0.18,0.4,0.74,0.27,0.72,0.71,0.5051579
0.18,0.4,0.73,0.3,0.76,0.71,0.5051581
0.17,0.4,0.71,0.3,0.75,0.71,0.50516
0.18,0.41,0.75,0.21,0.76,0.7,0.5051609
0.16,0.42,0.75,0.3,0.72,0.7,0.5051614
0.17,0.41,0.74,0.29,0.73,0.71,0.5051614
0.18,0.4,0.73,0.28,0.74,0.72,0.5051619
0.16,0.41,0.72,0.29,0.72,0.71,0.5051634
0.17,0.4,0.71,0.28,0.73,0.72,0.5051639
0.18,0.4,0.7,0.3,0.74,0.7,0.5051641
0.18,0.41,0.75,0.3,0.76,0.72,0.5051647
0.18,0.42,0.71,0.3,0.73,0.72,0.5051649
0.18,0.41,0.73,0.29,0.72,0.7,0.5051661
0.17,0.41,0.73,0.3,0.75,0.72,0.5051662
0.18,0.5,0.72,0.21,0.76,0.7,0.5051678
0.17,0.4,0.75,0.29,0.74,0.7,0.505168
0.18,0.4,0.7,0.28,0.72,0.71,0.5051682
0.16,0.41,0.71,0.3,0.74,0.72,0.5051689
0.16,0.4,0.73,0.29,0.73,0.7,0.505169
0.16,0.42,0.74,0.29,0.72,0.72,0.5051703
0.18,0.41,0.72,0.3,0.74,0.71,0.5051705
0.17,0.4,0.74,0.3,0.76,0.71,0.5051721
0.17,0.4,0.75,0.27,0.72,0.71,0.5051722
0.17,0.5,0.74,0.2,0.76,0.7,0.5051725
0.17,0.41,0.7,0.3,0.73,0.71,0.5051729
0.18,0.42,0.75,0.29,0.72,0.71,0.5051731
0.18,0.5,0.75,0.22,0.76,0.7,0.5051737
0.16,0.4,0.72,0.3,0.75,0.71,0.5051743
0.18,0.41,0.72,0.28,0.72,0.72,0.505175
0.16,0.41,0.75,0.29,0.73,0.71,0.5051759
0.17,0.4,0.74,0.28,0.74,0.72,0.5051762
0.18,0.4,0.73,0.3,0.75,0.7,0.5051771
0.18,0.42,0.74,0.3,0.74,0.72,0.5051771
0.16,0.4,0.72,0.28,0.73,0.72,0.5051785
0.17,0.4,0.71,0.3,0.74,0.7,0.5051786
0.17,0.42,0.72,0.3,0.73,0.72,0.5051793
0.16,0.41,0.74,0.3,0.75,0.72,0.5051805
0.17,0.41,0.74,0.29,0.72,0.7,0.5051806
0.18,0.4,0.73,0.28,0.73,0.71,0.5051809
0.16,0.42,0.7,0.3,0.72,0.72,0.5051822
0.17,0.4,0.71,0.28,0.72,0.71,0.5051828
0.18,0.41,0.75,0.3,0.75,0.71,0.5051836
0.18,0.42,0.71,0.3,0.72,0.71,0.5051837
0.17,0.41,0.73,0.3,0.74,0.71,0.5051848
0.18,0.4,0.72,0.29,0.75,0.72,0.5051854
0.16,0.4,0.75,0.3,0.76,0.71,0.5051862
0.16,0.41,0.71,0.3,0.73,0.71,0.5051875
0.18,0.41,0.75,0.28,0.73,0.72,0.5051877
0.17,0.4,0.7,0.29,0.74,0.72,0.5051883
0.17,0.41,0.73,0.28,0.72,0.72,0.5051894
0.18,0.41,0.72,0.3,0.73,0.7,0.5051895
0.18,0.43,0.73,0.3,0.72,0.72,0.5051902
0.16,0.4,0.75,0.28,0.74,0.72,0.5051907
0.17,0.4,0.74,0.3,0.75,0.7,0.5051912
0.17,0.42,0.75,0.3,0.74,0.72,0.5051912
0.17,0.41,0.7,0.3,0.72,0.7,0.5051919
0.16,0.4,0.72,0.3,0.74,0.7,0.5051931
0.16,0.42,0.73,0.3,0.73,0.72,0.5051938
0.16,0.41,0.75,0.29,0.72,0.7,0.5051952
0.17,0.4,0.74,0.28,0.73,0.71,0.5051953
0.18,0.42,0.74,0.3,0.73,0.71,0.5051959
0.16,0.4,0.72,0.28,0.72,0.71,0.5051976
0.18,0.4,0.75,0.29,0.76,0.72,0.505198
0.17,0.42,0.72,0.3,0.72,0.71,0.5051982
0.18,0.5,0.7,0.2,0.76,0.7,0.5051983
0.18,0.41,0.71,0.29,0.73,0.72,0.5051985
0.16,0.41,0.74,0.3,0.74,0.71,0.5051992
0.17,0.4,0.73,0.29,0.75,0.72,0.5051997
0.18,0.4,0.73,0.28,0.72,0.7,0.5052005
0.16,0.4,0.71,0.29,0.74,0.72,0.5052028
0.18,0.41,0.75,0.3,0.74,0.7,0.5052028
0.18,0.5,0.73,0.21,0.76,0.7,0.5052028
0.17,0.41,0.73,0.3,0.73,0.7,0.5052039
0.16,0.41,0.74,0.28,0.72,0.72,0.5052041
0.18,0.4,0.72,0.29,0.74,0.71,0.5052043
0.17,0.43,0.74,0.3,0.72,0.72,0.5052045
0.16,0.4,0.75,0.3,0.75,0.7,0.5052054
0.16,0.41,0.71,0.3,0.72,0.7,0.5052066
0.17,0.4,0.7,0.29,0.73,0.71,0.5052071
0.18,0.41,0.75,0.28,0.72,0.71,0.5052072
0.17,0.5,0.75,0.2,0.76,0.7,0.5052078
0.18,0.4,0.71,0.3,0.76,0.72,0.5052093
0.18,0.4,0.72,0.27,0.72,0.72,0.5052093
0.16,0.4,0.75,0.28,0.73,0.71,0.5052099
0.17,0.42,0.75,0.3,0.73,0.71,0.5052102
0.18,0.41,0.74,0.29,0.74,0.72,0.5052105
0.16,0.42,0.73,0.3,0.72,0.71,0.5052128
0.18,0.4,0.75,0.22,0.76,0.7,0.5052128
0.17,0.41,0.72,0.29,0.73,0.72,0.5052129
0.16,0.4,0.74,0.29,0.75,0.72,0.505214
0.17,0.4,0.74,0.28,0.72,0.7,0.5052148
0.18,0.42,0.74,0.3,0.72,0.7,0.5052152
0.16,0.41,0.7,0.29,0.72,0.72,0.5052163
0.18,0.4,0.75,0.29,0.75,0.71,0.5052172
0.18,0.41,0.71,0.29,0.72,0.71,0.5052176
0.16,0.41,0.74,0.3,0.73,0.7,0.5052183
0.17,0.4,0.73,0.29,0.74,0.71,0.5052186
0.16,0.43,0.75,0.3,0.72,0.72,0.505219
0.16,0.4,0.71,0.29,0.73,0.71,0.5052217
0.18,0.4,0.75,0.27,0.73,0.72,0.505222
0.18,0.41,0.7,0.3,0.74,0.72,0.5052224
0.18,0.4,0.75,0.2,0.75,0.7,0.5052228
0.17,0.4,0.72,0.3,0.76,0.72,0.5052235
0.18,0.42,0.73,0.29,0.72,0.72,0.5052237
0.17,0.4,0.73,0.27,0.72,0.72,0.5052238
0.18,0.4,0.72,0.29,0.73,0.7,0.5052238
0.17,0.41,0.75,0.29,0.74,0.72,0.5052247
0.17,0.4,0.7,0.29,0.72,0.7,0.5052262
0.16,0.4,0.7,0.3,0.75,0.72,0.5052269
0.16,0.41,0.73,0.29,0.73,0.72,0.5052275
0.18,0.4,0.71,0.3,0.75,0.71,0.505228
0.16,0.4,0.75,0.28,0.72,0.7,0.5052295
0.17,0.42,0.75,0.3,0.72,0.7,0.5052296
0.18,0.41,0.74,0.29,0.73,0.71,0.5052298
0.18,0.41,0.75,0.2,0.76,0.7,0.5052319
0.17,0.41,0.72,0.29,0.72,0.71,0.5052321
0.18,0.4,0.71,0.28,0.73,0.72,0.5052328
0.16,0.4,0.74,0.29,0.74,0.71,0.505233
0.18,0.5,0.71,0.2,0.76,0.7,0.5052333
0.18,0.41,0.73,0.3,0.75,0.72,0.5052335
0.17,0.41,0.71,0.3,0.74,0.72,0.5052368
0.18,0.4,0.75,0.29,0.74,0.7,0.5052369
0.16,0.4,0.73,0.3,0.76,0.72,0.5052378
0.18,0.5,0.74,0.21,0.76,0.7,0.5052379
0.17,0.4,0.73,0.29,0.73,0.7,0.5052381
0.17,0.42,0.74,0.29,0.72,0.72,0.5052382
0.16,0.4,0.74,0.27,0.72,0.72,0.5052384
0.18,0.4,0.74,0.3,0.76,0.71,0.50524
0.16,0.4,0.71,0.29,0.72,0.7,0.505241
0.18,0.41,0.7,0.3,0.73,0.71,0.5052414
0.18,0.4,0.75,0.27,0.72,0.71,0.5052417
0.17,0.4,0.72,0.3,0.75,0.71,0.5052423
0.17,0.41,0.75,0.29,0.73,0.71,0.505244
0.18,0.4,0.74,0.28,0.74,0.72,0.5052445
0.16,0.4,0.7,0.3,0.74,0.71,0.505246
0.16,0.41,0.73,0.29,0.72,0.71,0.5052468
0.18,0.42,0.72,0.3,0.73,0.72,0.5052469
0.17,0.4,0.72,0.28,0.73,0.72,0.5052472
0.18,0.4,0.71,0.3,0.74,0.7,0.5052473
0.17,0.41,0.74,0.3,0.75,0.72,0.5052476
0.18,0.41,0.74,0.29,0.72,0.7,0.5052495
0.17,0.42,0.7,0.3,0.72,0.72,0.5052506
0.16,0.4,0.7,0.28,0.72,0.72,0.505251
0.16,0.41,0.72,0.3,0.74,0.72,0.5052512
0.18,0.4,0.71,0.28,0.72,0.71,0.5052522
0.16,0.4,0.74,0.29,0.73,0.7,0.5052525
0.16,0.42,0.75,0.29,0.72,0.72,0.5052527
0.18,0.41,0.73,0.3,0.74,0.71,0.5052527
0.17,0.4,0.75,0.3,0.76,0.71,0.505254
0.17,0.41,0.71,0.3,0.73,0.71,0.5052559
0.16,0.4,0.73,0.3,0.75,0.71,0.5052566
0.18,0.4,0.7,0.29,0.74,0.72,0.5052566
0.18,0.41,0.73,0.28,0.72,0.72,0.505258
0.18,0.42,0.75,0.3,0.74,0.72,0.5052583
0.17,0.4,0.75,0.28,0.74,0.72,0.5052587
0.18,0.4,0.74,0.3,0.75,0.7,0.5052596
0.18,0.41,0.7,0.3,0.72,0.7,0.5052608
0.17,0.42,0.73,0.3,0.73,0.72,0.5052613
0.17,0.4,0.72,0.3,0.74,0.7,0.5052616
0.16,0.4,0.73,0.28,0.73,0.72,0.5052618
0.16,0.41,0.75,0.3,0.75,0.72,0.5052619
0.17,0.41,0.75,0.29,0.72,0.7,0.5052638
0.18,0.4,0.74,0.28,0.73,0.71,0.5052642
0.16,0.42,0.71,0.3,0.72,0.72,0.5052651
0.16,0.4,0.7,0.3,0.73,0.7,0.5052653
0.18,0.42,0.72,0.3,0.72,0.71,0.5052662
0.17,0.4,0.72,0.28,0.72,0.71,0.5052667
0.17,0.41,0.74,0.3,0.74,0.71,0.5052669
0.18,0.4,0.73,0.29,0.75,0.72,0.5052674
0.18,0.5,0.72,0.2,0.76,0.7,0.5052683
0.16,0.41,0.72,0.3,0.73,0.71,0.5052704
0.17,0.4,0.71,0.29,0.74,0.72,0.505271
0.18,0.43,0.74,0.3,0.72,0.72,0.5052717
0.17,0.41,0.74,0.28,0.72,0.72,0.5052724
0.18,0.41,0.73,0.3,0.73,0.7,0.5052724
0.18,0.5,0.75,0.21,0.76,0.7,0.5052728
0.17,0.4,0.75,0.3,0.75,0.7,0.5052736
0.17,0.41,0.71,0.3,0.72,0.7,0.5052754
0.16,0.42,0.74,0.3,0.73,0.72,0.5052757
0.18,0.4,0.7,0.29,0.73,0.71,0.5052758
0.16,0.4,0.73,0.3,0.74,0.7,0.505276
0.18,0.42,0.75,0.3,0.73,0.71,0.5052778
0.17,0.4,0.75,0.28,0.73,0.71,0.5052785
0.17,0.42,0.73,0.3,0.72,0.71,0.5052807
0.18,0.41,0.72,0.29,0.73,0.72,0.505281
0.16,0.41,0.75,0.3,0.74,0.71,0.5052812
0.16,0.4,0.73,0.28,0.72,0.71,0.5052814
0.17,0.4,0.74,0.29,0.75,0.72,0.5052816
0.18,0.4,0.75,0.21,0.76,0.7,0.5052834
0.18,0.4,0.74,0.28,0.72,0.7,0.5052844
0.17,0.41,0.7,0.29,0.72,0.72,0.505285
0.16,0.4,0.72,0.29,0.74,0.72,0.5052854
0.17,0.43,0.75,0.3,0.72,0.72,0.505286
0.17,0.41,0.74,0.3,0.73,0.7,0.5052866
0.16,0.41,0.75,0.28,0.72,0.72,0.505287
0.18,0.4,0.73,0.29,0.74,0.71,0.5052871
0.16,0.41,0.72,0.3,0.72,0.7,0.50529
0.17,0.4,0.71,0.29,0.73,0.71,0.5052903
0.18,0.4,0.72,0.3,0.76,0.72,0.5052907
0.18,0.41,0.75,0.29,0.74,0.72,0.5052922
0.18,0.4,0.73,0.27,0.72,0.72,0.5052928
0.17,0.4,0.7,0.3,0.75,0.72,0.5052949
0.16,0.42,0.74,0.3,0.72,0.71,0.5052952
0.17,0.41,0.73,0.29,0.73,0.72,0.5052954
0.18,0.4,0.7,0.29,0.72,0.7,0.5052956
0.16,0.4,0.75,0.29,0.75,0.72,0.5052959
0.18,0.42,0.75,0.3,0.72,0.7,0.5052976
0.17,0.4,0.75,0.28,0.72,0.7,0.5052987
0.16,0.41,0.71,0.29,0.72,0.72,0.5052995
0.18,0.41,0.72,0.29,0.72,0.71,0.5053007
0.16,0.41,0.75,0.3,0.73,0.7,0.505301
0.17,0.4,0.74,0.29,0.74,0.71,0.5053012
0.18,0.5,0.73,0.2,0.76,0.7,0.5053031
0.18,0.41,0.71,0.3,0.74,0.72,0.5053043
0.17,0.4,0.73,0.3,0.76,0.72,0.5053048
0.16,0.4,0.72,0.29,0.73,0.71,0.5053049
0.18,0.42,0.74,0.29,0.72,0.72,0.5053059
0.17,0.4,0.74,0.27,0.72,0.72,0.5053071
0.18,0.4,0.73,0.29,0.73,0.7,0.5053071
0.16,0.4,0.71,0.3,0.75,0.72,0.5053093
0.16,0.41,0.74,0.29,0.73,0.72,0.5053099
0.18,0.4,0.72,0.3,0.75,0.71,0.5053101
0.17,0.4,0.71,0.29,0.72,0.7,0.5053102
0.18,0.41,0.75,0.29,0.73,0.71,0.5053121
0.17,0.4,0.7,0.3,0.74,0.71,0.5053143
0.18,0.41,0.74,0.3,0.75,0.72,0.5053147
0.17,0.41,0.73,0.29,0.72,0.71,0.5053151
0.16,0.4,0.75,0.29,0.74,0.71,0.5053156
0.18,0.4,0.72,0.28,0.73,0.72,0.5053156
0.17,0.41,0.72,0.3,0.74,0.72,0.5053186
0.18,0.42,0.7,0.3,0.72,0.72,0.5053187
0.16,0.4,0.74,0.3,0.76,0.72,0.505319
0.17,0.4,0.7,0.28,0.72,0.72,0.50532
0.17,0.42,0.75,0.29,0.72,0.72,0.5053202
0.17,0.4,0.74,0.29,0.73,0.7,0.5053213
0.18,0.4,0.75,0.3,0.76,0.71,0.5053214
0.16,0.4,0.75,0.27,0.72,0.72,0.5053219
0.16,0.41,0.7,0.3,0.73,0.72,0.5053234
0.18,0.41,0.71,0.3,0.73,0.71,0.5053239
0.17,0.4,0.73,0.3,0.75,0.71,0.5053242
0.16,0.4,0.72,0.29,0.72,0.7,0.5053249
0.18,0.4,0.75,0.28,0.74,0.72,0.5053267
0.18,0.42,0.73,0.3,0.73,0.72,0.5053285
0.17,0.41,0.75,0.3,0.75,0.72,0.5053287
0.16,0.4,0.71,0.3,0.74,0.71,0.5053288
0.16,0.41,0.74,0.29,0.72,0.71,0.5053298
0.18,0.4,0.72,0.3,0.74,0.7,0.50533
0.17,0.4,0.73,0.28,0.73,0.72,0.5053301
0.18,0.41,0.75,0.29,0.72,0.7,0.5053325
0.17,0.42,0.71,0.3,0.72,0.72,0.5053329
0.16,0.41,0.73,0.3,0.74,0.72,0.505333
0.17,0.4,0.7,0.3,0.73,0.7,0.5053341
0.18,0.41,0.74,0.3,0.74,0.71,0.5053345
0.16,0.4,0.71,0.28,0.72,0.72,0.5053346
0.16,0.4,0.75,0.29,0.73,0.7,0.5053358
0.18,0.4,0.72,0.28,0.72,0.71,0.5053358
0.18,0.5,0.74,0.2,0.76,0.7,0.505338
0.17,0.41,0.72,0.3,0.73,0.71,0.5053383
0.16,0.4,0.74,0.3,0.75,0.71,0.5053385
0.18,0.4,0.71,0.29,0.74,0.72,0.5053389
0.18,0.41,0.74,0.28,0.72,0.72,0.5053406
0.18,0.4,0.75,0.3,0.75,0.7,0.5053415
0.17,0.42,0.74,0.3,0.73,0.72,0.5053427
0.16,0.41,0.7,0.3,0.72,0.71,0.5053432
0.18,0.41,0.71,0.3,0.72,0.7,0.5053439
0.17,0.4,0.73,0.3,0.74,0.7,0.5053442
0.16,0.4,0.74,0.28,0.73,0.72,0.5053446
0.18,0.4,0.75,0.28,0.73,0.71,0.5053471
0.16,0.42,0.72,0.3,0.72,0.72,0.5053474
0.18,0.42,0.73,0.3,0.72,0.71,0.5053483
0.17,0.41,0.75,0.3,0.74,0.71,0.5053486
0.16,0.4,0.71,0.3,0.73,0.7,0.5053487
0.18,0.4,0.74,0.29,0.75,0.72,0.5053491
0.17,0.4,0.73,0.28,0.72,0.71,0.5053502
0.16,0.41,0.73,0.3,0.73,0.71,0.5053528
0.18,0.43,0.75,0.3,0.72,0.72,0.5053529
0.17,0.4,0.72,0.29,0.74,0.72,0.5053532
0.18,0.41,0.7,0.29,0.72,0.72,0.5053533
0.18,0.41,0.74,0.3,0.73,0.7,0.5053547
0.17,0.41,0.75,0.28,0.72,0.72,0.5053549
0.18,0.4,0.75,0.2,0.76,0.7,0.5053549
0.16,0.42,0.75,0.3,0.73,0.72,0.5053571
0.17,0.41,0.72,0.3,0.72,0.7,0.5053584
0.16,0.4,0.74,0.3,0.74,0.7,0.5053585
0.16,0.4,0.7,0.29,0.73,0.72,0.5053586
0.18,0.4,0.71,0.29,0.73,0.71,0.5053588
0.18,0.4,0.7,0.3,0.75,0.72,0.5053624
0.17,0.42,0.74,0.3,0.72,0.71,0.5053627
0.18,0.41,0.73,0.29,0.73,0.72,0.505363
0.17,0.4,0.75,0.29,0.75,0.72,0.5053631
0.16,0.4,0.74,0.28,0.72,0.71,0.5053649
0.16,0.4,0.73,0.29,0.74,0.72,0.5053676
0.17,0.41,0.71,0.29,0.72,0.72,0.5053677
0.18,0.4,0.75,0.28,0.72,0.7,0.5053679
0.17,0.41,0.75,0.3,0.73,0.7,0.5053689
0.18,0.4,0.74,0.29,0.74,0.71,0.5053693
0.18,0.4,0.73,0.3,0.76,0.72,0.5053717
0.18,0.5,0.75,0.2,0.76,0.7,0.5053727
0.16,0.41,0.73,0.3,0.72,0.7,0.505373
0.17,0.4,0.72,0.29,0.73,0.71,0.5053732
0.18,0.4,0.74,0.27,0.72,0.72,0.5053759
0.17,0.4,0.71,0.3,0.75,0.72,0.5053767
0.16,0.42,0.75,0.3,0.72,0.71,0.5053772
0.17,0.41,0.74,0.29,0.73,0.72,0.5053773
0.16,0.4,0.7,0.29,0.72,0.71,0.5053786
0.18,0.4,0.71,0.29,0.72,0.7,0.5053793
0.16,0.41,0.72,0.29,0.72,0.72,0.5053823
0.18,0.4,0.7,0.3,0.74,0.71,0.5053823
0.18,0.41,0.73,0.29,0.72,0.71,0.5053833
0.17,0.4,0.75,0.29,0.74,0.71,0.5053834
0.17,0.4,0.74,0.3,0.76,0.72,0.5053857
0.18,0.41,0.72,0.3,0.74,0.72,0.5053857
0.18,0.42,0.75,0.29,0.72,0.72,0.5053875
0.16,0.4,0.73,0.29,0.73,0.71,0.5053878
0.18,0.4,0.7,0.28,0.72,0.72,0.5053888
0.18,0.4,0.74,0.29,0.73,0.7,0.5053899
0.17,0.4,0.75,0.27,0.72,0.72,0.5053901
0.16,0.4,0.72,0.3,0.75,0.72,0.505391
0.17,0.41,0.7,0.3,0.73,0.72,0.5053912
0.16,0.41,0.75,0.29,0.73,0.72,0.5053918
0.18,0.4,0.73,0.3,0.75,0.71,0.5053918
0.17,0.4,0.72,0.29,0.72,0.7,0.5053937
0.18,0.41,0.75,0.3,0.75,0.72,0.5053954
0.17,0.4,0.71,0.3,0.74,0.71,0.5053966
0.17,0.41,0.74,0.29,0.72,0.71,0.5053977
0.18,0.4,0.73,0.28,0.73,0.72,0.5053981
0.16,0.4,0.75,0.3,0.76,0.72,0.5053998
0.17,0.41,0.73,0.3,0.74,0.72,0.5053999
0.18,0.42,0.71,0.3,0.72,0.72,0.5054005
0.18,0.4,0.7,0.3,0.73,0.7,0.5054025
0.17,0.4,0.71,0.28,0.72,0.72,0.5054032
0.17,0.4,0.75,0.29,0.73,0.7,0.5054042
0.16,0.41,0.71,0.3,0.73,0.72,0.5054057
0.17,0.4,0.74,0.3,0.75,0.71,0.5054058
0.18,0.41,0.72,0.3,0.73,0.71,0.5054059
0.16,0.4,0.73,0.29,0.72,0.7,0.5054084
0.18,0.42,0.74,0.3,0.73,0.72,0.5054095
0.16,0.4,0.72,0.3,0.74,0.71,0.5054111
0.17,0.41,0.7,0.3,0.72,0.71,0.5054114
0.16,0.41,0.75,0.29,0.72,0.71,0.5054122
0.18,0.4,0.73,0.3,0.74,0.7,0.5054124
0.17,0.4,0.74,0.28,0.73,0.72,0.5054125
0.16,0.41,0.74,0.3,0.74,0.72,0.5054143
0.17,0.42,0.72,0.3,0.72,0.72,0.5054148
0.18,0.41,0.75,0.3,0.74,0.71,0.5054159
0.17,0.4,0.71,0.3,0.73,0.7,0.505417
0.16,0.4,0.72,0.28,0.72,0.72,0.5054179
0.18,0.4,0.73,0.28,0.72,0.71,0.5054189
0.16,0.4,0.75,0.3,0.75,0.71,0.50542
0.17,0.41,0.73,0.3,0.73,0.71,0.5054202
0.18,0.4,0.72,0.29,0.74,0.72,0.5054207
0.18,0.41,0.75,0.28,0.72,0.72,0.5054227
0.17,0.42,0.75,0.3,0.73,0.72,0.5054238
0.16,0.41,0.71,0.3,0.72,0.71,0.5054261
0.17,0.4,0.74,0.3,0.74,0.7,0.5054265
0.17,0.4,0.7,0.29,0.73,0.72,0.5054266
0.18,0.41,0.72,0.3,0.72,0.7,0.5054266
0.16,0.4,0.75,0.28,0.73,0.72,0.505427
0.16,0.42,0.73,0.3,0.72,0.72,0.5054293
0.18,0.42,0.74,0.3,0.72,0.71,0.50543
0.18,0.4,0.75,0.29,0.75,0.72,0.5054303
0.16,0.4,0.72,0.3,0.73,0.7,0.5054315
0.17,0.4,0.74,0.28,0.72,0.71,0.5054332
0.16,0.41,0.74,0.3,0.73,0.71,0.5054347
0.17,0.4,0.73,0.29,0.74,0.72,0.505435
0.18,0.41,0.71,0.29,0.72,0.72,0.5054356
0.18,0.41,0.75,0.3,0.73,0.7,0.5054367
0.16,0.4,0.75,0.3,0.74,0.7,0.5054407
0.17,0.41,0.73,0.3,0.72,0.7,0.5054409
0.16,0.4,0.71,0.29,0.73,0.72,0.5054412
0.18,0.4,0.72,0.29,0.73,0.71,0.5054413
0.18,0.4,0.71,0.3,0.75,0.72,0.5054438
0.17,0.42,0.75,0.3,0.72,0.71,0.5054443
0.18,0.41,0.74,0.29,0.73,0.72,0.5054445
0.17,0.4,0.7,0.29,0.72,0.71,0.5054471
0.16,0.4,0.75,0.28,0.72,0.71,0.5054478
0.16,0.4,0.74,0.29,0.74,0.72,0.5054494
0.17,0.41,0.72,0.29,0.72,0.72,0.5054501
0.18,0.4,0.75,0.29,0.74,0.71,0.5054511
0.18,0.4,0.74,0.3,0.76,0.72,0.5054524
0.16,0.41,0.74,0.3,0.72,0.7,0.5054554
0.17,0.4,0.73,0.29,0.73,0.71,0.5054556
0.17,0.4,0.72,0.3,0.75,0.72,0.505458
0.18,0.4,0.75,0.27,0.72,0.72,0.5054585
0.18,0.41,0.7,0.3,0.73,0.72,0.5054586
0.17,0.41,0.75,0.29,0.73,0.72,0.5054588
0.16,0.4,0.71,0.29,0.72,0.71,0.5054618
0.18,0.4,0.72,0.29,0.72,0.7,0.5054624
0.18,0.4,0.71,0.3,0.74,0.71,0.5054642
0.16,0.4,0.7,0.3,0.74,0.72,0.5054646
0.16,0.41,0.73,0.29,0.72,0.72,0.5054646
0.18,0.41,0.74,0.29,0.72,0.71,0.5054655
0.17,0.4,0.75,0.3,0.76,0.72,0.5054663
0.18,0.41,0.73,0.3,0.74,0.72,0.5054667
0.16,0.4,0.74,0.29,0.73,0.71,0.5054702
0.18,0.4,0.71,0.28,0.72,0.72,0.5054716
0.16,0.4,0.73,0.3,0.75,0.72,0.5054723
0.18,0.4,0.75,0.29,0.73,0.7,0.5054724
0.17,0.41,0.71,0.3,0.73,0.72,0.505473
0.18,0.4,0.74,0.3,0.75,0.71,0.5054731
0.17,0.4,0.73,0.29,0.72,0.7,0.5054768
0.17,0.4,0.72,0.3,0.74,0.71,0.5054785
0.18,0.41,0.7,0.3,0.72,0.71,0.5054793
0.17,0.41,0.75,0.29,0.72,0.71,0.5054797
0.18,0.4,0.74,0.28,0.73,0.72,0.5054802
0.17,0.41,0.74,0.3,0.74,0.72,0.5054809
0.18,0.42,0.72,0.3,0.72,0.72,0.5054818
0.18,0.4,0.71,0.3,0.73,0.7,0.5054851
0.16,0.4,0.7,0.3,0.73,0.71,0.5054852
0.17,0.4,0.72,0.28,0.72,0.72,0.505486
0.17,0.4,0.75,0.3,0.75,0.71,0.505487
0.16,0.41,0.72,0.3,0.73,0.72,0.5054874
0.18,0.41,0.73,0.3,0.73,0.71,0.5054876
0.18,0.42,0.75,0.3,0.73,0.72,0.5054902
0.16,0.4,0.74,0.29,0.72,0.7,0.5054913
0.16,0.4,0.73,0.3,0.74,0.71,0.5054929
0.17,0.41,0.71,0.3,0.72,0.71,0.5054938
0.18,0.4,0.74,0.3,0.74,0.7,0.5054942
0.17,0.4,0.75,0.28,0.73,0.72,0.5054944
0.18,0.4,0.7,0.29,0.73,0.72,0.5054944
0.16,0.41,0.75,0.3,0.74,0.72,0.5054953
0.17,0.42,0.73,0.3,0.72,0.72,0.5054962
0.17,0.4,0.72,0.3,0.73,0.7,0.5054994
0.16,0.4,0.73,0.28,0.72,0.72,0.5055006
0.18,0.4,0.74,0.28,0.72,0.71,0.5055016
0.17,0.41,0.74,0.3,0.73,0.71,0.5055017
0.18,0.4,0.73,0.29,0.74,0.72,0.5055022
0.16,0.4,0.7,0.3,0.72,0.7,0.5055062
0.17,0.4,0.75,0.3,0.74,0.7,0.5055082
0.16,0.41,0.72,0.3,0.72,0.71,0.5055084
0.17,0.4,0.71,0.29,0.73,0.72,0.5055088
0.18,0.41,0.73,0.3,0.72,0.7,0.5055088
0.16,0.42,0.74,0.3,0.72,0.72,0.5055106
0.18,0.42,0.75,0.3,0.72,0.71,0.5055112
0.16,0.4,0.73,0.3,0.73,0.7,0.5055139
0.18,0.4,0.7,0.29,0.72,0.71,0.5055154
0.17,0.4,0.75,0.28,0.72,0.71,0.5055158
0.16,0.41,0.75,0.3,0.73,0.71,0.5055162
0.17,0.4,0.74,0.29,0.74,0.72,0.5055164
0.18,0.41,0.72,0.29,0.72,0.72,0.5055175
0.17,0.41,0.74,0.3,0.72,0.7,0.5055231
0.16,0.4,0.72,0.29,0.73,0.72,0.5055232
0.18,0.4,0.73,0.29,0.73,0.71,0.5055234
0.18,0.4,0.72,0.3,0.75,0.72,0.5055246
0.18,0.41,0.75,0.29,0.73,0.72,0.5055257
0.17,0.4,0.71,0.29,0.72,0.71,0.5055299
0.16,0.4,0.75,0.29,0.74,0.72,0.5055308
0.17,0.4,0.7,0.3,0.74,0.72,0.5055318
0.17,0.41,0.73,0.29,0.72,0.72,0.5055319
0.18,0.4,0.75,0.3,0.76,0.72,0.5055326
0.16,0.41,0.75,0.3,0.72,0.7,0.5055375
0.17,0.4,0.74,0.29,0.73,0.71,0.5055377
0.17,0.4,0.73,0.3,0.75,0.72,0.5055388
0.18,0.41,0.71,0.3,0.73,0.72,0.5055399
0.16,0.4,0.72,0.29,0.72,0.71,0.5055445
0.18,0.4,0.73,0.29,0.72,0.7,0.5055451
0.18,0.4,0.72,0.3,0.74,0.71,0.5055457
0.16,0.4,0.71,0.3,0.74,0.72,0.5055463
0.16,0.41,0.74,0.29,0.72,0.72,0.5055465
0.18,0.41,0.75,0.29,0.72,0.71,0.5055472
0.18,0.41,0.74,0.3,0.74,0.72,0.5055474
0.16,0.4,0.75,0.29,0.73,0.71,0.5055521
0.17,0.4,0.7,0.3,0.73,0.71,0.5055529
0.16,0.4,0.74,0.3,0.75,0.72,0.505553
0.18,0.4,0.72,0.28,0.72,0.72,0.5055538
0.18,0.4,0.75,0.3,0.75,0.71,0.5055539
0.17,0.41,0.72,0.3,0.73,0.72,0.5055542
0.17,0.4,0.74,0.29,0.72,0.7,0.5055594
0.17,0.4,0.73,0.3,0.74,0.71,0.5055599
0.18,0.41,0.71,0.3,0.72,0.71,0.5055612
0.17,0.41,0.75,0.3,0.74,0.72,0.5055614
0.18,0.4,0.75,0.28,0.73,0.72,0.5055619
0.16,0.41,0.7,0.3,0.72,0.72,0.5055622
0.18,0.42,0.73,0.3,0.72,0.72,0.5055628
0.18,0.4,0.72,0.3,0.73,0.7,0.5055673
0.16,0.4,0.71,0.3,0.73,0.71,0.5055674
0.17,0.4,0.73,0.28,0.72,0.72,0.5055683
0.16,0.41,0.73,0.3,0.73,0.72,0.5055687
0.18,0.41,0.74,0.3,0.73,0.71,0.5055687
0.16,0.4,0.75,0.29,0.72,0.7,0.5055739
0.16,0.4,0.74,0.3,0.74,0.71,0.5055742
0.17,0.4,0.7,0.3,0.72,0.7,0.5055744
0.17,0.41,0.72,0.3,0.72,0.71,0.5055756
0.18,0.4,0.75,0.3,0.74,0.7,0.5055757
0.18,0.4,0.71,0.29,0.73,0.72,0.5055761
0.17,0.42,0.74,0.3,0.72,0.72,0.5055771
0.17,0.4,0.73,0.3,0.73,0.7,0.5055815
0.16,0.4,0.74,0.28,0.72,0.72,0.5055829
0.17,0.41,0.75,0.3,0.73,0.71,0.5055829
0.18,0.4,0.74,0.29,0.74,0.72,0.5055833
0.18,0.4,0.75,0.28,0.72,0.71,0.5055838
0.16,0.4,0.71,0.3,0.72,0.7,0.5055891
0.16,0.41,0.73,0.3,0.72,0.71,0.5055901
0.17,0.4,0.72,0.29,0.73,0.72,0.5055905
0.18,0.41,0.74,0.3,0.72,0.7,0.5055905
0.16,0.42,0.75,0.3,0.72,0.72,0.5055916
0.16,0.4,0.74,0.3,0.73,0.7,0.5055958
0.17,0.4,0.75,0.29,0.74,0.72,0.5055974
0.18,0.4,0.71,0.29,0.72,0.71,0.5055978
0.18,0.4,0.7,0.3,0.74,0.72,0.5055988
0.16,0.4,0.7,0.29,0.72,0.72,0.5055989
0.18,0.41,0.73,0.29,0.72,0.72,0.505599
0.17,0.41,0.75,0.3,0.72,0.7,0.5056048
0.16,0.4,0.73,0.29,0.73,0.72,0.505605
0.18,0.4,0.73,0.3,0.75,0.72,0.5056051
0.18,0.4,0.74,0.29,0.73,0.71,0.5056051
0.17,0.4,0.72,0.29,0.72,0.71,0.5056122
0.17,0.4,0.71,0.3,0.74,0.72,0.5056131
0.17,0.41,0.74,0.29,0.72,0.72,0.5056133
0.17,0.4,0.74,0.3,0.75,0.72,0.5056191
0.17,0.4,0.75,0.29,0.73,0.71,0.5056193
0.18,0.4,0.7,0.3,0.73,0.71,0.5056203
0.18,0.41,0.72,0.3,0.73,0.72,0.5056208
0.16,0.4,0.73,0.29,0.72,0.71,0.5056268
0.18,0.4,0.73,0.3,0.74,0.71,0.5056268
0.16,0.4,0.72,0.3,0.74,0.72,0.5056274
0.18,0.4,0.74,0.29,0.72,0.7,0.5056274
0.18,0.41,0.75,0.3,0.74,0.72,0.5056275
0.16,0.41,0.75,0.29,0.72,0.72,0.5056278
0.17,0.41,0.7,0.3,0.72,0.72,0.5056294
0.16,0.4,0.75,0.3,0.75,0.72,0.5056333
0.17,0.4,0.71,0.3,0.73,0.71,0.5056347
0.17,0.41,0.73,0.3,0.73,0.72,0.5056351
0.18,0.4,0.73,0.28,0.72,0.72,0.5056358
0.17,0.4,0.74,0.3,0.74,0.71,0.5056409
0.17,0.4,0.75,0.29,0.72,0.7,0.5056416
0.18,0.4,0.7,0.3,0.72,0.7,0.5056423
0.18,0.41,0.72,0.3,0.72,0.71,0.5056427
0.18,0.42,0.74,0.3,0.72,0.72,0.5056433
0.16,0.41,0.71,0.3,0.72,0.72,0.5056438
0.18,0.4,0.73,0.3,0.73,0.7,0.5056489
0.16,0.4,0.72,0.3,0.73,0.71,0.5056492
0.16,0.41,0.74,0.3,0.73,0.72,0.5056495
0.18,0.41,0.75,0.3,0.73,0.71,0.5056495
0.17,0.4,0.74,0.28,0.72,0.72,0.5056501
0.16,0.4,0.75,0.3,0.74,0.71,0.5056551
0.17,0.4,0.71,0.3,0.72,0.7,0.5056567
0.17,0.41,0.73,0.3,0.72,0.71,0.505657
0.18,0.4,0.72,0.29,0.73,0.72,0.5056574
0.17,0.42,0.75,0.3,0.72,0.72,0.5056576
0.17,0.4,0.74,0.3,0.73,0.7,0.5056631
0.18,0.4,0.75,0.29,0.74,0.72,0.505664
0.16,0.4,0.75,0.28,0.72,0.72,0.5056646
0.17,0.4,0.7,0.29,0.72,0.72,0.5056664
0.16,0.4,0.72,0.3,0.72,0.7,0.5056713
0.16,0.41,0.74,0.3,0.72,0.71,0.5056715
0.17,0.4,0.73,0.29,0.73,0.72,0.5056718
0.18,0.41,0.75,0.3,0.72,0.7,0.5056719
0.16,0.4,0.75,0.3,0.73,0.7,0.5056774
0.18,0.4,0.71,0.3,0.74,0.72,0.5056796
0.18,0.4,0.72,0.29,0.72,0.71,0.5056797
0.18,0.41,0.74,0.29,0.72,0.72,0.50568
0.16,0.4,0.71,0.29,0.72,0.72,0.5056809
0.18,0.4,0.74,0.3,0.75,0.72,0.5056852
0.16,0.4,0.74,0.29,0.73,0.72,0.5056862
0.18,0.4,0.75,0.29,0.73,0.71,0.5056864
0.17,0.4,0.72,0.3,0.74,0.72,0.5056938
0.17,0.4,0.73,0.29,0.72,0.71,0.5056941
0.17,0.41,0.75,0.29,0.72,0.72,0.5056942
0.18,0.41,0.7,0.3,0.72,0.72,0.5056962
0.17,0.4,0.75,0.3,0.75,0.72,0.5056992
0.18,0.41,0.73,0.3,0.73,0.72,0.5057013
0.18,0.4,0.71,0.3,0.73,0.71,0.5057017
0.16,0.4,0.7,0.3,0.73,0.72,0.5057035
0.18,0.4,0.74,0.3,0.74,0.71,0.5057074
0.16,0.4,0.73,0.3,0.74,0.72,0.5057081
0.16,0.4,0.74,0.29,0.72,0.71,0.5057086
0.18,0.4,0.75,0.29,0.72,0.7,0.5057093
0.17,0.41,0.71,0.3,0.72,0.72,0.5057105
0.17,0.41,0.74,0.3,0.73,0.72,0.5057155
0.17,0.4,0.72,0.3,0.73,0.71,0.505716
0.18,0.4,0.74,0.28,0.72,0.72,0.5057173
0.17,0.4,0.75,0.3,0.74,0.71,0.5057214
0.18,0.42,0.75,0.3,0.72,0.72,0.5057234
0.18,0.41,0.73,0.3,0.72,0.71,0.5057237
0.18,0.4,0.71,0.3,0.72,0.7,0.5057243
0.16,0.41,0.72,0.3,0.72,0.72,0.5057249
0.16,0.4,0.7,0.3,0.72,0.71,0.5057258
0.16,0.41,0.75,0.3,0.73,0.72,0.5057299
0.18,0.4,0.74,0.3,0.73,0.7,0.5057301
0.16,0.4,0.73,0.3,0.73,0.71,0.5057304
0.17,0.4,0.75,0.28,0.72,0.72,0.5057315
0.18,0.4,0.7,0.29,0.72,0.72,0.5057336
0.17,0.41,0.74,0.3,0.72,0.71,0.505738
0.18,0.4,0.73,0.29,0.73,0.72,0.5057384
0.17,0.4,0.72,0.3,0.72,0.7,0.5057386
0.17,0.4,0.75,0.3,0.73,0.7,0.5057443
0.17,0.4,0.71,0.29,0.72,0.72,0.505748
0.16,0.41,0.75,0.3,0.72,0.71,0.5057524
0.17,0.4,0.74,0.29,0.73,0.72,0.5057526
0.16,0.4,0.73,0.3,0.72,0.7,0.5057531
0.18,0.4,0.72,0.3,0.74,0.72,0.5057599
0.18,0.41,0.75,0.29,0.72,0.72,0.5057606
0.18,0.4,0.73,0.29,0.72,0.71,0.5057613
0.16,0.4,0.72,0.29,0.72,0.72,0.5057625
0.18,0.4,0.75,0.3,0.75,0.72,0.5057648
0.16,0.4,0.75,0.29,0.73,0.72,0.505767
0.17,0.4,0.7,0.3,0.73,0.72,0.5057702
0.17,0.4,0.73,0.3,0.74,0.72,0.5057741
0.17,0.4,0.74,0.29,0.72,0.71,0.5057756
0.18,0.41,0.71,0.3,0.72,0.72,0.505777
0.18,0.41,0.74,0.3,0.73,0.72,0.5057813
0.18,0.4,0.72,0.3,0.73,0.71,0.5057826
0.16,0.4,0.71,0.3,0.73,0.72,0.5057845
0.18,0.4,0.75,0.3,0.74,0.71,0.5057877
0.16,0.4,0.74,0.3,0.74,0.72,0.5057884
0.16,0.4,0.75,0.29,0.72,0.71,0.50579
0.17,0.41,0.72,0.3,0.72,0.72,0.5057912
0.17,0.4,0.7,0.3,0.72,0.71,0.5057929
0.17,0.41,0.75,0.3,0.73,0.72,0.5057954
0.17,0.4,0.73,0.3,0.73,0.71,0.5057968
0.18,0.4,0.75,0.28,0.72,0.72,0.5057984
0.18,0.41,0.74,0.3,0.72,0.71,0.5058043
0.16,0.41,0.73,0.3,0.72,0.72,0.5058056
0.18,0.4,0.72,0.3,0.72,0.7,0.5058058
0.16,0.4,0.71,0.3,0.72,0.71,0.5058074
0.18,0.4,0.75,0.3,0.73,0.7,0.5058111
0.16,0.4,0.74,0.3,0.73,0.71,0.5058112
0.18,0.4,0.71,0.29,0.72,0.72,0.5058148
0.17,0.41,0.75,0.3,0.72,0.71,0.5058185
0.18,0.4,0.74,0.29,0.73,0.72,0.5058189
0.17,0.4,0.73,0.3,0.72,0.7,0.5058201
0.17,0.4,0.72,0.29,0.72,0.72,0.5058292
0.17,0.4,0.75,0.29,0.73,0.72,0.5058331
0.16,0.4,0.74,0.3,0.72,0.7,0.5058345
0.18,0.4,0.7,0.3,0.73,0.72,0.5058365
0.18,0.4,0.73,0.3,0.74,0.72,0.5058398
0.18,0.4,0.74,0.29,0.72,0.71,0.5058424
0.16,0.4,0.73,0.29,0.72,0.72,0.5058436
0.17,0.4,0.71,0.3,0.73,0.72,0.5058508
0.17,0.4,0.74,0.3,0.74,0.72,0.5058539
0.17,0.4,0.75,0.29,0.72,0.71,0.5058566
0.18,0.41,0.72,0.3,0.72,0.72,0.5058572
0.18,0.4,0.7,0.3,0.72,0.71,0.5058598
0.18,0.41,0.75,0.3,0.73,0.72,0.505861
0.18,0.4,0.73,0.3,0.73,0.71,0.5058631
0.16,0.4,0.72,0.3,0.73,0.72,0.5058652
0.16,0.4,0.75,0.3,0.74,0.72,0.5058681
0.17,0.41,0.73,0.3,0.72,0.72,0.5058715
0.17,0.4,0.71,0.3,0.72,0.71,0.5058741
0.17,0.4,0.74,0.3,0.73,0.71,0.5058773
0.18,0.41,0.75,0.3,0.72,0.71,0.5058845
0.16,0.41,0.74,0.3,0.72,0.72,0.5058859
0.18,0.4,0.73,0.3,0.72,0.7,0.5058868
0.16,0.4,0.72,0.3,0.72,0.71,0.5058886
0.16,0.4,0.75,0.3,0.73,0.71,0.5058916
0.18,0.4,0.72,0.29,0.72,0.72,0.5058955
0.18,0.4,0.75,0.29,0.73,0.72,0.5058991
0.17,0.4,0.74,0.3,0.72,0.7,0.5059011
0.17,0.4,0.73,0.29,0.72,0.72,0.5059099
0.16,0.4,0.75,0.3,0.72,0.7,0.5059155
0.18,0.4,0.71,0.3,0.73,0.72,0.5059167
0.18,0.4,0.74,0.3,0.74,0.72,0.5059193
0.18,0.4,0.75,0.29,0.72,0.71,0.5059231
0.16,0.4,0.74,0.29,0.72,0.72,0.5059243
0.17,0.4,0.72,0.3,0.73,0.72,0.505931
0.17,0.4,0.75,0.3,0.74,0.72,0.5059334
0.18,0.41,0.73,0.3,0.72,0.72,0.5059371
0.18,0.4,0.71,0.3,0.72,0.71,0.5059405
0.18,0.4,0.74,0.3,0.73,0.71,0.5059432
0.16,0.4,0.7,0.3,0.72,0.72,0.5059437
0.16,0.4,0.73,0.3,0.73,0.72,0.5059453
0.17,0.41,0.74,0.3,0.72,0.72,0.5059514
0.17,0.4,0.72,0.3,0.72,0.71,0.5059549
0.17,0.4,0.75,0.3,0.73,0.71,0.5059573
0.16,0.41,0.75,0.3,0.72,0.72,0.5059657
0.18,0.4,0.74,0.3,0.72,0.7,0.5059675
0.16,0.4,0.73,0.3,0.72,0.71,0.5059693
0.18,0.4,0.73,0.29,0.72,0.72,0.5059759
0.17,0.4,0.75,0.3,0.72,0.7,0.5059817
0.17,0.4,0.74,0.29,0.72,0.72,0.5059901
0.18,0.4,0.72,0.3,0.73,0.72,0.5059965
0.18,0.4,0.75,0.3,0.74,0.72,0.5059985
0.16,0.4,0.75,0.29,0.72,0.72,0.5060045
0.17,0.4,0.7,0.3,0.72,0.72,0.5060099
0.17,0.4,0.73,0.3,0.73,0.72,0.5060107
0.18,0.41,0.74,0.3,0.72,0.72,0.5060167
0.18,0.4,0.72,0.3,0.72,0.71,0.5060209
0.18,0.4,0.75,0.3,0.73,0.71,0.5060229
0.16,0.4,0.71,0.3,0.72,0.72,0.5060242
0.16,0.4,0.74,0.3,0.73,0.72,0.506025
0.17,0.41,0.75,0.3,0.72,0.72,0.5060307
0.17,0.4,0.73,0.3,0.72,0.71,0.5060352
0.18,0.4,0.75,0.3,0.72,0.7,0.5060479
0.16,0.4,0.74,0.3,0.72,0.71,0.5060495
0.18,0.4,0.74,0.29,0.72,0.72,0.5060559
0.17,0.4,0.75,0.29,0.72,0.72,0.50607
0.18,0.4,0.7,0.3,0.72,0.72,0.5060757
0.18,0.4,0.73,0.3,0.73,0.72,0.5060758
0.17,0.4,0.71,0.3,0.72,0.72,0.5060899
0.17,0.4,0.74,0.3,0.73,0.72,0.50609
0.18,0.41,0.75,0.3,0.72,0.72,0.5060957
0.18,0.4,0.73,0.3,0.72,0.71,0.5061009
0.16,0.4,0.72,0.3,0.72,0.72,0.5061042
0.16,0.4,0.75,0.3,0.73,0.72,0.5061043
0.17,0.4,0.74,0.3,0.72,0.71,0.506115
0.16,0.4,0.75,0.3,0.72,0.71,0.5061293
0.18,0.4,0.75,0.29,0.72,0.72,0.5061355
0.18,0.4,0.74,0.3,0.73,0.72,0.5061548
0.18,0.4,0.71,0.3,0.72,0.72,0.5061553
0.17,0.4,0.75,0.3,0.73,0.72,0.5061689
0.17,0.4,0.72,0.3,0.72,0.72,0.5061695
0.18,0.4,0.74,0.3,0.72,0.71,0.5061804
0.16,0.4,0.73,0.3,0.72,0.72,0.5061838
0.17,0.4,0.75,0.3,0.72,0.71,0.5061945
0.18,0.4,0.75,0.3,0.73,0.72,0.5062334
0.18,0.4,0.72,0.3,0.72,0.72,0.5062344
0.17,0.4,0.73,0.3,0.72,0.72,0.5062486
0.18,0.4,0.75,0.3,0.72,0.71,0.5062596
0.16,0.4,0.74,0.3,0.72,0.72,0.5062629
0.18,0.4,0.73,0.3,0.72,0.72,0.5063133
0.17,0.4,0.74,0.3,0.72,0.72,0.5063274
0.16,0.4,0.75,0.3,0.72,0.72,0.5063416
0.18,0.4,0.74,0.3,0.72,0.72,0.5063917
0.17,0.4,0.75,0.3,0.72,0.72,0.5064056
0.18,0.4,0.75,0.3,0.72,0.72,0.5064697
